10
10000
10369
1040
10654
10955
110
1101
1118
1128
116763
11882
1189
1222
12739
1298
1303
13314
1338
135
145
148
14916
15
1547
158
159
16286
163
1658
170
1726
173
17392
179
18405
18466
1911
194
19466
2
20
20494
2076
21344
21885
221
22241
22805
23255
24
25
25315
260
2782
283
28804
29185
293
298
29841
3
302
3025
31
3110
31811
32418
3330
34052
3438
3460
3489
3561
375
3811
3815
3827
396
4
40134
410
4203
43176
434
45637
480
490
4945
5
5026
507
53546
5651
569
58892
5931
606
6124
618
63
6355
668
6769
69559
7220
729
7468
752
7605
7744
778
780
808
845
847
87
8737
883
8905
895
909
93
945
96