303770
303774
303776
303777
303778
303779
303782
303783
303784
303785
303786
303788
303789
303790
303791
303792
303793
303798
303801
303803
303804
303805
303806
303807
303808
303810
303811
303812
303813
303815
303816
303817
303818
303819
303821
303823
303824
303825
303826
303827
303828
303829
303830
303831
303832
303833
303834
303837
303838
303839
303840
303841
303842
303844
303845
303848
303850
303851
303852
303853
303854
303855
303857
303858
303859
303860
303861
303862
303865
303866
303869
303871
303872
303874
303877
303878
303879
303880
303881
303882
303883
303884
303885
303886
303887
303891
303892
303893
303894
303896
303900
303901
303902
303903
303904
303905
303906
303907
303908
303910
303911
303912
303913
303914
303915
303916
303917
303919
303920
303921
303922
303923
303924
303925
303926
303928
303929
303930
303932
303934
303935
303937
303938
303939
303940
303941
303943
303944
303945
303946
303947
303948
303949
303950
303951
303952
303953
303954
303955
303956
303957
303958
303960
303961
303962
303963
303964
303965
303966
303967
303968
303969
303970
303971
303972
303974
303976
303977
303978
303979
303980
303981
303982
303983
303984
303986
303987
303988
303989
303990
303991
303992
303993
303996
303997
303998
304000
304001
304003
304004
304005
304006
304007
304008
304009
304011
304012
304013
304014
304015
304019
304020
304022
304023
304024
304026
304027
304028
304030
304031
304032
304034
304035
304036
304037
304038
304039
304040
304041
304042
304043
304044
304045
304046
304048
304049
304050
304051
304052
304053
304054
304055
304057
304058
304059
304061
304063
304064
304066
304067
304068
304069
304070
304072
304073
304074
304075
304076
304077
304079
304080
304081
304082
304084
304087
304089
304090
304091
304092
304094
304095
304098
304100
304101
304102
304103
304105
304106
304107
304108
304109
304110
304112
304115
304116
304117
304118
304119
304121
304123
304124
304126
304127
304128
304129
304131
304132
304133
304134
304135
304136
304137
304138
304139
304141
304142
304143
304144
304145
304146
304147
304149
304151
304152
304156
304157
304159
304161
304162
304163
304164
304165
304167
304169
304170
304171
304172
304174
304175
304176
304177
304179
304180
304181
304182
304183
304184
304185
304186
304187
304188
304189
304190
304191
304193
304194
304195
304197
304198
304199
304200
304201
304203
304204
304207
304208
304209
304211
304212
304213
304215
304217
304219
304220
304221
304222
304223
304227
304228
304229
304232
304233
304234
304235
304236
304237
304239
304241
304242
304244
304245
304246
304247
304249
304250
304251
304253
304255
304257
304259
304260
304262
304263
304265
304266
304268
304270
304271
304273
304274
304275
304279
304282
304283
304284
304285
304287
304289
304290
304291
304294
304295
304296
304297
304300
304301
304302
304305
304307
304310
304311
304312
304314
304315
304317
304320
304321
304323
304324
304325
304326
304327
304328
304329
304333
304334
304335
304336
304337
304339
304340
304344
304345
304348
304349
304350
304352
304353
304356
304357
304358
304359
304360
304361
304363
304364
304366
304367
304368
304369
304371
304373
304374
304375
304376
304377
304378
304379
304380
304381
304383
304384
304386
304390
304391
304394
304395
304400
304402
304403
304404
304405
304406
304411
304412
304413
304414
304415
304416
304418
304419
304421
304423
304424
304425
304427
304429
304430
304431
304432
304433
304434
304435
304436
304437
304438
304439
304440
304441
304442
304443
304444
304445
304446
304448
304450
304451
304453
304456
304457
304460
304463
304465
304466
304467
304469
304470
304471
304472
304473
304474
304477
304478
304479
304480
304481
304482
304483
304484
304485
304486
304487
304488
304490
304492
304496
304497
304498
304501
304502
304504
304505
304506
304507
304509
304510
304511
304512
304515
304517
304518
304519
304522
304523
304524
304525
304526
304527
304529
304530
304531
304533
304535
304536
304537
304538
304540
304541
304543
304544
304545
304547
304549
304550
304551
304552
304553
304554
304555
304558
304560
304561
304562
304563
304564
304565
304566
304568
304569
304572
304574
304575
304576
304578
304579
304581
304583
304584
304585
304586
304587
304588
304589
304590
304591
304592
304593
304596
304597
304598
304599
304600
304601
304603
304604
304605
304606
304607
304609
304611
304613
304614
304615
304617
304619
304622
304623
304624
304625
304629
304630
304631
304632
304633
304634
304635
304636
304637
304638
304639
304641
304642
304643
304644
304645
304647
304648
304649
304650
304651
304652
304653
304655
304656
304658
304659
304660
304661
304662
304663
304664
304665
304666
304667
304668
304669
304670
304672
304674
304675
304676
304678
304679
304680
304681
304682
304684
304685
304687
304688
304691
304692
304693
304694
304695
304696
304699
304700
304701
304702
304703
304704
304706
304707
304708
304709
304710
304711
304713
304716
304718
304719
304721
304722
304723
304724
304725
304726
304729
304730
304732
304733
304734
304735
304736
304737
304738
304739
304740
304741
304742
304744
304745
304746
304748
304751
304752
304753
304756
304758
304759
304760
304763
304764
304765
304766
304767
304768
304771
304775
304776
304777
304778
304779
304780
304781
304782
304783
304784
304785
304786
304787
304788
304791
304792
304793
304795
304796
304797
304798
304799
304800
304802
304804
304805
304807
304808
304809
304811
304812
304813
304814
304815
304816
304817
304818
304819
304820
304822
304823
304824
304825
304828
304832
304833
304835
304836
304837
304838
304839
304840
304846
304847
304848
304849
304850
304851
304853
304855
304857
304860
304861
304862
304864
304866
304867
304868
304870
304872
304873
304874
304875
304876
304877
304879
304880
304883
304884
304886
304887
304888
304891
304892
304893
304894
304897
304898
304899
304900
304902
304903
304904
304905
304906
304907
304909
304912
304913
304915
304917
304918
304919
304921
304922
304923
304926
304927
304928
304929
304930
304931
304932
304933
304935
304937
304938
304939
304941
304945
304947
304948
304950
304951
304952
304955
304956
304957
304959
304960
304961
304962
304963
304965
304966
304968
304969
304970
304971
304972
304973
304974
304975
304976
304977
304978
304979
304980
304981
304982
304984
304985
304986
304987
304988
304989
304990
304992
304994
304995
304996
304997
304998
304999
305000
305001
305002
305003
305004
305005
305006
305007
305008
305009
305010
305011
305012
305013
305014
305016
305017
305018
305019
305020
305021
305022
305023
305024
305025
305026
305027
305029
305030
305032
305033
305035
305036
305037
305038
305039
305040
305041
305042
305043
305044
305047
305048
305050
305051
305052
305053
305054
305055
305056
305057
305058
305059
305060
305061
305063
305064
305065
305066
305067
305068
305069
305071
305072
305073
305075
305076
305080
305081
305082
305083
305084
305085
305086
305087
305088
305089
305091
305093
305094
305097
305098
305099
305100
305101
305102
305103
305104
305105
305106
305107
305108
305109
305110
305112
305113
305114
305115
305116
305117
305118
305119
305120
305121
305122
305124
305126
305127
305128
305129
305130
305131
305133
305134
305135
305136
305137
305138
305139
305141
305143
305144
305147
305148
305149
305150
305151
305152
305153
305154
305155
305156
305157
305158
305159
305160
305161
305162
305164
305167
305168
305169
305171
305172
305173
305174
305175
305176
305177
305178
305180
305182
305183
305184
305186
305188
305190
305191
305192
305193
305194
305195
305197
305198
305199
305200
305201
305202
305204
305205
305206
305208
305209
305210
305211
305212
305213
305214
305215
305216
305217
305218
305220
305221
305222
305223
305224
305225
305226
305227
305229
305230
305231
305232
305233
305234
305235
305236
305239
305241
305242
305243
305244
305245
305246
305247
305248
305250
305251
305252
305253
305255
305256
305258
305259
305262
305263
305264
305265
305266
305267
305268
305269
305270
305271
305272
305273
305274
305275
305276
305277
305279
305281
305284
305285
305286
305287
305288
305289
305290
305291
305292
305294
305295
305296
305297
305299
305305
305306
305307
305308
305309
305311
305312
305313
305314
305315
305316
305317
305318
305319
305322
305323
305325
305326
305327
305329
305331
305333
305334
305335
305336
305337
305338
305339
305340
305341
305342
305344
305345
305346
305350
305351
305353
305356
305357
305358
305359
305360
305361
305363
305364
305365
305366
305367
305368
305369
305370
305371
305372
305373
305374
305376
305377
305378
305379
305380
305382
305384
305386
305387
305391
305392
305393
305394
305395
305398
305400
305402
305403
305404
305405
305406
305407
305408
305409
305410
305411
305413
305414
305416
305417
305418
305419
305421
305422
305424
305425
305426
305427
305428
305429
305430
305432
305433
305434
305436
305437
305438
305439
305440
305442
305445
305446
305447
305449
305450
305451
305453
305454
305456
305457
305459
305460
305461
305462
305463
305464
305465
305467
305469
305471
305472
305474
305476
305478
305479
305480
305481
305483
305485
305486
305487
305488
305490
305491
305492
305493
305495
305496
305497
305498
305499
305501
305502
305503
305504
305505
305506
305507
305508
305510
305512
305513
305514
305515
305516
305517
305518
305519
305520
305522
305523
305524
305525
305526
305527
305529
305530
305531
305532
305533
305536
305537
305538
305539
305541
305542
305545
305546
305547
305548
305549
305550
305551
305552
305553
305555
305556
305557
305558
305559
305560
305561
305562
305563
305564
305565
305566
305567
305568
305570
305573
305575
305577
305578
305579
305581
305582
305583
305588
305589
305590
305591
305592
305593
305594
305595
305597
305600
305601
305602
305604
305605
305606
305607
305608
305609
305610
305611
305612
305613
305614
305616
305617
305618
305619
305620
305623
305625
305626
305627
305628
305630
305631
305632
305633
305634
305641
305644
305645
305646
305647
305648
305649
305651
305653
305658
305660
305661
305662
305663
305664
305665
305667
305671
305673
305674
305675
305676
305677
305678
305680
305682
305683
305684
305685
305686
305687
305688
305689
305690
305691
305694
305695
305696
305698
305699
305700
305702
305703
305704
305705
305706
305708
305709
305710
305711
305712
305714
305717
305718
305719
305720
305721
305722
305724
305726
305727
305728
305729
305731
305733
305734
305735
305736
305739
305740
305741
305743
305744
305747
305748
305749
305750
305751
305752
305753
305754
305756
305758
305761
305762
305763
305764
305765
305766
305767
305769
305770
305773
305774
305775
305776
305777
305779
305780
305781
305783
305784
305785
305786
305787
305788
305790
305791
305792
305793
305794
305795
305797
305798
305799
305800
305801
305802
305803
305805
305806
305809
305810
305812
305813
305814
305815
305817
305819
305823
305826
305828
305830
305834
305835
305836
305839
305840
305842
305843
305844
305847
305849
305850
305852
305853
305855
305858
305863
305865
305866
305867
305868
305869
305870
305871
305872
305873
305874
305879
305881
305882
305883
305884
305885
305886
305890
305891
305892
305894
305895
305896
305897
305898
305899
305900
305901
305904
305908
305909
305910
305911
305912
305914
305915
305919
305920
305921
305923
305927
305928
305931
305932
305934
305936
305937
305938
305939
305940
305941
305942
305944
305945
305947
305948
305949
305950
305951
305952
305953
305954
305955
305956
305957
305958
305959
305960
305961
305962
305963
305964
305965
305966
305967
305969
305970
305972
305973
305974
305975
305976
305977
305979
305980
305982
305983
305984
305987
305988
305989
305990
305992
305993
305994
305995
305996
305997
305998
305999
306004
306005
306006
306007
306008
306009
306011
306014
306015
306016
306017
306019
306021
306022
306023
306024
306026
306027
306028
306029
306030
306031
306033
306034
306035
306036
306037
306038
306039
306043
306044
306045
306046
306048
306050
306051
306053
306055
306056
306057
306058
306060
306061
306064
306065
306070
306071
306073
306074
306077
306078
306079
306080
306081
306082
306083
306085
306088
306089
306091
306093
306095
306096
306097
306099
306102
306103
306104
306105
306106
306107
306108
306109
306110
306111
306113
306114
306116
306117
306118
306119
306120
306124
306125
306126
306127
306128
306131
306132
306133
306134
306135
306136
306139
306140
306141
306145
306146
306147
306148
306149
306150
306151
306152
306154
306157
306158
306159
306160
306161
306162
306164
306165
306166
306170
306171
306172
306175
306176
306181
306182
306183
306184
306185
306186
306187
306188
306189
306190
306192
306193
306197
306198
306199
306201
306202
306203
306204
306205
306206
306207
306208
306209
306210
306212
306216
306217
306219
306221
306222
306223
306224
306227
306228
306229
306231
306233
306234
306235
306236
306238
306239
306240
306242
306243
306245
306248
306249
306250
306251
306252
306253
306257
306259
306260
306261
306262
306263
306264
306265
306266
306268
306269
306272
306273
306274
306275
306276
306277
306278
306279
306280
306281
306282
306283
306284
306285
306289
306290
306291
306292
306295
306298
306299
306300
306302
306303
306304
306306
306307
306308
306309
306310
306311
306312
306313
306315
306316
306317
306318
306319
306323
306325
306326
306327
306329
306330
306331
306333
306334
306336
306339
306341
306342
306343
306346
306347
306350
306351
306354
306355
306357
306358
306360
306361
306362
306363
306364
306365
306368
306369
306370
306371
306372
306373
306377
306379
306380
306385
306386
306388
306389
306390
306391
306392
306393
306394
306395
306397
306398
306400
306401
306405
306406
306407
306411
306412
306414
306417
306419
306422
306423
306424
306426
306427
306428
306429
306430
306432
306433
306434
306435
306437
306438
306439
306440
306442
306444
306445
306446
306447
306448
306449
306450
306452
306455
306456
306457
306458
306460
306465
306467
306468
306469
306470
306471
306472
306474
306475
306476
306481
306482
306484
306485
306486
306488
306489
306491
306492
306493
306494
306495
306496
306497
306498
306499
306500
306501
306502
306503
306505
306506
306507
306508
306509
306510
306511
306512
306513
306515
306516
306518
306519
306521
306524
306525
306526
306527
306528
306529
306531
306532
306533
306534
306535
306536
306538
306541
306543
306545
306546
306547
306548
306549
306550
306551
306552
306553
306554
306555
306556
306559
306560
306561
306562
306563
306564
306565
306566
306567
306568
306571
306572
306573
306574
306575
306576
306577
306578
306580
306581
306582
306583
306584
306585
306586
306588
306589
306591
306592
306593
306596
306597
306599
306602
306604
306607
306608
306609
306610
306611
306612
306614
306615
306617
306619
306620
306622
306623
306625
306627
306628
306629
306630
306631
306632
306633
306634
306635
306636
306638
306640
306641
306643
306644
306645
306646
306647
306649
306651
306652
306653
306655
306657
306661
306662
306664
306666
306667
306668
306669
306670
306672
306673
306674
306675
306676
306677
306679
306681
306682
306683
306684
306685
306686
306687
306688
306689
306690
306691
306692
306693
306694
306697
306698
306699
306700
306701
306702
306705
306709
306710
306711
306712
306714
306716
306717
306718
306720
306723
306726
306727
306729
306733
306734
306735
306736
306737
306738
306740
306741
306742
306743
306745
306746
306747
306748
306751
306752
306754
306755
306756
306758
306759
306760
306761
306762
306763
306764
306765
306766
306768
306770
306773
306774
306777
306779
306780
306782
306783
306784
306785
306789
306791
306793
306794
306796
306797
306799
306800
306801
306802
306803
306806
306807
306808
306809
306810
306815
306816
306817
306818
306820
306821
306822
306823
306824
306825
306827
306828
306829
306830
306831
306832
306833
306834
306835
306836
306837
306838
306840
306841
306842
306843
306844
306845
306846
306847
306848
306849
306850
306851
306852
306853
306854
306855
306858
306859
306860
306861
306862
306863
306864
306867
306868
306870
306871
306872
306873
306874
306877
306878
306879
306880
306881
306882
306883
306884
306885
306886
306887
306889
306890
306891
306893
306895
306896
306898
306900
306901
306902
306905
306906
306907
306908
306909
306910
306912
306913
306915
306916
306920
306921
306925
306926
306927
306928
306929
306930
306931
306932
306933
306934
306935
306937
306939
306940
306941
306942
306943
306944
306945
306947
306949
306950
306951
306952
306953
306954
306955
306956
306957
306958
306959
306960
306962
306963
306964
306965
306966
306968
306969
306971
306972
306973
306974
306977
306978
306979
306980
306981
306982
306984
306986
306987
306988
306989
306990
306992
306993
306994
306995
306996
306997
306998
306999
307000
307002
307003
307004
307007
307008
307010
307011
307012
307013
307014
307015
307016
307017
307018
307019
307021
307022
307023
307024
307025
307026
307027
307031
307032
307033
307034
307035
307036
307037
307039
307040
307041
307042
307043
307044
307045
307046
307047
307049
307051
307052
307053
307054
307055
307056
307057
307058
307059
307060
307061
307062
307063
307065
307069
307072
307076
307077
307079
307081
307083
307084
307085
307086
307087
307088
307089
307090
307091
307092
307093
307095
307096
307099
307100
307101
307103
307104
307106
307108
307109
307110
307111
307112
307114
307115
307116
307117
307118
307119
307120
307121
307122
307126
307129
307130
307131
307132
307134
307135
307136
307137
307138
307139
307140
307141
307145
307146
307147
307148
307149
307152
307153
307154
307155
307156
307157
307158
307160
307163
307166
307168
307169
307170
307171
307175
307176
307177
307178
307179
307180
307182
307183
307187
307188
307189
307191
307192
307195
307196
307199
307200
307201
307202
307203
307205
307206
307210
307211
307212
307214
307215
307216
307217
307218
307220
307221
307222
307223
307224
307226
307228
307229
307231
307232
307233
307234
307235
307236
307237
307238
307243
307246
307247
307248
307249
307252
307253
307254
307255
307256
307257
307258
307259
307262
307264
307267
307269
307270
307272
307273
307274
307275
307276
307277
307278
307279
307280
307281
307282
307284
307285
307288
307289
307293
307294
307295
307296
307297
307300
307301
307302
307303
307304
307305
307306
307308
307309
307310
307311
307312
307313
307314
307315
307316
307317
307318
307319
307320
307321
307323
307324
307325
307326
307327
307328
307329
307330
307331
307332
307334
307335
307336
307339
307340
307341
307342
307343
307346
307347
307348
307349
307351
307352
307353
307354
307355
307358
307359
307360
307362
307363
307365
307366
307367
307368
307369
307370
307371
307373
307374
307375
307376
307380
307382
307383
307384
307386
307387
307388
307389
307390
307391
307392
307393
307395
307396
307397
307398
307399
307400
307401
307402
307403
307404
307405
307407
307408
307409
307410
307412
307414
307415
307416
307420
307421
307423
307424
307425
307426
307427
307428
307429
307430
307431
307433
307434
307435
307436
307437
307438
307439
307440
307441
307442
307443
307444
307445
307446
307449
307450
307452
307453
307454
307455
307456
307458
307459
307460
307461
307462
307464
307465
307466
307467
307468
307470
307471
307473
307474
307475
307476
307479
307480
307481
307482
307484
307485
307487
307488
307489
307490
307491
307494
307495
307496
307500
307501
307502
307503
307506
307508
307510
307511
307512
307513
307514
307515
307517
307518
307519
307520
307521
307522
307524
307526
307527
307528
307529
307530
307531
307533
307534
307535
307537
307538
307539
307540
307542
307545
307546
307547
307548
307549
307550
307551
307552
307554
307555
307557
307558
307559
307561
307562
307563
307565
307567
307568
307570
307571
307572
307573
307574
307575
307576
307578
307579
307580
307582
307583
307584
307585
307587
307588
307589
307590
307591
307593
307596
307598
307599
307600
307603
307604
307605
307606
307607
307608
307610
307611
307612
307615
307617
307618
307619
307620
307622
307623
307624
307626
307627
307629
307631
307632
307633
307634
307635
307636
307637
307638
307639
307640
307641
307642
307643
307644
307645
307646
307647
307648
307651
307653
307654
307655
307656
307658
307659
307661
307662
307664
307666
307667
307669
307671
307673
307674
307675
307676
307677
307679
307680
307682
307684
307685
307686
307688
307690
307691
307692
307693
307694
307695
307696
307697
307698
307700
307701
307702
307703
307705
307706
307707
307708
307709
307710
307712
307714
307716
307717
307718
307719
307720
307721
307722
307723
307725
307726
307727
307728
307729
307730
307731
307732
307734
307735
307736
307737
307738
307739
307740
307741
307742
307744
307745
307746
307747
307749
307751
307752
307754
307756
307757
307758
307759
307760
307761
307763
307765
307766
307767
307768
307769
307770
307771
307772
307773
307775
307777
307779
307780
307781
307782
307783
307786
307787
307788
307789
307790
307794
307795
307796
307797
307799
307801
307802
307803
307805
307806
307807
307808
307811
307812
307813
307814
307815
307817
307819
307821
307822
307823
307824
307825
307826
307827
307830
307832
307833
307835
307836
307837
307838
307840
307843
307845
307847
307848
307849
307850
307851
307852
307853
307854
307856
307858
307859
307860
307863
307864
307865
307866
307870
307871
307872
307873
307874
307875
307876
307878
307879
307880
307881
307882
307884
307885
307886
307887
307888
307890
307892
307893
307894
307895
307896
307897
307898
307899
307901
307903
307904
307905
307906
307907
307908
307909
307910
307914
307915
307917
307919
307920
307923
307927
307928
307929
307930
307931
307932
307933
307934
307935
307937
307939
307940
307941
307943
307944
307945
307946
307947
307948
307949
307950
307951
307952
307953
307954
307955
307957
307958
307959
307960
307961
307962
307964
307965
307966
307968
307973
307974
307975
307976
307977
307979
307980
307983
307985
307987
307988
307989
307990
307991
307992
307993
307994
307995
307996
307997
307998
307999
308000
308001
308002
308003
308005
308006
308007
308008
308009
308010
308011
308012
308013
308014
308016
308018
308019
308021
308022
308023
308025
308026
308027
308028
308029
308030
308031
308032
308033
308034
308035
308037
308038
308039
308040
308044
308045
308046
308047
308048
308049
308050
308051
308053
308054
308055
308056
308057
308058
308059
308060
308061
308062
308063
308064
308065
308066
308068
308069
308070
308071
308072
308073
308074
308075
308076
308078
308079
308081
308082
308085
308086
308087
308088
308089
308091
308092
308093
308096
308097
308098
308099
308100
308101
308102
308103
308105
308106
308111
308112
308113
308114
308118
308119
308120
308121
308122
308123
308124
308125
308126
308128
308129
308130
308131
308133
308134
308135
308136
308137
308138
308139
308140
308144
308145
308146
308147
308149
308150
308152
308154
308155
308156
308157
308158
308159
308161
308162
308163
308165
308166
308167
308168
308170
308171
308172
308174
308175
308177
308178
308179
308181
308182
308183
308184
308185
308186
308187
308189
308190
308191
308192
308194
308200
308204
308206
308209
308210
308211
308212
308213
308214
308215
308216
308217
308218
308219
308220
308222
308223
308224
308225
308226
308227
308228
308229
308230
308231
308232
308233
308234
308235
308236
308237
308238
308241
308243
308244
308245
308246
308247
308248
308249
308250
308252
308254
308256
308257
308258
308259
308260
308261
308262
308263
308264
308265
308266
308267
308268
308269
308271
308272
308274
308275
308277
308278
308281
308282
308283
308284
308286
308288
308289
308291
308292
308293
308294
308295
308296
308297
308298
308299
308301
308302
308303
308305
308309
308310
308311
308312
308315
308316
308317
308321
308323
308325
308326
308327
308331
308333
308334
308336
308337
308338
308339
308342
308343
308344
308345
308346
308349
308350
308351
308352
308353
308354
308356
308357
308359
308363
308364
308365
308368
308369
308370
308371
308372
308373
308374
308375
308377
308378
308382
308383
308384
308385
308386
308387
308391
308392
308393
308394
308396
308397
308398
308399
308400
308402
308403
308404
308405
308409
308411
308412
308414
308415
308416
308417
308420
308423
308424
308425
308427
308428
308430
308432
308433
308434
308436
308437
308438
308440
308441
308442
308444
308445
308447
308448
308449
308450
308453
308454
308455
308456
308457
308458
308459
308461
308462
308463
308464
308465
308466
308467
308470
308471
308472
308473
308474
308475
308476
308478
308479
308480
308482
308483
308484
308486
308488
308489
308490
308491
308492
308494
308496
308497
308499
308500
308501
308502
308503
308504
308505
308506
308507
308508
308509
308512
308513
308514
308516
308517
308518
308519
308520
308521
308522
308524
308525
308526
308528
308529
308532
308533
308534
308535
308536
308538
308539
308540
308541
308544
308545
308548
308549
308550
308551
308553
308555
308558
308560
308562
308563
308564
308565
308566
308567
308568
308569
308571
308572
308573
308574
308575
308577
308578
308581
308582
308583
308585
308586
308587
308589
308590
308591
308592
308594
308595
308596
308597
308598
308599
308600
308601
308602
308603
308606
308609
308611
308612
308613
308614
308615
308616
308618
308620
308621
308622
308624
308625
308626
308627
308629
308630
308631
308632
308633
308636
308637
308638
308639
308640
308641
308642
308643
308644
308645
308646
308648
308649
308650
308651
308652
308653
308654
308655
308656
308657
308658
308659
308661
308662
308663
308664
308665
308666
308668
308670
308671
308672
308673
308674
308675
308676
308677
308678
308679
308680
308681
308682
308683
308684
308685
308686
308689
308690
308692
308693
308694
308696
308699
308700
308701
308702
308703
308705
308707
308708
308709
308710
308711
308713
308714
308717
308718
308719
308720
308721
308724
308726
308727
308728
308730
308732
308733
308734
308735
308736
308737
308738
308742
308743
308744
308746
308747
308748
308750
308751
308752
308754
308755
308756
308757
308758
308759
308760
308761
308762
308763
308764
308766
308767
308768
308770
308771
308772
308775
308776
308777
308778
308779
308780
308781
308782
308783
308784
308786
308787
308788
308789
308790
308791
308792
308793
308796
308797
308798
308799
308800
308801
308802
308803
308804
308805
308806
308807
308808
308809
308810
308811
308812
308813
308814
308815
308816
308817
308818
308819
308820
308821
308822
308824
308825
308826
308827
308829
308831
308832
308834
308835
308836
308837
308838
308839
308840
308841
308842
308843
308844
308845
308846
308847
308848
308849
308855
308856
308857
308860
308861
308862
308863
308866
308868
308869
308871
308873
308875
308879
308880
308882
308883
308884
308886
308887
308890
308891
308892
308894
308895
308897
308900
308901
308903
308904
308907
308909
308910
308912
308913
308915
308916
308917
308919
308921
308922
308926
308927
308928
308929
308930
308931
308932
308934
308935
308936
308937
308939
308940
308942
308943
308944
308945
308946
308947
308954
308955
308956
308957
308959
308960
308961
308963
308964
308966
308967
308968
308969
308970
308971
308972
308973
308975
308976
308977
308982
308983
308984
308987
308989
308992
308994
308996
308997
308998
308999
309000
309001
309002
309003
309006
309010
309012
309014
309016
309018
309019
309022
309023
309025
309026
309028
309029
309032
309033
309035
309036
309037
309039
309040
309041
309042
309043
309044
309045
309047
309050
309052
309054
309056
309057
309058
309060
309061
309062
309063
309064
309065
309066
309068
309069
309071
309073
309074
309077
309080
309081
309084
309085
309086
309087
309088
309089
309093
309094
309095
309096
309097
309098
309099
309101
309105
309106
309107
309109
309110
309111
309113
309114
309115
309117
309118
309119
309120
309121
309122
309123
309125
309126
309127
309128
309129
309130
309132
309133
309134
309137
309138
309140
309141
309142
309143
309144
309145
309146
309147
309148
309150
309151
309152
309159
309160
309163
309167
309169
309171
309173
309174
309175
309176
309177
309179
309180
309181
309182
309183
309184
309185
309186
309189
309190
309192
309193
309194
309196
309197
309198
309199
309200
309204
309205
309210
309211
309212
309213
309215
309216
309217
309218
309219
309220
309221
309222
309223
309224
309225
309227
309229
309233
309235
309236
309238
309241
309244
309245
309246
309248
309249
309250
309252
309253
309254
309255
309259
309260
309264
309267
309271
309272
309274
309275
309276
309279
309282
309285
309286
309288
309289
309290
309291
309293
309294
309297
309298
309300
309302
309303
309304
309305
309307
309308
309309
309312
309313
309315
309316
309317
309318
309320
309321
309324
309325
309326
309328
309329
309330
309331
309332
309335
309338
309341
309343
309344
309345
309347
309350
309351
309352
309353
309355
309356
309358
309359
309360
309361
309362
309363
309364
309368
309369
309370
309371
309372
309373
309374
309375
309377
309378
309379
309380
309381
309382
309385
309386
309387
309388
309389
309391
309392
309393
309394
309396
309397
309400
309401
309402
309404
309405
309406
309408
309409
309410
309412
309413
309414
309416
309418
309421
309422
309426
309427
309429
309430
309431
309432
309437
309439
309440
309442
309443
309444
309445
309448
309449
309450
309451
309453
309454
309455
309456
309457
309458
309459
309460
309462
309463
309465
309466
309467
309468
309470
309471
309472
309473
309474
309475
309476
309477
309478
309479
309480
309481
309482
309483
309484
309485
309486
309487
309489
309490
309492
309493
309495
309498
309499
309502
309503
309504
309505
309506
309507
309508
309509
309510
309511
309513
309514
309515
309516
309517
309518
309519
309520
309521
309522
309524
309525
309526
309527
309528
309530
309532
309534
309537
309539
309540
309542
309543
309544
309545
309546
309547
309548
309549
309550
309551
309552
309553
309554
309555
309556
309557
309559
309560
309561
309562
309564
309565
309566
309567
309568
309569
309570
309571
309572
309573
309575
309577
309578
309581
309582
309583
309584
309585
309587
309590
309591
309592
309593
309594
309595
309596
309598
309599
309600
309601
309602
309603
309604
309605
309606
309611
309613
309614
309615
309616
309617
309618
309619
309620
309623
309625
309626
309630
309632
309633
309634
309636
309637
309638
309640
309641
309643
309644
309645
309646
309647
309649
309650
309651
309652
309653
309654
309655
309656
309657
309658
309659
309660
309661
309664
309666
309668
309669
309672
309673
309674
309675
309676
309679
309680
309681
309683
309684
309685
309686
309687
309688
309689
309690
309691
309692
309693
309694
309696
309697
309698
309699
309700
309701
309702
309703
309706
309709
309712
309714
309715
309716
309717
309718
309719
309721
309723
309724
309725
309726
309727
309729
309730
309731
309732
309734
309736
309738
309739
309742
309743
309745
309746
309748
309749
309753
309754
309755
309756
309757
309758
309759
309760
309762
309763
309764
309766
309767
309768
309769
309770
309771
309772
309773
309775
309777
309778
309779
309780
309781
309782
309784
309785
309786
309787
309790
309792
309793
309794
309796
309799
309801
309802
309803
309804
309805
309806
309807
309808
309809
309812
309813
309814
309815
309816
309817
309818
309819
309820
309821
309822
309824
309825
309827
309829
309830
309831
309832
309833
309834
309835
309836
309837
309838
309842
309843
309844
309845
309846
309847
309848
309849
309850
309852
309853
309855
309858
309859
309860
309862
309864
309865
309867
309869
309871
309873
309874
309876
309877
309878
309879
309880
309881
309883
309884
309885
309886
309887
309888
309889
309890
309891
309893
309895
309897
309898
309899
309900
309901
309902
309903
309904
309905
309906
309907
309908
309909
309910
309911
309912
309913
309915
309917
309918
309919
309922
309923
309924
309925
309926
309927
309928
309929
309930
309932
309934
309935
309936
309937
309938
309939
309940
309941
309942
309943
309944
309945
309946
309947
309948
309949
309951
309952
309953
309954
309955
309956
309957
309958
309959
309960
309961
309962
309964
309965
309966
309968
309969
309970
309971
309973
309974
309976
309977
309978
309979
309980
309981
309983
309985
309986
309987
309989
309990
309993
309994
309995
309996
309997
309998
310000
310001
310002
310003
310004
310007
310008
310009
310010
310011
310013
310014
310019
310020
310021
310026
310028
310029
310030
310031
310032
310033
310036
310037
310038
310039
310040
310041
310042
310046
310048
310049
310050
310053
310054
310055
310057
310058
310059
310060
310062
310063
310064
310065
310067
310072
310073
310075
310076
310077
310078
310079
310080
310082
310084
310085
310087
310088
310089
310090
310091
310093
310094
310099
310101
310102
310108
310109
310113
310114
310116
310119
310121
310122
310123
310124
310125
310126
310127
310128
310129
310131
310132
310134
310135
310136
310138
310139
310140
310141
310142
310143
310144
310148
310149
310150
310151
310152
310153
310154
310155
310156
310157
310158
310159
310160
310161
310162
310164
310166
310169
310171
310172
310173
310174
310176
310177
310178
310180
310181
310183
310184
310185
310186
310187
310188
310189
310190
310191
310192
310195
310197
310198
310200
310201
310202
310203
310205
310206
310207
310209
310210
310213
310214
310217
310218
310219
310220
310221
310222
310223
310224
310225
310226
310227
310228
310229
310231
310232
310233
310234
310235
310236
310237
310238
310241
310243
310244
310245
310246
310247
310248
310249
310251
310252
310253
310254
310255
310256
310257
310260
310262
310263
310264
310265
310266
310267
310268
310269
310272
310274
310275
310276
310278
310280
310281
310282
310284
310285
310286
310287
310289
310291
310292
310295
310296
310297
310298
310299
310300
310301
310303
310304
310305
310306
310307
310308
310309
310310
310313
310314
310315
310316
310318
310319
310322
310323
310324
310325
310326
310327
310329
310331
310332
310333
310334
310335
310336
310337
310338
310340
310341
310342
310343
310345
310346
310348
310349
310350
310353
310354
310355
310357
310360
310361
310363
310365
310366
310367
310368
310369
310370
310371
310373
310374
310377
310378
310380
310381
310383
310385
310386
310387
310388
310389
310390
310392
310393
310394
310396
310398
310400
310401
310404
310405
310406
310408
310409
310412
310413
310414
310415
310416
310417
310420
310422
310423
310424
310426
310427
310428
310430
310431
310435
310436
310437
310438
310441
310443
310444
310445
310446
310447
310449
310452
310454
310455
310459
310460
310461
310462
310463
310464
310465
310466
310467
310468
310470
310471
310473
310474
310477
310478
310479
310480
310481
310483
310484
310485
310486
310487
310490
310491
310492
310493
310494
310495
310497
310499
310500
310502
310503
310504
310505
310506
310507
310509
310510
310511
310513
310515
310516
310517
310518
310520
310521
310524
310526
310527
310529
310531
310533
310534
310536
310537
310538
310541
310543
310544
310547
310549
310550
310552
310554
310555
310556
310557
310558
310561
310562
310563
310564
310565
310566
310567
310568
310569
310570
310571
310573
310576
310578
310579
310580
310581
310582
310583
310585
310586
310587
310588
310589
310590
310592
310594
310595
310596
310597
310598
310599
310602
310603
310604
310605
310606
310607
310608
310609
310610
310611
310612
310613
310614
310615
310618
310619
310620
310621
310622
310624
310626
310627
310628
310629
310630
310631
310633
310634
310635
310636
310637
310638
310639
310640
310642
310644
310646
310647
310648
310649
310651
310653
310654
310656
310657
310658
310659
310660
310661
310662
310664
310665
310667
310669
310672
310673
310675
310676
310677
310680
310681
310682
310683
310684
310686
310687
310688
310689
310691
310694
310695
310697
310698
310699
310700
310701
310702
310703
310704
310705
310706
310707
310708
310710
310711
310712
310713
310714
310716
310717
310718
310720
310722
310724
310725
310726
310727
310730
310731
310732
310733
310734
310735
310736
310739
310740
310741
310742
310744
310745
310747
310748
310750
310753
310754
310755
310756
310758
310759
310760
310761
310762
310763
310764
310765
310768
310769
310770
310771
310772
310773
310775
310776
310778
310781
310782
310783
310785
310787
310790
310791
310794
310796
310798
310801
310803
310804
310805
310806
310808
310809
310810
310812
310813
310814
310815
310816
310817
310818
310819
310820
310821
310822
310823
310824
310826
310827
310829
310830
310832
310833
310835
310836
310837
310838
310839
310840
310841
310844
310845
310846
310847
310848
310849
310850
310851
310852
310853
310855
310856
310857
310858
310859
310860
310862
310863
310865
310866
310868
310869
310873
310875
310876
310878
310879
310880
310881
310882
310883
310885
310888
310889
310891
310892
310893
310895
310896
310897
310899
310901
310902
310905
310908
310909
310910
310911
310913
310915
310917
310918
310920
310921
310922
310923
310924
310925
310926
310930
310932
310933
310934
310936
310937
310939
310940
310944
310945
310947
310948
310950
310951
310952
310954
310956
310957
310959
310960
310961
310964
310965
310967
310968
310970
310974
310975
310976
310978
310980
310981
310982
310983
310985
310986
310987
310988
310989
310990
310991
310992
310993
310996
310998
311001
311002
311003
311004
311008
311009
311010
311011
311012
311013
311015
311017
311019
311020
311023
311024
311025
311026
311027
311028
311029
311030
311031
311033
311034
311035
311037
311039
311041
311042
311043
311047
311048
311049
311050
311051
311052
311053
311054
311055
311056
311057
311058
311061
311062
311064
311065
311067
311068
311070
311071
311073
311074
311075
311076
311078
311079
311080
311081
311082
311084
311085
311086
311087
311088
311090
311093
311094
311096
311097
311098
311099
311100
311101
311102
311103
311105
311107
311109
311110
311113
311114
311115
311116
311118
311120
311121
311122
311123
311124
311125
311128
311130
311131
311132
311133
311135
311136
311137
311138
311139
311140
311141
311142
311144
311146
311147
311148
311149
311150
311151
311152
311153
311155
311156
311157
311158
311159
311160
311161
311162
311164
311165
311166
311167
311168
311169
311170
311171
311172
311173
311174
311175
311176
311178
311179
311180
311182
311183
311184
311185
311186
311187
311188
311189
311190
311191
311193
311194
311195
311196
311197
311199
311200
311201
311202
311203
311204
311205
311207
311209
311210
311211
311213
311214
311216
311217
311218
311219
311220
311222
311224
311225
311226
311227
311228
311230
311231
311232
311233
311235
311236
311237
311238
311239
311241
311242
311244
311247
311249
311250
311253
311254
311255
311256
311258
311260
311261
311262
311264
311267
311268
311270
311271
311273
311275
311276
311280
311282
311283
311284
311285
311287
311289
311290
311291
311292
311294
311295
311296
311297
311300
311301
311303
311305
311306
311307
311309
311311
311312
311313
311314
311315
311316
311317
311318
311319
311320
311323
311324
311325
311329
311330
311332
311333
311335
311336
311337
311338
311339
311340
311341
311342
311343
311344
311345
311347
311348
311349
311350
311351
311354
311355
311356
311357
311359
311360
311362
311363
311365
311366
311367
311368
311369
311370
311371
311372
311373
311374
311375
311376
311377
311378
311379
311380
311382
311384
311385
311386
311387
311388
311389
311390
311392
311394
311395
311396
311397
311398
311399
311400
311403
311404
311406
311407
311408
311409
311410
311412
311413
311415
311416
311417
311418
311419
311421
311422
311423
311424
311425
311426
311427
311428
311429
311432
311433
311434
311435
311436
311438
311439
311441
311443
311444
311445
311447
311448
311449
311451
311452
311453
311454
311456
311458
311462
311464
311467
311469
311470
311471
311473
311474
311475
311476
311477
311478
311479
311480
311481
311482
311483
311484
311485
311486
311488
311489
311490
311492
311495
311497
311498
311499
311501
311502
311503
311504
311505
311508
311509
311511
311512
311513
311514
311515
311518
311522
311523
311524
311525
311526
311527
311529
311530
311531
311532
311533
311535
311536
311538
311540
311541
311542
311545
311546
311547
311548
311549
311550
311552
311553
311556
311557
311558
311559
311560
311561
311562
311563
311564
311565
311566
311567
311568
311569
311570
311571
311572
311573
311574
311575
311576
311577
311578
311580
311581
311583
311585
311589
311590
311591
311593
311594
311595
311596
311597
311598
311600
311601
311602
311603
311605
311606
311609
311610
311611
311612
311613
311614
311616
311618
311620
311621
311622
311624
311625
311626
311627
311629
311630
311631
311632
311634
311635
311636
311637
311638
311639
311640
311642
311644
311645
311646
311647
311650
311651
311652
311653
311654
311655
311656
311657
311658
311659
311660
311661
311662
311664
311665
311666
311667
311668
311670
311671
311672
311673
311674
311678
311679
311680
311681
311683
311684
311686
311688
311689
311691
311692
311693
311694
311695
311696
311699
311700
311701
311702
311704
311706
311707
311708
311710
311712
311713
311714
311715
311717
311718
311719
311720
311721
311722
311724
311725
311726
311728
311729
311730
311731
311732
311733
311734
311735
311737
311738
311739
311740
311741
311742
311743
311744
311747
311748
311749
311750
311751
311752
311753
311754
311755
311756
311758
311759
311761
311764
311765
311766
311767
311768
311769
311771
311772
311774
311775
311779
311780
311783
311784
311785
311787
311788
311789
311790
311791
311792
311796
311797
311798
311802
311803
311805
311806
311807
311808
311809
311810
311811
311812
311813
311814
311815
311816
311817
311818
311819
311821
311822
311823
311824
311825
311826
311827
311828
311829
311832
311835
311836
311837
311838
311839
311840
311841
311843
311845
311849
311850
311852
311853
311855
311857
311860
311861
311862
311866
311868
311869
311870
311873
311875
311876
311877
311879
311880
311883
311884
311886
311887
311888
311889
311891
311892
311893
311895
311896
311897
311899
311900
311901
311902
311903
311905
311906
311907
311910
311911
311913
311914
311915
311916
311917
311921
311922
311923
311924
311927
311928
311929
311930
311931
311932
311933
311934
311935
311936
311937
311938
311939
311941
311942
311943
311947
311948
311949
311950
311952
311953
311954
311955
311956
311957
311958
311959
311962
311963
311964
311965
311967
311968
311971
311972
311974
311975
311977
311979
311980
311981
311983
311985
311986
311990
311992
311994
311995
312000
312002
312003
312004
312005
312006
312007
312008
312009
312010
312012
312013
312014
312015
312016
312017
312018
312019
312020
312021
312024
312026
312028
312029
312031
312032
312033
312034
312035
312037
312038
312039
312040
312041
312042
312043
312045
312046
312047
312050
312052
312054
312055
312057
312059
312060
312061
312062
312065
312067
312068
312071
312073
312077
312078
312080
312081
312082
312085
312086
312087
312089
312090
312091
312092
312093
312094
312095
312096
312097
312101
312102
312103
312105
312106
312107
312108
312109
312110
312111
312112
312113
312114
312115
312116
312117
312120
312121
312124
312126
312127
312130
312131
312132
312133
312135
312136
312138
312139
312140
312141
312143
312144
312147
312150
312152
312153
312155
312159
312160
312161
312162
312164
312165
312169
312170
312171
312172
312173
312175
312176
312179
312180
312181
312182
312184
312185
312186
312187
312188
312190
312191
312193
312194
312195
312196
312197
312198
312200
312201
312202
312203
312204
312205
312206
312207
312208
312210
312211
312212
312213
312214
312215
312216
312217
312218
312219
312221
312222
312224
312225
312227
312229
312230
312231
312232
312233
312234
312235
312236
312237
312239
312240
312241
312242
312244
312246
312247
312248
312249
312250
312251
312252
312255
312256
312257
312258
312259
312260
312261
312262
312264
312265
312266
312267
312268
312269
312271
312272
312273
312274
312280
312281
312282
312283
312284
312285
312287
312289
312290
312291
312292
312293
312297
312298
312299
312302
312303
312304
312305
312306
312307
312308
312309
312311
312312
312313
312314
312315
312316
312317
312318
312319
312320
312323
312324
312325
312326
312327
312328
312329
312330
312331
312332
312334
312335
312336
312338
312339
312340
312342
312343
312344
312345
312346
312348
312349
312350
312351
312352
312354
312355
312356
312357
312358
312359
312360
312362
312363
312364
312365
312368
312369
312371
312372
312373
312376
312377
312379
312380
312381
312382
312385
312386
312390
312391
312392
312393
312396
312397
312398
312399
312400
312401
312402
312403
312405
312406
312407
312408
312409
312410
312411
312412
312413
312414
312415
312417
312418
312419
312422
312423
312424
312425
312426
312427
312428
312430
312432
312433
312434
312435
312436
312437
312438
312440
312441
312443
312444
312445
312446
312447
312450
312451
312452
312454
312455
312456
312460
312488
312490
312491
312492
312493
312494
312495
312496
312497
312499
312500
312501
312502
312503
312504
312506
312509
312510
312511
312512
312513
312514
312515
312516
312518
312519
312521
312522
312523
312524
312525
312527
312528
312529
312530
312532
312533
312534
312538
312539
312540
312541
312542
312543
312544
312545
312546
312547
312548
312550
312551
312553
312554
312555
312556
312557
312558
312560
312563
312564
312565
312566
312567
312568
312569
312570
312571
312572
312573
312574
312575
312576
312577
312578
312579
312580
312581
312582
312584
312585
312586
312587
312588
312589
312590
312591
312592
312594
312595
312597
312598
312599
312600
312601
312602
312604
312605
312606
312613
312644
312647
312648
312649
312652
312654
312655
312657
312658
312659
312660
312662
312665
312668
312669
312670
312672
312674
312676
312677
312678
312679
312680
312681
312682
312683
312684
312685
312686
312687
312688
312689
312690
312691
312692
312694
312695
312697
312698
312701
312702
312703
312705
312706
312708
312710
312711
312713
312714
312715
312717
312718
312722
312723
312725
312729
312730
312731
312734
312738
312739
312741
312743
312744
312745
312747
312748
312749
312751
312753
312755
312758
312759
312760
312765
312768
312774
312776
312777
312781
312784
312785
312789
312790
312792
312794
312795
312800
312808
312809
312810
312811
312812
312813
312814
312816
312817
312818
312819
312820
312822
312824
312826
312827
312828
312831
312833
312835
312836
312838
312839
312840
312844
312845
312846
312847
312849
312850
312851
312852
312853
312854
312855
312856
312857
312858
312859
312861
312862
312863
312864
312866
312867
312868
312869
312870
312871
312872
312873
312874
312875
312876
312877
312878
312879
312880
312881
312882
312883
312884
312886
312888
312889
312890
312891
312893
312894
312895
312896
312897
312899
312900
312901
312905
312907
312908
312910
312912
312913
312916
312918
312919
312920
312921
312922
312923
312924
312925
312926
312927
312930
312931
312932
312934
312935
312936
312938
312939
312940
312941
312943
312944
312945
312946
312949
312950
312951
312952
312954
312957
312959
312963
312965
312966
312967
312969
312970
312971
312972
312975
312980
312981
312982
312983
312984
312986
312988
312992
312993
312994
312996
312999
313000
313001
313002
313004
313005
313006
313007
313008
313011
313012
313013
313014
313016
313021
313023
313025
313026
313027
313028
313029
313030
313031
313032
313033
313034
313036
313037
313038
313040
313042
313044
313045
313046
313047
313048
313053
313055
313058
313059
313060
313061
313062
313063
313064
313065
313066
313068
313069
313070
313071
313073
313074
313075
313076
313077
313079
313080
313081
313083
313084
313085
313086
313087
313088
313090
313091
313092
313093
313094
313096
313097
313098
313100
313101
313102
313104
313105
313106
313108
313109
313110
313113
313114
313115
313117
313118
313119
313120
313121
313125
313126
313129
313130
313131
313132
313133
313134
313137
313138
313139
313140
313141
313143
313144
313147
313148
313149
313152
313154
313155
313156
313158
313159
313160
313162
313163
313166
313167
313168
313169
313170
313171
313172
313175
313177
313178
313179
313180
313182
313183
313184
313185
313186
313189
313190
313191
313192
313193
313194
313195
313199
313201
313203
313204
313205
313207
313209
313210
313211
313212
313214
313215
313217
313218
313219
313220
313221
313222
313223
313225
313226
313227
313228
313229
313230
313232
313233
313234
313237
313238
313239
313240
313242
313246
313247
313248
313249
313250
313251
313252
313253
313254
313255
313256
313257
313258
313259
313260
313262
313264
313265
313266
313268
313270
313271
313272
313274
313275
313277
313278
313279
313280
313281
313282
313283
313284
313285
313286
313287
313288
313289
313290
313292
313293
313294
313295
313296
313299
313300
313301
313304
313305
313306
313307
313308
313310
313311
313312
313313
313314
313315
313316
313317
313318
313319
313320
313321
313322
313324
313325
313327
313328
313330
313332
313333
313334
313336
313338
313339
313340
313341
313342
313343
313344
313346
313347
313350
313351
313352
313353
313355
313356
313358
313359
313361
313362
313363
313364
313366
313367
313368
313369
313371
313372
313373
313374
313375
313376
313377
313378
313379
313380
313381
313382
313383
313385
313388
313389
313390
313391
313392
313395
313396
313397
313398
313399
313400
313401
313402
313404
313405
313406
313410
313411
313412
313413
313414
313415
313416
313417
313418
313420
313421
313422
313423
313425
313426
313427
313428
313429
313430
313431
313432
313433
313434
313436
313437
313439
313440
313442
313443
313444
313446
313448
313452
313453
313454
313455
313456
313457
313458
313459
313462
313465
313466
313467
313468
313469
313470
313471
313472
313473
313474
313475
313478
313480
313484
313486
313487
313490
313491
313492
313493
313494
313495
313496
313497
313498
313500
313501
313505
313506
313507
313510
313511
313513
313514
313515
313516
313517
313518
313520
313522
313524
313526
313527
313529
313530
313531
313533
313535
313536
313540
313541
313543
313544
313547
313549
313550
313551
313553
313556
313557
313558
313559
313561
313562
313563
313564
313565
313566
313568
313569
313570
313571
313572
313573
313574
313575
313576
313578
313579
313581
313582
313583
313585
313588
313589
313593
313594
313595
313596
313597
313599
313600
313601
313602
313603
313604
313605
313606
313608
313609
313610
313613
313614
313615
313616
313618
313620
313621
313622
313623
313625
313626
313627
313628
313629
313631
313633
313634
313636
313638
313639
313641
313642
313643
313644
313645
313648
313650
313651
313652
313653
313656
313657
313663
313665
313666
313667
313668
313670
313671
313672
313673
313675
313676
313677
313681
313682
313683
313687
313688
313689
313692
313693
313694
313696
313697
313699
313702
313703
313704
313705
313707
313708
313709
313710
313711
313712
313714
313717
313718
313719
313720
313722
313723
313726
313728
313730
313733
313735
313737
313738
313740
313742
313743
313746
313747
313748
313749
313750
313752
313754
313758
313759
313761
313762
313763
313764
313766
313767
313770
313775
313776
313777
313778
313779
313780
313782
313783
313784
313786
313787
313788
313789
313790
313792
313793
313795
313796
313800
313803
313804
313806
313807
313808
313811
313812
313813
313814
313815
313816
313817
313818
313819
313820
313821
313822
313826
313827
313828
313829
313830
313831
313833
313836
313837
313843
313845
313846
313849
313850
313851
313852
313859
313860
313862
313864
313865
313867
313868
313869
313870
313871
313872
313874
313875
313876
313877
313878
313879
313880
313881
313882
313883
313884
313885
313886
313887
313888
313890
313891
313892
313894
313895
313897
313898
313899
313900
313901
313903
313904
313905
313906
313907
313908
313909
313911
313912
313913
313914
313915
313916
313917
313918
313920
313921
313924
313925
313926
313927
313928
313929
313930
313931
313932
313933
313935
313936
313937
313938
313939
313940
313941
313942
313943
313944
313946
313947
313948
313949
313950
313951
313953
313954
313955
313957
313958
313960
313961
313962
313963
313964
313965
313966
313967
313968
313969
313970
313971
313973
313974
313975
313976
313977
313979
313980
313981
313982
313983
313984
313986
313987
313988
313989
313990
313991
313992
313993
313994
313995
313996
313997
313998
313999
314000
314001
314002
314004
314006
314007
314008
314009
314010
314011
314012
314013
314015
314016
314017
314018
314019
314020
314021
314022
314023
314024
314025
314026
314027
314028
314029
314030
314031
314032
314033
314034
314035
314036
314037
314038
314040
314041
314042
314043
314044
314045
314046
314047
314048
314049
314050
314051
314052
314053
314054
314055
314057
314058
314059
314060
314061
314062
314065
314066
314068
314070
314071
314073
314074
314075
314076
314077
314078
314080
314081
314083
314085
314086
314087
314091
314092
314095
314096
314098
314099
314102
314103
314104
314105
314106
314107
314108
314109
314111
314112
314113
314115
314117
314118
314119
314123
314125
314128
314129
314131
314133
314134
314137
314139
314143
314144
314146
314147
314148
314150
314152
314155
314157
314158
314159
314160
314161
314162
314163
314164
314165
314166
314168
314169
314170
314171
314172
314173
314175
314176
314178
314181
314182
314184
314185
314189
314190
314192
314193
314196
314197
314199
314201
314205
314206
314207
314208
314213
314214
314215
314216
314217
314218
314219
314220
314221
314222
314223
314226
314228
314229
314230
314231
314232
314234
314235
314236
314237
314239
314241
314243
314244
314245
314246
314249
314250
314251
314252
314255
314257
314258
314259
314260
314261
314262
314263
314264
314265
314267
314268
314269
314270
314271
314272
314276
314277
314279
314280
314281
314285
314286
314287
314288
314289
314290
314295
314296
314297
314298
314299
314300
314301
314302
314303
314305
314306
314307
314308
314310
314311
314312
314314
314315
314316
314320
314322
314323
314324
314325
314327
314328
314330
314331
314332
314333
314335
314337
314338
314342
314343
314344
314345
314346
314347
314349
314353
314354
314355
314357
314358
314359
314360
314364
314365
314367
314368
314370
314371
314374
314375
314377
314378
314379
314381
314382
314383
314384
314385
314386
314387
314388
314390
314391
314392
314393
314394
314396
314397
314398
314399
314401
314403
314407
314408
314410
314412
314413
314414
314415
314416
314418
314419
314420
314423
314424
314425
314426
314429
314430
314433
314434
314436
314437
314438
314441
314442
314443
314444
314445
314446
314447
314448
314451
314452
314455
314456
314457
314458
314459
314460
314461
314462
314463
314465
314467
314468
314470
314472
314473
314474
314475
314476
314477
314478
314479
314480
314481
314482
314483
314484
314485
314486
314487
314489
314490
314491
314492
314493
314494
314495
314496
314497
314500
314501
314503
314504
314505
314508
314509
314510
314513
314515
314516
314517
314519
314520
314521
314522
314523
314525
314526
314527
314528
314531
314532
314534
314535
314536
314537
314538
314539
314540
314541
314542
314543
314544
314545
314547
314549
314550
314551
314552
314554
314555
314556
314557
314558
314559
314560
314561
314562
314565
314566
314569
314570
314571
314572
314573
314574
314575
314577
314578
314579
314580
314583
314585
314586
314587
314592
314593
314594
314595
314596
314597
314600
314601
314602
314603
314604
314605
314607
314608
314609
314611
314612
314613
314615
314616
314617
314618
314619
314620
314621
314622
314623
314624
314625
314626
314628
314629
314630
314631
314632
314633
314634
314635
314636
314637
314638
314639
314640
314641
314642
314643
314644
314645
314646
314647
314648
314649
314650
314653
314654
314655
314656
314657
314661
314662
314666
314667
314668
314669
314671
314672
314674
314675
314677
314679
314680
314681
314682
314683
314684
314685
314688
314690
314691
314692
314693
314694
314695
314696
314697
314699
314700
314701
314703
314704
314705
314706
314707
314708
314709
314710
314711
314714
314718
314719
314720
314721
314722
314723
314724
314725
314726
314727
314728
314729
314730
314731
314732
314733
314734
314735
314736
314737
314738
314739
314741
314742
314743
314744
314745
314746
314747
314748
314749
314750
314751
314753
314754
314755
314757
314758
314759
314760
314761
314762
314763
314766
314767
314768
314769
314770
314772
314773
314775
314778
314779
314781
314782
314783
314784
314785
314786
314787
314788
314789
314790
314792
314793
314794
314795
314796
314797
314798
314803
314804
314805
314807
314809
314810
314811
314812
314813
314814
314815
314816
314817
314819
314821
314822
314823
314824
314825
314826
314827
314828
314829
314830
314831
314833
314835
314836
314837
314838
314839
314840
314842
314843
314844
314846
314849
314850
314851
314852
314853
314855
314856
314858
314859
314860
314861
314862
314863
314864
314865
314866
314867
314869
314871
314872
314874
314875
314876
314877
314878
314879
314880
314881
314882
314884
314886
314887
314888
314889
314890
314891
314892
314893
314894
314895
314897
314898
314899
314901
314902
314904
314905
314906
314908
314909
314910
314912
314914
314915
314916
314918
314919
314920
314921
314923
314924
314925
314926
314927
314928
314929
314930
314931
314932
314933
314934
314935
314936
314937
314938
314939
314940
314941
314942
314943
314944
314946
314947
314948
314949
314950
314951
314952
314953
314954
314955
314957
314958
314959
314961
314963
314964
314965
314966
314968
314969
314970
314971
314974
314976
314977
314978
314979
314981
314982
314983
314984
314986
314987
314991
314992
314993
314995
314996
314997
314999
315001
315002
315003
315006
315007
315008
315009
315012
315014
315018
315019
315021
315022
315023
315024
315025
315026
315027
315029
315031
315032
315033
315034
315035
315037
315040
315041
315043
315044
315045
315046
315047
315048
315049
315050
315051
315054
315058
315059
315060
315061
315062
315063
315064
315065
315066
315067
315069
315070
315071
315072
315074
315076
315077
315078
315079
315081
315082
315084
315085
315087
315090
315092
315094
315095
315096
315097
315100
315101
315102
315103
315105
315106
315107
315109
315110
315111
315112
315115
315117
315118
315119
315121
315122
315123
315126
315129
315130
315131
315132
315133
315134
315135
315136
315138
315139
315141
315142
315143
315145
315148
315149
315150
315151
315152
315153
315155
315158
315159
315160
315163
315164
315165
315166
315167
315170
315171
315172
315176
315177
315178
315180
315181
315182
315184
315187
315188
315189
315190
315191
315192
315193
315194
315196
315197
315198
315200
315201
315206
315207
315209
315210
315211
315212
315213
315214
315215
315216
315219
315220
315221
315222
315223
315225
315226
315227
315228
315229
315230
315232
315233
315234
315235
315236
315237
315239
315240
315244
315245
315246
315248
315249
315250
315251
315252
315253
315255
315256
315257
315258
315260
315262
315263
315264
315265
315266
315267
315269
315270
315271
315272
315273
315274
315275
315276
315278
315279
315280
315282
315283
315284
315285
315287
315288
315289
315290
315291
315292
315293
315295
315296
315297
315298
315300
315301
315303
315304
315305
315306
315308
315309
315310
315311
315312
315313
315314
315315
315316
315317
315319
315320
315321
315322
315323
315324
315325
315327
315328
315329
315331
315333
315334
315335
315336
315338
315340
315341
315342
315343
315344
315346
315347
315348
315351
315352
315353
315354
315356
315357
315358
315360
315361
315363
315364
315366
315367
315370
315372
315373
315374
315375
315376
315377
315378
315381
315382
315383
315384
315385
315389
315392
315396
315397
315399
315400
315401
315402
315404
315405
315406
315407
315408
315409
315411
315412
315413
315414
315415
315417
315421
315422
315423
315424
315425
315426
315427
315431
315434
315435
315437
315438
315439
315440
315441
315443
315444
315446
315448
315449
315450
315451
315452
315453
315456
315457
315458
315459
315460
315461
315462
315464
315466
315469
315470
315472
315473
315474
315477
315478
315480
315481
315482
315483
315484
315485
315487
315489
315491
315492
315495
315496
315498
315499
315501
315502
315503
315504
315506
315507
315509
315510
315511
315512
315513
315514
315515
315516
315517
315518
315519
315520
315521
315522
315524
315526
315527
315528
315529
315532
315534
315535
315536
315537
315538
315540
315541
315542
315543
315544
315547
315548
315550
315551
315552
315553
315554
315555
315556
315557
315558
315559
315560
315561
315562
315563
315564
315566
315567
315568
315569
315570
315571
315572
315573
315574
315575
315576
315577
315578
315579
315580
315581
315582
315583
315584
315586
315587
315588
315589
315590
315591
315592
315593
315594
315595
315596
315597
315598
315599
315600
315601
315602
315604
315605
315607
315608
315609
315610
315611
315613
315615
315616
315618
315619
315620
315621
315623
315624
315625
315626
315627
315628
315629
315630
315631
315632
315633
315634
315635
315636
315637
315638
315639
315640
315641
315642
315643
315644
315645
315647
315649
315651
315654
315656
315657
315659
315660
315661
315662
315664
315665
315666
315669
315670
315671
315673
315674
315675
315678
315679
315681
315682
315684
315686
315688
315689
315690
315691
315692
315693
315694
315695
315696
315697
315698
315700
315701
315702
315704
315705
315706
315708
315709
315711
315712
315713
315714
315715
315716
315720
315722
315724
315725
315726
315727
315728
315730
315731
315732
315735
315736
315739
315741
315742
315743
315746
315747
315748
315750
315751
315752
315753
315755
315756
315758
315760
315762
315763
315765
315767
315768
315769
315770
315771
315772
315774
315775
315777
315778
315779
315780
315781
315787
315788
315790
315791
315793
315794
315796
315797
315798
315799
315803
315804
315806
315807
315808
315809
315810
315811
315812
315813
315814
315815
315816
315817
315818
315820
315822
315823
315828
315829
315830
315831
315832
315833
315835
315836
315837
315838
315839
315842
315843
315844
315845
315846
315847
315849
315850
315854
315855
315856
315857
315858
315859
315861
315863
315865
315866
315867
315868
315869
315870
315872
315873
315874
315875
315876
315877
315878
315879
315880
315883
315884
315885
315887
315888
315890
315893
315894
315895
315896
315899
315900
315908
315912
315920
315929
315968
315969
315970
315971
315972
315973
315974
315975
315976
315978
315979
315980
315981
315982
315983
315984
315985
315986
315987
315988
315989
315990
315991
315992
315993
315994
315995
315996
315998
315999
316000
316001
316002
316003
316004
316005
316006
316007
316008
316009
316010
316011
316012
316013
316014
316015
316016
316017
316018
316019
316020
316021
316022
316023
316024
316025
316026
316027
316028
316030
316031
316032
316033
316034
316035
316036
316037
316039
316041
316043
316045
316046
316047
316048
316049
316050
316051
316052
316053
316054
316058
316059
316060
316061
316063
316066
316067
316068
316069
316071
316072
316074
316076
316077
316078
316081
316082
316086
316089
316090
316091
316092
316093
316094
316095
316098
316099
316100
316101
316102
316105
316106
316109
316111
316112
316115
316116
316118
316120
316122
316123
316125
316131
316136
316138
316140
316142
316143
316145
316151
316167
316171
316172
316178
316180
316182
316183
316185
316186
316187
316188
316190
316192
316193
316195
316196
316198
316199
316200
316201
316203
316204
316205
316206
316207
316209
316211
316213
316215
316217
316218
316219
316220
316221
316222
316223
316224
316225
316227
316228
316230
316233
316234
316235
316236
316237
316238
316239
316240
316241
316242
316243
316244
316245
316248
316249
316250
316251
316252
316253
316254
316258
316259
316261
316262
316264
316265
316266
316268
316269
316271
316272
316273
316274
316275
316276
316277
316278
316279
316282
316284
316285
316286
316287
316289
316290
316291
316294
316296
316297
316299
316300
316301
316303
316304
316305
316306
316307
316308
316309
316311
316313
316314
316315
316316
316317
316318
316319
316320
316322
316323
316325
316326
316327
316329
316330
316331
316332
316333
316334
316336
316337
316338
316340
316341
316342
316343
316344
316345
316347
316348
316349
316350
316351
316352
316355
316356
316357
316358
316359
316360
316361
316362
316365
316366
316367
316369
316372
316373
316374
316377
316379
316380
316381
316382
316383
316384
316385
316386
316388
316390
316391
316392
316393
316396
316397
316398
316399
316400
316404
316409
316414
316416
316417
316420
316422
316423
316424
316425
316427
316428
316429
316430
316434
316436
316439
316440
316441
316442
316444
316445
316447
316448
316449
316450
316451
316452
316453
316455
316456
316458
316459
316460
316462
316463
316464
316465
316466
316467
316468
316469
316471
316473
316474
316475
316476
316478
316479
316480
316481
316485
316486
316488
316489
316490
316491
316492
316493
316494
316495
316496
316498
316499
316500
316501
316502
316504
316505
316507
316510
316512
316513
316514
316516
316517
316519
316520
316521
316522
316523
316524
316526
316527
316529
316532
316533
316534
316542
316543
316544
316545
316546
316554
316557
316559
316560
316561
316562
316563
316564
316565
316567
316568
316569
316570
316571
316572
316574
316575
316578
316579
316580
316581
316582
316583
316584
316585
316586
316587
316588
316589
316590
316591
316592
316593
316594
316596
316597
316598
316599
316600
316601
316602
316605
316606
316607
316609
316610
316611
316612
316614
316615
316616
316618
316619
316622
316623
316625
316627
316628
316632
316634
316635
316639
316641
316642
316643
316644
316645
316646
316647
316648
316649
316652
316653
316654
316655
316656
316657
316658
316659
316660
316661
316663
316665
316666
316667
316668
316670
316671
316672
316673
316675
316676
316677
316678
316679
316681
316682
316683
316684
316685
316687
316688
316689
316690
316691
316694
316696
316697
316698
316699
316700
316702
316703
316707
316708
316709
316712
316713
316714
316715
316716
316717
316718
316719
316721
316722
316723
316729
316730
316731
316732
316734
316736
316737
316738
316740
316741
316742
316744
316745
316746
316747
316748
316749
316750
316751
316754
316755
316756
316757
316758
316759
316764
316765
316766
316768
316769
316772
316774
316776
316777
316781
316782
316783
316784
316785
316787
316788
316789
316790
316792
316793
316794
316795
316796
316797
316798
316799
316801
316803
316804
316806
316807
316808
316809
316810
316811
316812
316813
316814
316815
316816
316817
316820
316821
316822
316823
316824
316825
316827
316830
316831
316832
316836
316837
316840
316841
316842
316843
316844
316845
316848
316849
316850
316851
316852
316853
316854
316859
316860
316862
316864
316866
316867
316869
316870
316872
316873
316874
316875
316879
316881
316882
316885
316886
316888
316889
316890
316892
316893
316894
316895
316896
316897
316898
316899
316901
316902
316903
316904
316905
316906
316907
316908
316909
316911
316912
316913
316914
316915
316916
316918
316919
316920
316921
316923
316924
316925
316926
316927
316928
316929
316930
316931
316932
316934
316936
316941
316942
316943
316944
316945
316946
316947
316949
316950
316955
316957
316958
316959
316960
316961
316962
316963
316964
316965
316966
316967
316970
316971
316974
316976
316977
316980
316981
316984
316986
316987
316989
316990
316991
316992
316993
316994
316995
316997
316998
316999
317004
317005
317006
317007
317008
317009
317010
317011
317012
317016
317017
317018
317020
317022
317025
317026
317028
317030
317031
317032
317033
317034
317035
317036
317037
317038
317039
317040
317041
317042
317043
317044
317046
317047
317049
317050
317051
317052
317054
317055
317056
317057
317059
317062
317065
317066
317068
317069
317070
317071
317073
317074
317075
317076
317077
317079
317080
317081
317082
317083
317084
317085
317086
317087
317088
317089
317091
317092
317094
317097
317098
317099
317100
317102
317104
317105
317106
317107
317108
317109
317111
317114
317115
317117
317118
317119
317120
317122
317123
317124
317125
317126
317127
317128
317130
317132
317133
317134
317135
317136
317138
317139
317143
317144
317145
317146
317147
317148
317149
317150
317153
317155
317157
317158
317159
317161
317162
317163
317164
317165
317166
317167
317168
317169
317170
317171
317173
317175
317176
317178
317181
317184
317185
317186
317187
317190
317191
317192
317193
317194
317195
317197
317198
317199
317200
317201
317202
317203
317206
317207
317209
317210
317211
317213
317214
317215
317216
317217
317218
317219
317220
317221
317223
317224
317226
317227
317228
317229
317231
317232
317233
317234
317235
317236
317237
317238
317239
317240
317241
317242
317244
317245
317246
317247
317248
317249
317250
317251
317254
317256
317258
317259
317260
317261
317262
317264
317265
317267
317268
317269
317271
317273
317274
317275
317277
317279
317280
317281
317282
317283
317284
317285
317286
317288
317289
317290
317292
317293
317294
317295
317297
317298
317299
317301
317302
317303
317304
317305
317306
317308
317309
317310
317312
317313
317315
317317
317318
317320
317321
317323
317324
317325
317326
317327
317329
317332
317333
317334
317335
317336
317337
317339
317343
317344
317346
317347
317349
317350
317351
317354
317356
317357
317358
317360
317361
317362
317363
317364
317366
317369
317370
317371
317373
317374
317376
317380
317381
317384
317386
317387
317388
317389
317390
317392
317393
317397
317398
317402
317403
317404
317405
317406
317407
317408
317409
317410
317411
317412
317413
317414
317415
317416
317418
317419
317420
317421
317422
317424
317427
317428
317429
317430
317432
317434
317435
317436
317439
317440
317441
317442
317444
317445
317446
317447
317448
317449
317450
317451
317452
317453
317454
