357683
357684
357685
357687
357689
357690
357692
357693
357699
357700
357702
357703
357704
357705
357706
357707
357710
357711
357712
357713
357715
357717
357718
357721
357722
357723
357724
357725
357726
357727
357728
357729
357731
357732
357733
357734
357736
357737
357738
357739
357740
357742
357744
357745
357746
357747
357748
357750
357751
357754
357755
357756
357758
357759
357760
357761
357762
357763
357764
357765
357766
357767
357768
357769
357771
357772
357773
357774
357776
357777
357778
357780
357781
357782
357783
357784
357785
357788
357789
357790
357791
357792
357795
357797
357798
357800
357801
357803
357804
357805
357806
357807
357808
357809
357810
357811
357812
357813
357814
357815
357816
357817
357818
357819
357821
357822
357823
357824
357825
357827
357828
357830
357831
357832
357833
357834
357836
357837
357838
357840
357841
357842
357843
357844
357846
357849
357850
357851
357852
357853
357854
357855
357856
357857
357858
357859
357860
357861
357862
357864
357865
357866
357867
357868
357869
357871
357872
357873
357876
357877
357879
357880
357883
357888
357889
357891
357893
357895
357896
357897
357898
357901
357902
357904
357905
357906
357907
357908
357909
357910
357912
357913
357915
357916
357917
357918
357919
357920
357921
357922
357923
357924
357925
357926
357927
357928
357931
357932
357933
357934
357936
357937
357938
357939
357940
357941
357942
357943
357944
357945
357947
357948
357949
357950
357951
357952
357954
357955
357956
357957
357958
357959
357960
357961
357962
357964
357965
357966
357969
357970
357971
357972
357973
357974
357975
357976
357977
357978
357979
357980
357981
357982
357983
357984
357985
357986
357987
357988
357989
357990
357991
357992
357993
357994
357995
357996
357997
357998
357999
358000
358001
358002
358003
358004
358005
358007
358008
358009
358011
358012
358013
358014
358015
358017
358018
358019
358020
358021
358022
358023
358024
358025
358026
358027
358028
358030
358032
358033
358035
358036
358037
358040
358042
358046
358047
358048
358049
358050
358051
358052
358055
358057
358058
358063
358064
358065
358066
358067
358068
358069
358071
358073
358074
358075
358080
358083
358084
358086
358087
358088
358089
358090
358092
358093
358094
358095
358096
358097
358098
358100
358102
358104
358105
358106
358107
358108
358109
358110
358111
358112
358114
358115
358116
358118
358119
358120
358122
358123
358124
358126
358127
358128
358129
358130
358131
358133
358134
358135
358136
358137
358139
358140
358142
358143
358144
358147
358148
358149
358150
358151
358152
358153
358155
358157
358158
358159
358160
358162
358163
358164
358165
358166
358167
358171
358173
358177
358178
358179
358180
358182
358184
358185
358186
358187
358188
358189
358190
358192
358193
358195
358197
358198
358199
358200
358201
358202
358203
358204
358206
358207
358208
358209
358210
358211
358212
358214
358215
358216
358217
358218
358219
358222
358223
358224
358225
358226
358227
358228
358229
358230
358231
358234
358236
358237
358238
358239
358240
358242
358243
358244
358245
358246
358249
358250
358251
358253
358254
358255
358256
358258
358260
358262
358263
358264
358267
358268
358269
358271
358272
358273
358275
358276
358277
358278
358279
358282
358283
358284
358286
358287
358288
358289
358290
358291
358292
358293
358295
358296
358297
358298
358299
358300
358301
358302
358303
358305
358307
358309
358310
358311
358313
358315
358316
358318
358319
358320
358322
358323
358324
358325
358326
358327
358328
358329
358330
358331
358332
358333
358334
358335
358336
358337
358338
358339
358340
358341
358342
358343
358344
358345
358346
358347
358348
358350
358352
358353
358355
358357
358359
358360
358361
358363
358364
358366
358367
358368
358369
358373
358374
358375
358376
358377
358379
358380
358381
358382
358383
358384
358385
358386
358388
358389
358390
358391
358393
358394
358395
358397
358398
358401
358404
358405
358406
358408
358409
358410
358411
358412
358413
358417
358418
358419
358422
358423
358424
358425
358426
358427
358428
358430
358431
358432
358433
358436
358437
358438
358440
358442
358443
358444
358445
358446
358447
358448
358449
358450
358451
358452
358454
358455
358458
358460
358463
358464
358465
358466
358467
358468
358469
358470
358472
358473
358474
358475
358476
358477
358478
358479
358480
358482
358483
358484
358486
358487
358488
358489
358492
358495
358497
358498
358499
358500
358503
358505
358508
358509
358512
358515
358516
358520
358521
358522
358523
358524
358525
358526
358527
358528
358529
358532
358533
358534
358535
358536
358537
358538
358539
358540
358541
358542
358544
358545
358546
358547
358548
358549
358550
358552
358553
358554
358555
358556
358557
358558
358559
358560
358561
358562
358563
358564
358565
358566
358567
358568
358569
358570
358571
358572
358573
358575
358576
358577
358579
358580
358581
358582
358584
358585
358586
358587
358588
358589
358590
358591
358592
358593
358594
358595
358597
358598
358599
358600
358601
358603
358605
358606
358608
358609
358610
358611
358612
358613
358614
358615
358616
358617
358619
358620
358621
358622
358623
358624
358625
358628
358630
358631
358633
358634
358635
358636
358638
358639
358640
358641
358642
358643
358646
358649
358651
358652
358655
358656
358658
358659
358661
358662
358663
358664
358665
358666
358667
358668
358669
358670
358671
358672
358673
358675
358676
358678
358680
358681
358683
358684
358685
358686
358687
358688
358689
358690
358691
358692
358695
358697
358698
358699
358700
358701
358702
358703
358704
358706
358707
358708
358709
358710
358711
358712
358715
358716
358717
358718
358719
358720
358722
358723
358724
358725
358726
358728
358729
358731
358732
358734
358735
358736
358737
358738
358741
358743
358745
358746
358747
358748
358750
358751
358752
358754
358756
358757
358759
358761
358762
358764
358765
358766
358767
358768
358769
358771
358773
358774
358775
358776
358777
358778
358779
358780
358781
358782
358784
358785
358788
358789
358791
358792
358793
358794
358795
358797
358798
358799
358800
358802
358803
358804
358805
358806
358807
358808
358810
358811
358813
358814
358815
358817
358818
358819
358820
358821
358822
358823
358825
358826
358827
358828
358829
358831
358832
358834
358835
358836
358837
358838
358839
358841
358842
358843
358847
358850
358852
358853
358854
358855
358856
358857
358858
358859
358860
358861
358862
358864
358865
358866
358867
358868
358870
358871
358872
358873
358874
358875
358876
358877
358878
358879
358880
358881
358882
358884
358885
358886
358887
358888
358889
358890
358891
358895
358896
358897
358898
358899
358900
358901
358903
358904
358905
358906
358907
358910
358911
358912
358913
358915
358916
358917
358922
358924
358925
358926
358929
358930
358931
358932
358937
358938
358940
358941
358943
358944
358945
358946
358948
358949
358950
358951
358952
358953
358954
358955
358956
358957
358958
358960
358961
358963
358964
358965
358967
358969
358970
358972
358973
358974
358978
358979
358982
358983
358984
358985
358986
358987
358990
358991
358995
358996
358997
358998
358999
359002
359005
359006
359007
359008
359009
359010
359012
359013
359014
359015
359016
359017
359018
359019
359020
359021
359022
359023
359024
359026
359027
359029
359030
359031
359032
359033
359034
359035
359036
359037
359038
359040
359041
359042
359045
359046
359047
359048
359050
359051
359052
359053
359054
359056
359057
359058
359059
359061
359062
359065
359067
359070
359071
359072
359074
359076
359078
359079
359081
359082
359083
359085
359086
359088
359090
359091
359092
359094
359095
359096
359097
359099
359100
359103
359104
359105
359106
359108
359109
359110
359111
359112
359114
359115
359117
359118
359120
359125
359126
359127
359128
359130
359132
359133
359134
359137
359138
359139
359140
359141
359143
359144
359145
359146
359149
359152
359155
359156
359158
359161
359163
359164
359165
359167
359168
359169
359172
359173
359174
359175
359177
359178
359179
359180
359183
359186
359187
359188
359189
359190
359191
359193
359194
359195
359196
359198
359199
359200
359201
359203
359204
359205
359206
359207
359208
359211
359212
359213
359214
359215
359216
359217
359218
359219
359220
359221
359222
359223
359224
359225
359226
359227
359228
359229
359230
359231
359234
359236
359237
359238
359239
359240
359241
359243
359244
359246
359247
359248
359249
359250
359251
359252
359253
359254
359255
359256
359257
359259
359261
359263
359264
359265
359266
359267
359268
359269
359270
359271
359273
359274
359275
359276
359279
359280
359281
359282
359283
359285
359286
359287
359288
359289
359290
359291
359292
359293
359294
359295
359296
359297
359298
359301
359302
359303
359304
359305
359306
359307
359308
359309
359310
359311
359312
359314
359315
359316
359317
359318
359320
359322
359323
359324
359325
359326
359327
359328
359329
359330
359332
359334
359335
359337
359338
359344
359348
359353
359356
359359
359367
359370
359372
359373
359374
359376
359378
359379
359380
359381
359382
359383
359384
359385
359386
359388
359389
359390
359391
359392
359393
359395
359396
359397
359398
359399
359400
359402
359403
359404
359405
359406
359407
359409
359410
359412
359413
359414
359415
359417
359419
359420
359421
359422
359423
359424
359425
359427
359429
359430
359431
359433
359434
359435
359437
359438
359439
359440
359441
359443
359444
359445
359446
359448
359449
359450
359452
359457
359458
359459
359460
359461
359464
359465
359467
359468
359470
359471
359472
359473
359474
359475
359476
359477
359478
359480
359481
359482
359483
359484
359485
359486
359487
359488
359489
359490
359492
359493
359494
359495
359496
359497
359498
359499
359500
359506
359507
359508
359509
359510
359511
359512
359513
359514
359516
359517
359518
359519
359521
359523
359524
359526
359527
359528
359529
359530
359532
359533
359535
359536
359538
359540
359541
359543
359544
359545
359546
359547
359548
359554
359555
359556
359557
359559
359560
359561
359562
359565
359566
359567
359568
359569
359570
359572
359574
359575
359577
359578
359579
359580
359583
359584
359586
359588
359593
359595
359596
359597
359600
359601
359605
359608
359609
359611
359612
359613
359617
359619
359620
359621
359622
359623
359625
359626
359628
359629
359630
359631
359632
359633
359634
359635
359636
359637
359638
359639
359641
359642
359643
359645
359646
359647
359648
359649
359650
359653
359655
359656
359657
359658
359659
359660
359661
359663
359664
359666
359667
359669
359672
359673
359674
359676
359677
359679
359680
359681
359682
359683
359684
359685
359686
359687
359688
359692
359693
359694
359695
359696
359697
359698
359699
359700
359701
359704
359705
359706
359707
359708
359709
359710
359711
359713
359714
359715
359716
359717
359718
359719
359720
359721
359722
359724
359726
359728
359729
359731
359733
359734
359735
359736
359737
359738
359739
359740
359741
359742
359743
359744
359747
359748
359749
359752
359753
359754
359755
359756
359757
359759
359760
359761
359762
359763
359765
359766
359767
359768
359769
359770
359772
359773
359774
359775
359776
359778
359779
359781
359783
359784
359786
359787
359788
359789
359790
359791
359792
359793
359794
359795
359796
359797
359798
359800
359801
359802
359803
359804
359805
359806
359807
359808
359809
359810
359812
359813
359814
359815
359816
359817
359818
359819
359821
359822
359823
359824
359825
359826
359827
359828
359830
359831
359833
359834
359835
359836
359837
359838
359839
359841
359842
359844
359845
359846
359848
359850
359851
359854
359855
359856
359857
359858
359859
359862
359863
359864
359865
359866
359867
359868
359869
359870
359871
359872
359873
359874
359875
359876
359877
359878
359880
359881
359883
359887
359888
359889
359890
359891
359893
359894
359895
359897
359898
359899
359900
359901
359902
359903
359905
359907
359908
359909
359910
359911
359912
359913
359914
359915
359916
359917
359918
359919
359920
359922
359923
359924
359925
359926
359927
359928
359929
359931
359933
359934
359935
359938
359941
359944
359946
359947
359948
359950
359951
359953
359954
359956
359958
359962
359968
359970
359971
359972
359973
359976
359977
359979
359980
359981
359982
359984
359986
359987
359988
359989
359993
359994
359995
359996
359997
359998
360001
360003
360004
360005
360006
360007
360008
360010
360011
360012
360013
360014
360015
360016
360017
360018
360019
360020
360021
360022
360023
360024
360026
360027
360028
360029
360030
360033
360034
360035
360036
360037
360040
360042
360044
360045
360046
360048
360049
360050
360051
360052
360053
360054
360055
360056
360060
360061
360062
360063
360065
360066
360068
360069
360074
360078
360080
360082
360083
360084
360085
360086
360087
360090
360092
360094
360095
360096
360097
360098
360099
360101
360102
360104
360105
360106
360109
360112
360113
360114
360115
360116
360118
360121
360122
360124
360125
360126
360128
360130
360131
360132
360134
360135
360136
360139
360140
360141
360144
360145
360147
360148
360149
360151
360152
360153
360154
360155
360156
360157
360158
360159
360161
360163
360165
360166
360167
360169
360170
360172
360173
360174
360175
360176
360177
360178
360179
360181
360182
360183
360186
360187
360189
360190
360193
360194
360198
360199
360202
360203
360204
360206
360207
360208
360210
360212
360213
360215
360216
360217
360218
360219
360220
360222
360223
360224
360225
360226
360227
360228
360230
360231
360234
360236
360237
360238
360240
360241
360243
360244
360246
360247
360252
360253
360255
360256
360257
360260
360261
360262
360263
360264
360265
360267
360270
360272
360273
360274
360275
360276
360277
360278
360279
360281
360282
360285
360286
360287
360289
360290
360291
360292
360293
360294
360295
360299
360300
360302
360303
360304
360305
360306
360307
360308
360309
360310
360311
360312
360313
360314
360316
360317
360318
360319
360320
360321
360323
360325
360326
360327
360329
360330
360332
360334
360335
360336
360339
360340
360342
360343
360344
360345
360346
360348
360349
360350
360352
360354
360355
360356
360357
360358
360359
360360
360361
360364
360365
360366
360367
360369
360370
360371
360373
360374
360375
360377
360378
360379
360380
360381
360382
360383
360384
360385
360387
360388
360389
360393
360394
360396
360397
360398
360399
360403
360404
360406
360407
360408
360409
360410
360411
360412
360413
360414
360415
360416
360417
360419
360420
360421
360423
360424
360425
360427
360429
360430
360431
360432
360434
360439
360441
360442
360443
360444
360445
360446
360448
360449
360450
360451
360452
360453
360454
360455
360457
360458
360459
360460
360461
360462
360463
360464
360466
360467
360468
360469
360470
360471
360472
360473
360474
360475
360476
360478
360479
360480
360482
360483
360484
360486
360487
360488
360490
360492
360493
360494
360497
360498
360499
360500
360501
360503
360504
360505
360506
360507
360508
360509
360510
360511
360512
360513
360514
360515
360518
360520
360523
360524
360527
360528
360529
360531
360533
360534
360535
360536
360539
360540
360541
360542
360543
360546
360548
360549
360552
360555
360556
360557
360559
360560
360561
360562
360566
360567
360568
360570
360571
360572
360573
360574
360575
360576
360577
360578
360581
360582
360583
360585
360586
360587
360589
360594
360596
360597
360599
360601
360602
360603
360604
360605
360606
360607
360608
360610
360611
360612
360613
360614
360615
360616
360617
360620
360622
360623
360625
360626
360627
360628
360629
360632
360633
360634
360637
360638
360639
360641
360645
360646
360647
360648
360649
360650
360651
360653
360654
360655
360656
360657
360659
360660
360661
360662
360663
360664
360665
360666
360667
360668
360669
360670
360671
360673
360674
360675
360676
360677
360678
360680
360681
360682
360683
360684
360686
360687
360688
360689
360690
360691
360692
360693
360694
360695
360696
360699
360700
360701
360703
360704
360705
360707
360708
360709
360710
360711
360712
360713
360715
360716
360717
360718
360719
360720
360721
360722
360723
360724
360725
360726
360727
360728
360729
360730
360731
360732
360733
360734
360735
360736
360737
360738
360739
360740
360743
360744
360745
360746
360747
360748
360749
360750
360751
360752
360753
360754
360755
360756
360757
360758
360759
360760
360763
360767
360768
360771
360772
360773
360775
360776
360777
360779
360780
360782
360784
360786
360787
360790
360791
360792
360793
360794
360795
360799
360800
360801
360803
360804
360805
360807
360808
360810
360811
360812
360813
360815
360816
360818
360820
360821
360822
360823
360824
360825
360826
360828
360830
360831
360832
360833
360834
360837
360838
360839
360841
360844
360845
360846
360847
360848
360849
360850
360851
360852
360853
360854
360855
360856
360857
360858
360859
360860
360862
360863
360864
360865
360866
360868
360869
360870
360872
360873
360874
360875
360876
360878
360879
360880
360882
360883
360886
360887
360888
360889
360890
360892
360893
360894
360896
360897
360899
360900
360901
360902
360903
360904
360908
360910
360911
360912
360913
360915
360917
360918
360919
360921
360922
360923
360924
360925
360926
360928
360929
360930
360933
360934
360935
360936
360937
360938
360939
360940
360942
360943
360944
360945
360947
360948
360949
360950
360951
360952
360955
360958
360959
360960
360961
360963
360964
360965
360966
360968
360969
360970
360973
360975
360976
360978
360981
360982
360983
360984
360985
360986
360987
360988
360990
360992
360993
360994
360996
360997
360999
361000
361001
361003
361004
361005
361006
361007
361008
361010
361011
361012
361013
361015
361016
361017
361019
361020
361021
361023
361024
361025
361026
361027
361028
361029
361030
361031
361032
361033
361035
361036
361038
361041
361042
361046
361047
361048
361049
361050
361051
361052
361053
361055
361056
361057
361058
361059
361060
361061
361062
361063
361064
361065
361066
361067
361068
361069
361073
361074
361076
361077
361078
361079
361080
361081
361082
361083
361084
361085
361086
361087
361088
361089
361090
361091
361092
361093
361095
361096
361097
361098
361099
361100
361101
361102
361103
361104
361105
361106
361107
361108
361109
361110
361111
361112
361113
361115
361116
361117
361118
361119
361120
361121
361124
361125
361128
361129
361130
361131
361132
361133
361134
361135
361137
361138
361139
361140
361141
361142
361143
361144
361145
361146
361147
361150
361151
361153
361154
361155
361156
361157
361158
361159
361160
361161
361162
361163
361164
361165
361166
361169
361171
361172
361174
361175
361176
361177
361178
361182
361183
361185
361186
361187
361188
361189
361191
361192
361193
361194
361196
361197
361200
361201
361202
361204
361206
361207
361208
361209
361210
361211
361212
361214
361215
361216
361217
361218
361219
361220
361221
361222
361223
361224
361225
361226
361227
361228
361230
361231
361232
361233
361234
361235
361238
361239
361241
361242
361243
361244
361245
361247
361248
361249
361253
361254
361256
361258
361259
361260
361261
361262
361263
361264
361265
361266
361267
361269
361270
361271
361272
361273
361274
361275
361276
361278
361280
361281
361282
361283
361286
361287
361288
361289
361291
361292
361295
361297
361298
361299
361301
361302
361303
361305
361306
361307
361308
361311
361312
361315
361316
361317
361318
361322
361324
361325
361326
361327
361328
361329
361331
361336
361338
361339
361342
361343
361345
361346
361347
361348
361349
361350
361351
361352
361353
361354
361356
361357
361358
361359
361360
361361
361362
361363
361364
361365
361366
361367
361368
361369
361370
361371
361372
361373
361374
361375
361376
361377
361379
361380
361381
361382
361383
361385
361386
361388
361390
361391
361392
361394
361395
361399
361400
361402
361403
361404
361405
361406
361408
361412
361414
361415
361416
361419
361420
361421
361423
361424
361426
361427
361428
361429
361431
361434
361435
361436
361437
361438
361439
361440
361441
361445
361446
361447
361449
361450
361451
361452
361453
361454
361455
361457
361460
361461
361463
361465
361466
361470
361471
361472
361473
361474
361475
361477
361478
361479
361480
361482
361483
361484
361485
361486
361487
361488
361489
361490
361492
361493
361494
361495
361496
361497
361498
361499
361500
361501
361504
361505
361506
361508
361509
361510
361511
361513
361514
361516
361517
361519
361520
361522
361523
361524
361527
361528
361529
361530
361534
361535
361536
361540
361542
361543
361544
361545
361546
361548
361550
361551
361552
361553
361554
361555
361556
361557
361558
361559
361560
361561
361562
361564
361566
361569
361570
361571
361574
361575
361576
361577
361579
361582
361583
361585
361586
361588
361589
361590
361592
361593
361594
361595
361596
361597
361598
361600
361602
361604
361605
361606
361609
361613
361614
361617
361618
361619
361622
361623
361624
361625
361626
361627
361628
361629
361630
361631
361633
361634
361635
361636
361637
361638
361639
361640
361641
361642
361643
361644
361645
361646
361648
361649
361650
361652
361653
361654
361656
361657
361660
361661
361663
361664
361665
361666
361667
361668
361669
361671
361673
361674
361675
361676
361677
361679
361680
361681
361682
361683
361684
361685
361686
361688
361691
361692
361693
361694
361695
361696
361697
361698
361699
361700
361701
361702
361703
361705
361706
361707
361708
361709
361710
361711
361713
361714
361717
361719
361720
361721
361722
361723
361725
361726
361727
361728
361729
361731
361732
361734
361735
361737
361738
361739
361740
361741
361742
361743
361744
361745
361746
361747
361748
361750
361751
361752
361753
361755
361756
361757
361758
361759
361760
361761
361762
361763
361765
361766
361767
361768
361769
361771
361772
361773
361774
361776
361777
361778
361779
361781
361782
361783
361785
361786
361787
361788
361789
361790
361791
361792
361793
361794
361796
361797
361799
361800
361801
361802
361803
361804
361805
361806
361807
361813
361814
361815
361816
361818
361819
361820
361821
361822
361823
361824
361825
361826
361827
361828
361830
361831
361833
361834
361835
361836
361837
361838
361839
361841
361842
361843
361844
361845
361846
361847
361848
361849
361850
361852
361854
361855
361856
361857
361858
361859
361860
361862
361865
361866
361867
361869
361871
361872
361873
361874
361875
361877
361878
361879
361880
361881
361882
361883
361884
361885
361886
361887
361888
361889
361890
361891
361892
361893
361894
361895
361896
361897
361899
361900
361901
361902
361903
361904
361905
361906
361908
361912
361913
361914
361915
361916
361919
361920
361922
361923
361925
361926
361927
361928
361929
361930
361931
361932
361934
361935
361939
361940
361941
361942
361943
361944
361945
361946
361947
361948
361949
361950
361951
361952
361953
361954
361955
361956
361957
361958
361959
361960
361961
361962
361963
361964
361967
361968
361969
361970
361973
361974
361975
361978
361979
361980
361981
361982
361983
361985
361987
361988
361989
361990
361992
361993
361994
361995
361996
361997
361998
362000
362001
362002
362003
362004
362005
362006
362007
362008
362009
362010
362011
362012
362013
362015
362016
362017
362018
362021
362022
362023
362025
362026
362027
362028
362030
362031
362032
362033
362034
362035
362037
362039
362040
362041
362042
362043
362044
362045
362046
362049
362051
362053
362054
362055
362057
362059
362063
362064
362065
362066
362067
362068
362070
362071
362072
362076
362077
362078
362079
362080
362082
362084
362085
362086
362089
362091
362092
362093
362094
362097
362098
362099
362100
362103
362104
362106
362107
362109
362110
362111
362112
362113
362114
362116
362117
362120
362121
362123
362124
362125
362126
362128
362131
362132
362133
362134
362136
362138
362139
362140
362141
362144
362145
362146
362147
362148
362149
362150
362151
362152
362153
362155
362156
362157
362158
362161
362162
362165
362166
362167
362170
362171
362172
362173
362174
362175
362176
362178
362179
362181
362183
362184
362186
362187
362188
362189
362190
362192
362194
362195
362196
362197
362198
362199
362200
362201
362202
362203
362204
362205
362206
362207
362208
362209
362210
362212
362213
362214
362216
362217
362218
362219
362220
362221
362224
362227
362229
362230
362231
362232
362233
362234
362235
362237
362240
362241
362242
362243
362247
362248
362251
362252
362253
362254
362256
362258
362260
362261
362262
362263
362265
362266
362267
362268
362269
362271
362272
362274
362275
362276
362277
362278
362281
362283
362284
362285
362286
362287
362288
362289
362290
362291
362292
362294
362295
362296
362297
362298
362299
362300
362301
362302
362303
362304
362305
362306
362309
362312
362313
362315
362316
362317
362318
362323
362324
362325
362326
362327
362328
362329
362330
362331
362332
362333
362334
362335
362336
362338
362340
362341
362343
362344
362345
362346
362347
362348
362349
362350
362351
362353
362358
362362
362364
362366
362367
362368
362369
362370
362371
362372
362373
362374
362375
362376
362377
362378
362379
362380
362381
362382
362383
362384
362385
362386
362387
362388
362389
362390
362391
362392
362393
362394
362395
362396
362397
362398
362399
362400
362401
362405
362406
362407
362408
362409
362410
362411
362412
362414
362415
362417
362418
362419
362420
362421
362422
362423
362428
362429
362430
362431
362436
362438
362439
362440
362441
362442
362444
362445
362447
362448
362449
362450
362451
362453
362456
362458
362459
362460
362462
362463
362464
362465
362466
362467
362469
362470
362476
362478
362479
362480
362481
362482
362483
362484
362486
362487
362490
362492
362496
362498
362500
362501
362502
362503
362505
362506
362507
362508
362511
362512
362513
362514
362516
362517
362518
362519
362520
362521
362522
362523
362524
362526
362528
362529
362530
362532
362533
362534
362535
362539
362540
362541
362542
362543
362545
362547
362548
362549
362550
362552
362553
362554
362555
362556
362557
362558
362559
362560
362562
362563
362565
362568
362569
362570
362571
362572
362573
362575
362577
362578
362579
362581
362584
362585
362588
362589
362592
362593
362594
362595
362596
362597
362598
362599
362602
362603
362605
362606
362607
362609
362611
362613
362614
362615
362617
362618
362619
362620
362621
362622
362624
362625
362626
362627
362628
362629
362630
362631
362633
362635
362637
362638
362639
362640
362641
362644
362645
362646
362648
362649
362650
362652
362653
362654
362656
362657
362658
362659
362660
362661
362662
362663
362664
362665
362666
362667
362668
362671
362672
362674
362675
362676
362677
362679
362680
362681
362682
362686
362687
362688
362689
362690
362693
362694
362695
362697
362698
362699
362701
362702
362703
362704
362705
362706
362707
362708
362709
362710
362711
362712
362713
362714
362715
362716
362717
362719
362720
362722
362725
362726
362727
362730
362731
362733
362735
362737
362739
362740
362744
362746
362747
362749
362751
362752
362754
362755
362757
362758
362759
362760
362761
362762
362763
362764
362765
362766
362768
362769
362770
362771
362773
362774
362775
362776
362777
362778
362779
362780
362781
362782
362784
362785
362786
362787
362788
362789
362791
362792
362793
362794
362797
362799
362801
362802
362803
362804
362806
362808
362809
362810
362811
362812
362813
362814
362817
362820
362823
362824
362825
362826
362827
362828
362830
362831
362833
362834
362836
362837
362838
362839
362840
362841
362842
362846
362847
362848
362849
362850
362851
362853
362855
362856
362857
362858
362859
362860
362862
362863
362866
362867
362868
362870
362871
362872
362873
362876
362877
362878
362879
362880
362881
362882
362884
362886
362887
362888
362889
362890
362891
362892
362894
362895
362896
362897
362898
362899
362900
362901
362903
362904
362905
362906
362908
362909
362913
362916
362917
362918
362920
362921
362923
362928
362929
362930
362932
362933
362935
362936
362939
362940
362941
362942
362943
362944
362945
362947
362949
362951
362953
362954
362955
362956
362958
362959
362960
362961
362962
362963
362964
362966
362967
362970
362971
362972
362973
362974
362975
362977
362978
362980
362983
362984
362985
362986
362988
362990
362993
362994
362996
362997
362998
362999
363000
363002
363003
363004
363005
363006
363007
363008
363016
363017
363018
363020
363021
363022
363025
363026
363028
363029
363030
363031
363032
363033
363035
363036
363037
363038
363039
363040
363041
363042
363043
363044
363045
363049
363050
363051
363052
363053
363054
363055
363056
363058
363059
363060
363061
363062
363064
363065
363066
363068
363070
363072
363073
363074
363077
363078
363079
363081
363082
363083
363085
363087
363088
363089
363090
363092
363093
363094
363095
363096
363097
363098
363100
363101
363103
363104
363105
363106
363107
363110
363111
363112
363118
363119
363120
363121
363122
363123
363124
363125
363126
363127
363128
363129
363134
363136
363137
363138
363139
363140
363142
363143
363144
363145
363146
363147
363148
363149
363150
363151
363152
363153
363154
363157
363158
363159
363160
363161
363162
363164
363165
363166
363167
363168
363169
363170
363171
363172
363174
363175
363176
363178
363179
363180
363181
363183
363184
363185
363187
363188
363189
363190
363191
363193
363194
363195
363196
363197
363198
363199
363200
363202
363203
363206
363207
363209
363210
363211
363213
363214
363215
363216
363217
363219
363220
363222
363224
363227
363228
363230
363231
363233
363234
363235
363236
363239
363240
363241
363242
363245
363246
363249
363251
363252
363253
363254
363255
363256
363257
363258
363260
363263
363264
363265
363266
363268
363270
363271
363273
363276
363277
363278
363279
363280
363281
363282
363283
363284
363286
363287
363289
363291
363292
363293
363294
363295
363297
363299
363300
363301
363302
363303
363304
363306
363307
363308
363310
363313
363314
363316
363317
363318
363319
363320
363321
363322
363323
363324
363325
363326
363327
363332
363335
363337
363338
363341
363343
363346
363347
363348
363349
363350
363351
363352
363353
363355
363356
363357
363358
363359
363360
363362
363363
363366
363367
363369
363371
363372
363373
363374
363375
363376
363378
363379
363380
363381
363382
363383
363384
363386
363388
363389
363391
363392
363393
363394
363396
363397
363398
363399
363403
363405
363406
363408
363409
363410
363411
363412
363413
363416
363418
363419
363420
363422
363423
363424
363426
363427
363428
363430
363431
363432
363433
363434
363435
363436
363437
363438
363440
363441
363442
363445
363446
363447
363448
363449
363451
363452
363453
363454
363456
363457
363458
363459
363460
363463
363464
363465
363466
363467
363468
363469
363471
363472
363473
363474
363475
363476
363478
363480
363482
363485
363486
363487
363488
363489
363490
363492
363493
363494
363495
363496
363497
363498
363499
363501
363506
363508
363509
363510
363514
363515
363516
363517
363518
363519
363522
363523
363524
363526
363528
363529
363530
363531
363536
363537
363538
363540
363541
363542
363547
363548
363550
363551
363552
363554
363555
363556
363557
363559
363562
363563
363564
363565
363567
363568
363570
363571
363572
363573
363574
363576
363577
363578
363580
363581
363582
363583
363584
363586
363588
363590
363591
363592
363593
363594
363595
363597
363602
363604
363605
363606
363607
363609
363610
363611
363612
363613
363615
363618
363620
363621
363622
363623
363624
363625
363627
363628
363630
363631
363633
363634
363636
363637
363638
363639
363640
363641
363642
363643
363644
363645
363647
363648
363649
363650
363651
363652
363653
363655
363656
363657
363658
363659
363660
363661
363663
363665
363667
363668
363669
363672
363673
363674
363675
363676
363677
363679
363680
363681
363682
363683
363684
363686
363688
363689
363690
363691
363693
363694
363695
363697
363698
363699
363700
363702
363703
363704
363705
363706
363707
363708
363709
363710
363711
363713
363715
363716
363718
363719
363720
363721
363722
363723
363724
363725
363726
363727
363728
363730
363731
363732
363733
363735
363738
363739
363740
363741
363742
363743
363744
363745
363747
363748
363751
363752
363755
363756
363757
363758
363759
363760
363762
363763
363764
363765
363766
363767
363768
363771
363772
363773
363774
363776
363777
363778
363779
363782
363783
363785
363786
363788
363791
363793
363794
363796
363797
363798
363799
363800
363803
363804
363806
363807
363808
363809
363810
363811
363812
363813
363816
363818
363819
363820
363821
363822
363823
363824
363825
363826
363827
363828
363830
363833
363834
363837
363838
363839
363840
363841
363842
363843
363844
363847
363849
363850
363852
363854
363855
363856
363857
363858
363859
363860
363861
363863
363866
363867
363868
363870
363872
363873
363874
363875
363876
363877
363879
363880
363881
363882
363884
363886
363890
363891
363894
363896
363899
363900
363901
363902
363907
363908
363909
363910
363911
363912
363913
363914
363915
363916
363917
363918
363919
363920
363921
363922
363923
363924
363926
363927
363928
363929
363932
363933
363934
363935
363936
363938
363941
363942
363945
363947
363949
363952
363953
363954
363955
363956
363957
363958
363959
363960
363963
363964
363966
363967
363968
363969
363970
363971
363972
363973
363975
363976
363977
363979
363980
363983
363984
363985
363987
363988
363989
363990
363992
363993
363994
363996
363997
363998
364000
364001
364005
364010
364019
364020
364021
364022
364023
364024
364025
364026
364027
364028
364029
364030
364032
364034
364035
364037
364038
364040
364042
364044
364045
364047
364048
364049
364050
364052
364054
364055
364056
364057
364058
364060
364064
364065
364066
364068
364069
364070
364072
364073
364074
364075
364076
364077
364078
364079
364080
364081
364083
364085
364086
364087
364088
364089
364090
364091
364092
364094
364095
364096
364097
364098
364099
364100
364103
364104
364105
364106
364107
364109
364110
364112
364113
364114
364115
364116
364117
364118
364119
364120
364122
364123
364124
364125
364126
364127
364128
364129
364130
364131
364132
364133
364134
364135
364137
364138
364139
364140
364143
364144
364145
364146
364147
364148
364149
364150
364151
364152
364153
364155
364156
364157
364159
364160
364161
364162
364164
364165
364166
364167
364168
364169
364170
364172
364173
364174
364175
364177
364179
364182
364184
364185
364187
364189
364192
364194
364196
364199
364200
364202
364204
364206
364207
364208
364210
364211
364212
364213
364214
364215
364216
364217
364218
364219
364220
364222
364223
364224
364225
364226
364228
364230
364232
364234
364235
364236
364237
364239
364240
364241
364242
364244
364245
364246
364247
364249
364251
364252
364253
364255
364256
364257
364258
364259
364260
364261
364263
364267
364268
364269
364271
364272
364273
364274
364275
364276
364277
364278
364280
364281
364282
364283
364284
364285
364287
364288
364291
364292
364293
364294
364295
364296
364298
364299
364301
364302
364303
364304
364305
364306
364308
364309
364310
364311
364312
364313
364314
364315
364317
364318
364319
364320
364321
364323
364325
364326
364327
364328
364329
364330
364332
364333
364334
364335
364336
364337
364339
364340
364341
364342
364343
364344
364346
364347
364348
364349
364352
364353
364355
364356
364358
364359
364361
364363
364364
364366
364367
364368
364369
364370
364373
364374
364375
364376
364377
364378
364379
364381
364383
364385
364386
364387
364389
364390
364391
364395
364397
364398
364400
364401
364402
364403
364405
364406
364407
364408
364409
364410
364411
364415
364416
364417
364418
364419
364420
364421
364422
364423
364425
364426
364428
364429
364431
364432
364433
364434
364436
364437
364438
364443
364444
364445
364446
364448
364449
364450
364451
364452
364454
364455
364456
364457
364459
364463
364464
364465
364466
364467
364468
364469
364470
364471
364472
364473
364474
364475
364476
364477
364481
364483
364486
364488
364489
364491
364492
364494
364496
364497
364501
364504
364505
364506
364507
364508
364509
364510
364511
364514
364515
364516
364518
364519
364521
364523
364524
364525
364526
364528
364529
364530
364531
364532
364534
364535
364536
364538
364539
364540
364544
364549
364550
364551
364552
364553
364555
364558
364560
364561
364563
364564
364565
364566
364567
364568
364569
364570
364571
364572
364574
364575
364576
364577
364578
364579
364581
364582
364583
364584
364585
364586
364587
364588
364589
364590
364591
364592
364593
364594
364595
364596
364599
364600
364601
364602
364603
364604
364605
364606
364607
364608
364609
364610
364612
364613
364615
364616
364617
364618
364619
364621
364622
364623
364624
364625
364626
364627
364628
364629
364630
364631
364632
364633
364634
364635
364636
364637
364638
364639
364641
364642
364643
364644
364645
364647
364648
364650
364651
364653
364654
364656
364657
364658
364659
364660
364661
364662
364663
364664
364665
364666
364667
364668
364669
364670
364671
364673
364674
364675
364676
364677
364678
364679
364680
364681
364682
364683
364684
364685
364686
364687
364688
364689
364690
364691
364692
364693
364694
364695
364696
364698
364700
364701
364702
364704
364705
364706
364707
364708
364709
364710
364711
364712
364713
364714
364715
364716
364717
364718
364719
364721
364722
364724
364725
364726
364727
364728
364729
364731
364732
364734
364735
364737
364738
364739
364740
364743
364745
364746
364748
364749
364750
364751
364752
364753
364754
364755
364757
364759
364760
364761
364763
364764
364767
364769
364770
364771
364772
364773
364774
364775
364776
364778
364780
364781
364783
364785
364786
364787
364789
364790
364791
364792
364793
364795
364796
364797
364798
364799
364800
364801
364802
364803
364806
364807
364808
364809
364811
364812
364813
364814
364815
364816
364818
364819
364820
364821
364822
364823
364824
364825
364826
364827
364828
364829
364830
364832
364833
364834
364835
364836
364837
364838
364839
364840
364841
364842
364843
364844
364845
364846
364847
364849
364850
364851
364852
364853
364855
364856
364857
364858
364859
364863
364864
364865
364868
364870
364871
364872
364873
364874
364875
364878
364879
364880
364881
364882
364883
364884
364885
364886
364887
364889
364891
364893
364895
364899
364900
364902
364903
364906
364907
364908
364909
364910
364911
364912
364915
364916
364917
364918
364919
364921
364922
364923
364924
364926
364927
364928
364929
364931
364932
364933
364934
364940
364941
364942
364943
364945
364946
364949
364950
364951
364952
364953
364954
364955
364956
364957
364958
364959
364960
364961
364964
364966
364967
364968
364970
364971
364972
364973
364974
364975
364977
364979
364981
364982
364983
364985
364987
364989
364991
364992
364994
364996
364997
364999
365000
365001
365005
365006
365007
365008
365009
365011
365012
365015
365016
365017
365019
365020
365021
365022
365023
365024
365025
365026
365028
365030
365032
365033
365034
365035
365036
365038
365042
365045
365046
365047
365048
365049
365050
365052
365053
365054
365055
365057
365058
365059
365060
365061
365062
365063
365064
365065
365066
365067
365068
365069
365070
365072
365073
365074
365075
365077
365078
365079
365081
365082
365083
365085
365086
365087
365088
365089
365090
365091
365093
365094
365096
365097
365098
365102
365103
365104
365105
365107
365108
365109
365110
365111
365112
365113
365114
365115
365116
365118
365120
365121
365123
365124
365126
365127
365128
365129
365130
365131
365132
365133
365134
365135
365136
365137
365138
365139
365142
365144
365146
365147
365149
365153
365154
365156
365157
365158
365161
365163
365164
365167
365169
365171
365172
365174
365177
365180
365181
365182
365183
365184
365185
365186
365187
365188
365189
365191
365192
365194
365195
365196
365197
365198
365199
365200
365203
365204
365205
365207
365208
365209
365211
365212
365213
365215
365216
365217
365220
365221
365222
365223
365226
365227
365228
365229
365230
365232
365234
365235
365236
365237
365238
365239
365241
365242
365245
365247
365248
365249
365250
365251
365252
365253
365254
365255
365256
365257
365259
365260
365261
365262
365263
365264
365265
365267
365268
365270
365271
365273
365274
365276
365277
365278
365280
365281
365283
365284
365286
365287
365289
365292
365293
365294
365295
365296
365298
365299
365302
365303
365304
365305
365306
365307
365308
365309
365310
365311
365312
365313
365314
365315
365316
365317
365318
365319
365320
365321
365322
365323
365325
365327
365328
365329
365330
365331
365333
365336
365337
365338
365340
365341
365342
365346
365347
365348
365349
365350
365351
365352
365353
365354
365355
365356
365357
365358
365359
365360
365361
365362
365363
365365
365367
365368
365369
365371
365373
365375
365377
365378
365380
365382
365383
365384
365385
365386
365387
365388
365389
365390
365391
365393
365394
365395
365397
365398
365401
365402
365403
365404
365405
365408
365410
365411
365412
365419
365420
365421
365422
365423
365425
365428
365429
365430
365431
365432
365433
365434
365435
365436
365438
365439
365440
365441
365442
365443
365445
365446
365447
365448
365452
365454
365455
365457
365458
365460
365462
365463
365465
365466
365467
365468
365469
365470
365471
365472
365473
365474
365476
365477
365478
365479
365480
365481
365482
365484
365485
365486
365488
365489
365490
365492
365493
365494
365495
365496
365498
365499
365501
365502
365503
365504
365505
365506
365507
365509
365510
365511
365515
365516
365517
365518
365519
365520
365521
365523
365524
365525
365526
365527
365528
365529
365530
365531
365532
365534
365535
365536
365537
365538
365539
365540
365541
365542
365543
365545
365547
365548
365550
365551
365552
365553
365554
365555
365556
365557
365558
365559
365560
365561
365563
365564
365565
365566
365567
365568
365570
365571
365572
365573
365574
365576
365577
365578
365579
365580
365581
365582
365583
365584
365585
365586
365587
365588
365589
365590
365591
365592
365595
365596
365597
365599
365601
365602
365604
365605
365606
365608
365609
365610
365611
365612
365614
365617
365619
365621
365622
365623
365625
365628
365630
365631
365632
365633
365634
365637
365638
365640
365641
365642
365643
365644
365645
365646
365647
365648
365649
365650
365651
365653
365654
365655
365656
365657
365658
365659
365661
365662
365664
365666
365667
365670
365671
365672
365674
365675
365678
365679
365680
365682
365683
365684
365686
365687
365688
365689
365690
365691
365693
365697
365698
365699
365700
365701
365702
365703
365704
365705
365706
365707
365708
365711
365712
365713
365714
365715
365716
365717
365718
365719
365720
365721
365722
365723
365725
365726
365727
365728
365729
365730
365732
365733
365734
365736
365738
365740
365741
365742
365744
365745
365746
365747
365748
365749
365751
365752
365754
365755
365757
365759
365760
365761
365764
365765
365766
365767
365768
365769
365771
365772
365775
365776
365777
365779
365780
365781
365783
365784
365785
365786
365788
365790
365791
365793
365795
365796
365798
365800
365801
365802
365803
365804
365805
365806
365808
365810
365811
365813
365814
365815
365816
365817
365819
365820
365821
365822
365824
365825
365826
365827
365830
365831
365834
365835
365836
365837
365838
365839
365840
365841
365842
365843
365844
365845
365847
365848
365849
365850
365851
365854
365855
365856
365857
365858
365859
365860
365861
365862
365863
365865
365866
365867
365868
365869
365870
365871
365872
365874
365875
365876
365877
365878
365879
365880
365881
365882
365883
365885
365886
365887
365889
365890
365891
365892
365893
365895
365896
365897
365899
365900
365902
365903
365904
365905
365906
365907
365908
365909
365910
365911
365912
365913
365914
365916
365917
365919
365920
365921
365922
365924
365925
365927
365928
365929
365931
365932
365934
365936
365938
365941
365942
365943
365945
365946
365948
365949
365950
365951
365952
365954
365957
365958
365959
365960
365961
365962
365963
365964
365965
365966
365968
365970
365971
365972
365973
365974
365978
365981
365982
365984
365985
365986
365987
365988
365991
365992
365994
365996
365997
365998
365999
366000
366002
366003
366004
366006
366007
366008
366010
366012
366013
366014
366015
366016
366017
366018
366019
366020
366021
366022
366024
366025
366027
366030
366031
366033
366035
366036
366037
366038
366039
366041
366042
366043
366044
366046
366048
366049
366050
366052
366053
366054
366055
366056
366057
366058
366060
366062
366063
366064
366065
366066
366067
366068
366069
366070
366071
366073
366074
366076
366077
366078
366080
366081
366082
366083
366084
366085
366086
366087
366088
366089
366090
366091
366092
366093
366094
366095
366096
366097
366098
366102
366103
366105
366106
366107
366108
366110
366111
366114
366115
366116
366117
366118
366119
366120
366121
366122
366124
366125
366126
366128
366129
366130
366131
366132
366133
366134
366135
366136
366137
366138
366139
366140
366141
366142
366143
366144
366145
366149
366150
366152
366156
366157
366159
366160
366162
366163
366164
366165
366166
366167
366168
366169
366170
366172
366173
366174
366176
366177
366178
366179
366180
366181
366183
366184
366185
366187
366191
366192
366195
366196
366197
366198
366200
366201
366202
366203
366204
366206
366207
366208
366209
366210
366211
366212
366213
366214
366215
366216
366218
366219
366220
366221
366222
366223
366224
366225
366226
366227
366228
366230
366231
366232
366233
366234
366235
366236
366238
366239
366241
366242
366245
366246
366248
366249
366250
366252
366255
366256
366257
366259
366260
366261
366263
366266
366267
366268
366270
366272
366273
366274
366275
366276
366277
366278
366279
366280
366282
366283
366284
366285
366286
366288
366289
366290
366291
366293
366294
366296
366297
366299
366300
366301
366302
366303
366304
366305
366306
366307
366309
366310
366311
366312
366313
366314
366315
366316
366318
366320
366321
366322
366324
366325
366326
366327
366329
366330
366332
366333
366334
366335
366336
366337
366338
366339
366340
366342
366344
366345
366346
366347
366349
366350
366352
366353
366354
366355
366356
366359
366360
366361
366363
366364
366365
366367
366368
366369
366371
366374
366375
366376
366378
366380
366381
366384
366386
366388
366390
366392
366393
366394
366395
366396
366397
366398
366399
366401
366402
366404
366406
366408
366409
366411
366412
366416
366417
366419
366421
366423
366424
366425
366428
366433
366434
366435
366436
366437
366438
366439
366442
366445
366446
366447
366448
366449
366452
366453
366454
366456
366457
366460
366461
366463
366467
366468
366469
366471
366472
366473
366474
366475
366476
366477
366478
366479
366480
366481
366482
366486
366487
366489
366491
366492
366494
366495
366496
366497
366498
366499
366500
366502
366503
366504
366505
366507
366508
366510
366511
366513
366514
366516
366517
366518
366520
366522
366523
366525
366526
366527
366528
366529
366530
366531
366535
366537
366538
366539
366540
366542
366544
366545
366547
366548
366550
366551
366552
366555
366557
366559
366561
366562
366563
366564
366567
366569
366570
366571
366573
366575
366576
366577
366579
366580
366582
366583
366584
366586
366587
366588
366589
366590
366591
366592
366593
366595
366596
366597
366598
366600
366601
366602
366603
366604
366605
366607
366608
366610
366611
366614
366620
366621
366622
366623
366624
366625
366626
366627
366628
366629
366630
366631
366632
366633
366634
366635
366636
366637
366638
366639
366640
366641
366642
366643
366644
366645
366646
366648
366650
366651
366652
366653
366654
366655
366656
366657
366659
366660
366661
366662
366665
366666
366667
366669
366672
366673
366674
366675
366676
366677
366678
366679
366680
366681
366682
366684
366685
366686
366687
366688
366689
366690
366691
366692
366693
366694
366696
366697
366698
366699
366700
366702
366703
366705
366706
366708
366710
366711
366712
366713
366714
366716
366717
366718
366720
366722
366723
366725
366728
366731
366734
366735
366738
366739
366741
366742
366743
366744
366745
366747
366748
366749
366751
366755
366756
366757
366758
366762
366763
366764
366765
366766
366767
366768
366770
366771
366772
366773
366775
366777
366779
366780
366782
366783
366784
366785
366786
366788
366789
366790
366791
366792
366793
366794
366796
366797
366798
366799
366800
366801
366802
366803
366805
366807
366808
366809
366810
366811
366812
366813
366814
366815
366816
366817
366818
366819
366820
366822
366824
366825
366826
366827
366828
366830
366832
366834
366837
366838
366840
366841
366842
366843
366844
366845
366846
366847
366848
366849
366850
366851
366852
366853
366854
366855
366856
366857
366858
366860
366861
366862
366863
366864
366865
366866
366867
366868
366869
366870
366871
366873
366874
366876
366879
366880
366881
366883
366884
366885
366886
366888
366889
366890
366891
366892
366893
366895
366896
366898
366899
366900
366901
366902
366904
366905
366907
366908
366910
366911
366912
366913
366914
366916
366917
366918
366919
366922
366924
366925
366926
366927
366928
366929
366932
366933
366934
366935
366936
366940
366942
366943
366944
366946
366947
366950
366952
366953
366954
366955
366956
366957
366960
366961
366962
366963
366965
366967
366968
366970
366972
366974
366976
366977
366980
366981
366982
366983
366984
366986
366988
366990
366993
366994
366995
366996
366997
366998
366999
367000
367001
367002
367003
367004
367007
367008
367010
367011
367012
367013
367015
367016
367017
367018
367019
367020
367023
367024
367025
367026
367027
367028
367029
367030
367031
367032
367033
367035
367037
367038
367039
367040
367042
367044
367045
367046
367047
367048
367049
367050
367051
367052
367055
367056
367057
367058
367059
367060
367061
367062
367063
367064
367065
367066
367067
367068
367069
367070
367072
367073
367074
367075
367077
367078
367079
367080
367081
367082
367083
367084
367085
367086
367087
367089
367090
367091
367092
367093
367095
367096
367097
367098
367100
367101
367103
367105
367106
367108
367109
367110
367112
367114
367115
367117
367122
367123
367125
367126
367127
367128
367131
367132
367133
367137
367138
367144
367146
367147
367148
367149
367151
367154
367155
367156
367157
367160
367161
367163
367164
367165
367167
367168
367169
367170
367171
367172
367173
367174
367175
367176
367177
367179
367180
367181
367184
367185
367186
367187
367188
367189
367190
367195
367196
367198
367199
367200
367201
367202
367204
367205
367206
367207
367208
367210
367211
367212
367213
367214
367215
367216
367217
367218
367219
367222
367223
367225
367227
367228
367229
367231
367232
367233
367235
367236
367237
367238
367240
367241
367242
367243
367247
367249
367250
367252
367254
367255
367256
367257
367258
367259
367260
367261
367262
367263
367264
367266
367268
367269
367270
367271
367272
367273
367274
367275
367276
367277
367278
367280
367281
367282
367283
367284
367285
367286
367287
367288
367290
367291
367292
367293
367294
367295
367296
367297
367298
367299
367300
367301
367302
367303
367304
367305
367308
367309
367310
367311
367312
367313
367314
367315
367316
367317
367318
367320
367323
367324
367325
367326
367327
367328
367329
367330
367331
367332
367333
367334
367337
367338
367339
367340
367341
367342
367343
367344
367345
367346
367347
367348
367349
367350
367351
367352
367353
367354
367356
367357
367358
367359
367360
367362
367363
367364
367365
367366
367367
367370
367371
367372
367373
367374
367375
367376
367377
367379
367380
367381
367382
367383
367384
367385
367386
367388
367391
367392
367393
367394
367396
367397
367398
367399
367400
367401
367402
367404
367405
367406
367407
367408
367409
367410
367411
367413
367414
367416
367418
367419
367420
367423
367424
367427
367428
367429
367430
367431
367433
367434
367436
367437
367438
367439
367440
367441
367445
367446
367447
367448
367449
367450
367451
367452
367453
367454
367456
367457
367458
367459
367460
367462
367463
367464
367465
367466
367467
367468
367469
367470
367471
367473
367474
367475
367476
367477
367478
367479
367480
367481
367482
367483
367484
367487
367488
367490
367491
367494
367495
367498
367499
367500
367501
367502
367503
367505
367507
367508
367509
367510
367512
367513
367514
367515
367516
367517
367518
367519
367520
367521
367523
367524
367527
367528
367529
367531
367532
367533
367534
367535
367536
367537
367538
367539
367540
367541
367543
367545
367547
367548
367550
367551
367552
367553
367554
367557
367558
367560
367561
367562
367563
367564
367565
367566
367568
367569
367570
367571
367572
367573
367575
367576
367578
367581
367582
367584
367586
367587
367588
367589
367590
367592
367593
367596
367597
367598
367600
367601
367603
367604
367605
367606
367607
367608
367610
367612
367614
367615
367616
367617
367618
367619
367621
367622
367623
367625
367626
367627
367628
367629
367630
367632
367633
367635
367636
367637
367639
367640
367641
367642
367643
367644
367645
367646
367649
367650
367651
367654
367655
367656
367658
367659
367660
367661
367662
367663
367664
367665
367666
367668
367669
367670
367671
367673
367674
367676
367677
367678
367679
367680
367681
367685
367686
367687
367688
367689
367690
367691
367692
367693
367694
367695
367696
367697
367698
367699
367700
367701
367704
367705
367707
367708
367709
367710
367711
367713
367714
367716
367717
367718
367719
367720
367722
367723
367724
367726
367727
367728
367731
367733
367734
367736
367737
367739
367740
367741
367742
367744
367745
367746
367747
367748
367749
367750
367752
367753
367754
367755
367756
367757
367759
367761
367762
367763
367764
367765
367766
367767
367768
367769
367770
367772
367773
367776
367778
367779
367780
367782
367783
367784
367785
367786
367787
367788
367791
367792
367795
367796
367797
367798
367799
367800
367801
367802
367803
367804
367805
367806
367807
367808
367810
367811
367813
367815
367816
367820
367822
367824
367826
367828
367830
367831
367832
367833
367834
367835
367836
367837
367838
367839
367841
367842
367843
367844
367845
367847
367848
367849
367851
367852
367853
367854
367856
367857
367858
367861
367863
367866
367867
367873
367874
367876
367879
367880
367881
367882
367887
367888
367890
367891
367894
367895
367896
367898
367899
367901
367902
367904
367905
367906
367907
367908
367909
367910
367911
367912
367913
367914
367915
367916
367918
367919
367920
367921
367922
367923
367924
367925
367926
367928
367930
367931
367933
367934
367935
367936
367937
367938
367939
367940
367941
367942
367944
367945
367947
367948
367949
367950
367951
367952
367953
367954
367955
367957
367958
367959
367960
367961
367962
367963
367964
367966
367967
367968
367969
367970
367971
367973
367975
367976
367978
367979
367980
367981
367982
367983
367984
367985
367986
367987
367988
367989
367990
367991
367992
367993
367995
367996
367999
368000
368002
368005
368006
368007
368008
368009
368010
368011
368012
368014
368016
368018
368020
368022
368023
368024
368027
368028
368029
368030
368032
368033
368034
368035
368036
368038
368041
368042
368043
368046
368047
368048
368050
368052
368053
368055
368056
368057
368061
368062
368063
368065
368067
368068
368069
368070
368071
368072
368073
368075
368076
368077
368078
368079
368080
368081
368083
368085
368087
368089
368090
368091
368092
368093
368094
368095
368096
368099
368100
368104
368105
368106
368107
368108
368109
368111
368114
368118
368119
368120
368121
368122
368123
368125
368127
368128
368130
368133
368134
368135
368137
368138
368139
368141
368142
368143
368144
368145
368146
368148
368149
368151
368152
368154
368155
368156
368158
368162
368164
368165
368166
368167
368168
368169
368170
368171
368173
368175
368176
368177
368178
368179
368181
368182
368183
368185
368186
368187
368188
368189
368190
368191
368192
368193
368195
368196
368197
368198
368199
368201
368202
368204
368205
368206
368207
368208
368209
368210
368211
368212
368213
368214
368215
368220
368222
368223
368224
368225
368226
368227
368228
368229
368232
368233
368234
368236
368237
368238
368239
368241
368242
368243
368246
368247
368248
368249
368251
368252
368253
368255
368256
368257
368259
368260
368261
368262
368263
368264
368268
368270
368271
368273
368274
368275
368276
368278
368280
368281
368282
368283
368284
368287
368289
368290
368291
368292
368293
368294
368295
368297
368299
368300
368301
368302
368303
368306
368307
368309
368310
368312
368313
368314
368315
368316
368317
368321
368323
368324
368325
368327
368328
368329
368330
368333
368334
368335
368336
368337
368338
368339
368340
368341
368342
368343
368344
368345
368347
368348
368349
368350
368355
368356
368357
368358
368361
368362
368363
368364
368367
368368
368369
368371
368372
368373
368374
368375
368376
368379
368380
368381
368382
368383
368384
368385
368388
368391
368396
368397
368399
368400
368401
368402
368403
368404
368407
368409
368410
368411
368412
368413
368414
368415
368416
368418
368419
368420
368421
368422
368423
368425
368426
368427
368428
368429
368430
368432
368433
368434
368435
368436
368437
368438
368439
368440
368441
368442
368443
368444
368445
368446
368448
368449
368450
368451
368452
368453
368454
368456
368457
368458
368459
368461
368462
368463
368464
368465
368466
368467
368468
368469
368470
368471
368473
368474
368479
368481
368482
368483
368484
368485
368486
368487
368488
368489
368490
368491
368495
368496
368497
368498
368499
368500
368501
368502
368503
368504
368505
368506
368507
368508
368509
368511
368512
368513
368514
368515
368516
368517
368518
368519
368520
368521
368522
368523
368525
368526
368527
368528
368529
368530
368532
368533
368534
368535
368536
368537
368539
368540
368541
368542
368543
368544
368546
368547
368548
368549
368550
368551
368552
368553
368554
368555
368556
368559
368560
368566
368567
368568
368570
368571
368572
368574
368575
368578
368579
368580
368581
368582
368584
368585
368588
368589
368590
368592
368593
368594
368596
368597
368598
368601
368602
368603
368604
368605
368606
368607
368608
368609
368610
368611
368614
368615
368616
368617
368618
368619
368621
368623
368625
368626
368627
368631
368632
368633
368635
368636
368638
368640
368641
368642
368644
368645
368646
368647
368649
368650
368651
368652
368653
368654
368656
368657
368658
368659
368660
368661
368662
368665
368666
368669
368670
368671
368673
368674
368675
368676
368677
368678
368679
368681
368683
368684
368686
368688
368689
368690
368691
368692
368693
368694
368696
368697
368698
368700
368701
368702
368703
368704
368705
368708
368709
368710
368711
368712
368713
368714
368715
368716
368718
368721
368722
368723
368724
368726
368728
368729
368730
368731
368732
368734
368737
368739
368740
368741
368743
368745
368747
368748
368751
368752
368753
368754
368755
368756
368757
368758
368759
368762
368763
368764
368765
368766
368767
368768
368770
368771
368772
368773
368774
368775
368776
368777
368779
368781
368782
368783
368784
368785
368787
368788
368789
368791
368792
368794
368795
368797
368798
368800
368803
368805
368806
368807
368809
368813
368814
368816
368820
368821
368823
368824
368825
368827
368829
368830
368831
368832
368833
368835
368836
368837
368838
368839
368841
368842
368843
368844
368845
368847
368848
368849
368850
368851
368852
368853
368854
368855
368856
368857
368858
368860
368862
368863
368864
368865
368866
368867
368868
368869
368870
368871
368872
368873
368874
368875
368876
368878
368879
368881
368883
368884
368885
368887
368888
368889
368890
368891
368892
368893
368895
368896
368897
368898
368900
368904
368905
368906
368908
368909
368910
368911
368912
368914
368918
368919
368920
368921
368923
368925
368926
368928
368929
368930
368931
368932
368933
368935
368936
368938
368939
368940
368941
368942
368943
368944
368946
368948
368951
368952
368955
368956
368957
368958
368959
368960
368961
368962
368964
368966
368968
368969
368970
368971
368972
368973
368976
368977
368979
368980
368981
368983
368984
368986
368989
368992
368994
368995
368997
368998
368999
369000
369001
369003
369004
369005
369006
369008
369009
369010
369011
369012
369013
369014
369015
369016
369018
369020
369021
369022
369023
369024
369025
369026
369027
369029
369030
369033
369034
369036
369038
369039
369040
369041
369042
369043
369044
369046
369047
369048
369049
369050
369052
369053
369055
369056
369058
369059
369060
369061
369062
369064
369065
369066
369067
369068
369069
369070
369071
369072
369073
369075
369076
369077
369080
369082
369083
369084
369085
369086
369087
369088
369089
369090
369091
369093
369094
369097
369099
369100
369101
369102
369104
369105
369106
369107
369110
369111
369112
369113
369114
369116
369118
369119
369120
369122
369123
369126
369127
369128
369129
369130
369131
369132
369133
369134
369135
369136
369137
369138
369139
369141
369143
369144
369145
369149
369150
369151
369152
369153
369154
369155
369157
369158
369159
369160
369161
369162
369163
369165
369168
369169
369170
369171
369173
369174
369175
369176
369177
369178
369179
369181
369182
369184
369185
369186
369187
369188
369190
369191
369192
369193
369194
369195
369196
369197
369198
369199
369200
369201
369202
369203
369204
369205
369206
369208
369210
369211
369212
369213
369214
369215
369216
369217
369219
369220
369221
369224
369225
369226
369227
369228
369229
369230
369231
369232
369233
369234
369236
369237
369239
369241
369242
369243
369244
369245
369246
369247
369248
369250
369252
369253
369254
369255
369256
369257
369258
369259
369260
369261
369262
369265
369266
369267
369268
369270
369271
369273
369275
369276
369277
369278
369279
369281
369282
369283
369284
369285
369287
369288
369289
369290
369291
369292
369293
369294
369297
369298
369299
369300
369301
369302
369303
369304
369305
369307
369308
369309
369311
369312
369313
369314
369315
369316
369317
369318
369319
369320
369321
369322
369323
369324
369325
369326
369327
369329
369333
369334
369335
369336
369337
369339
369340
369341
369342
369343
369346
369347
369350
369352
369354
369355
369358
369359
369360
369363
369364
369365
369367
369368
369369
369371
369373
369374
369375
369378
369380
369383
369384
369386
369387
369388
369391
369392
369393
369395
369399
369401
369404
369408
369409
369410
369412
369413
369414
369415
369416
369417
369419
369420
369421
369423
369425
369426
369427
369428
369430
369431
369432
369434
369435
369436
369437
369438
369439
369440
369441
369442
369443
369444
369445
369446
369447
369449
369450
369451
369453
369455
369456
369458
369459
369460
369462
369463
369464
369465
369466
369467
369468
369469
369470
369471
369472
369473
369475
369477
369478
369479
369480
369481
369482
369483
369484
369485
369487
369488
369489
369490
369491
369492
369493
369494
369495
369497
369498
369499
369500
369501
369502
369503
369504
369505
369507
369508
369510
369511
369512
369513
369514
369515
369516
369517
369518
369519
369520
369521
369522
369523
369524
369525
369527
369528
369529
369530
369531
369532
369533
369534
369536
369538
369540
369541
369542
369543
369546
369548
369549
369551
369552
369553
369554
369557
369558
369559
369561
369562
369563
369564
369565
369567
369568
369569
369570
369571
369572
369573
369574
369575
369576
369577
369578
369582
369584
369585
369586
369587
369589
369590
369591
369592
369593
369594
369595
369597
369598
369600
369602
369603
369604
369606
369610
369611
369612
369613
369614
369615
369616
369619
369622
369624
369625
369626
369627
369629
369630
369632
369633
369634
369635
369636
369637
369640
369641
369643
369644
369645
369646
369647
369648
369649
369650
369651
369655
369656
369657
369658
369660
369661
369662
369663
369664
369665
369666
369668
369669
369670
369671
369672
369673
369674
369677
369678
369682
369683
369685
369687
369688
369689
369691
369692
369693
369695
369698
369699
369700
369701
369702
369703
369704
369705
369706
369707
369708
369709
369710
369712
369714
369715
369716
369718
369720
369721
369722
369724
369725
369726
369727
369728
369729
369730
369731
369732
369734
369735
369736
369737
369738
369739
369740
369742
369743
369744
369745
369746
369747
369750
369751
369752
369753
369754
369755
369756
369757
369758
369759
369761
369762
369763
369764
369766
369768
369771
369772
369773
369774
369776
369777
369778
369780
369781
369782
369783
369784
369785
369786
369787
369788
369789
369790
369791
369792
369793
369794
369795
369796
369797
369798
369801
369802
369803
369804
369805
369807
369808
369809
369810
369811
369812
369813
369814
369816
369817
369818
369819
369820
369821
369822
369823
369824
369825
369826
369828
369829
369831
369833
369834
369836
369837
369838
369841
369842
369844
369846
369847
369848
369849
369850
369851
369852
369853
369854
369855
369856
369857
369858
369859
369860
369861
369863
369865
369866
369867
369869
369871
369872
369874
369875
369877
369878
369879
369880
369882
369883
369884
369887
369888
369889
369890
369891
369892
369893
369894
369895
369897
369900
369901
369903
369904
369905
369906
369909
369910
369913
369915
369916
369919
369923
369924
369925
369926
369927
369928
369929
369931
369932
369933
369935
369936
369937
369938
369939
369941
369942
369943
369944
369945
369947
369950
369951
369952
369954
369955
369956
369957
369958
369959
369961
369962
369963
369964
369965
369968
369969
369971
369972
369973
369974
369975
369976
369978
369979
369981
369982
369985
369988
369989
369990
369991
369996
369998
369999
370000
370001
370002
370003
370004
370006
370007
370008
370009
370012
370016
370017
370018
370019
370020
370021
370022
370023
370024
370025
370026
370028
370030
370033
370035
370036
370038
370039
370041
370043
370045
370046
370047
370048
370050
370053
370056
370057
370058
370060
370062
370063
370064
370065
370067
370069
370071
370072
370074
370075
370077
370078
370079
370080
370081
370082
370083
370084
370085
370086
370088
370089
370090
370091
370092
370093
370094
370095
370096
370097
370098
370100
370101
370102
370103
370104
370106
370107
370108
370109
370112
370114
370115
370116
370118
370119
370120
370121
370122
370125
370126
370128
370129
370131
370132
370134
370135
370137
370138
370140
370141
370142
370143
370144
370145
370148
370149
370150
370152
370153
370154
370155
370157
370158
370159
370160
370161
370162
370163
370164
370165
370166
370167
370168
370170
370171
370172
370173
370175
370176
370180
370182
370184
370185
370186
370189
370190
370191
370192
370193
370194
370195
370197
370198
370200
370201
370202
370203
370204
370205
370208
370209
370210
370213
370214
370215
370216
370217
370218
370219
370220
370221
370222
370223
370224
370225
370228
370229
370230
370231
370232
370233
370235
370236
370237
370239
370243
370244
370245
370248
370250
370251
370252
370253
370254
370255
370257
370258
370259
370262
370263
370265
370266
370267
370269
370270
370271
370272
370273
370274
370275
370276
370277
370278
370279
370280
370282
370283
370284
370285
370286
370287
370288
370289
370290
370291
370292
370293
370295
370296
370297
370300
370305
370308
370309
370311
370315
370316
370317
370318
370319
370320
370321
370322
370324
370327
370328
370330
370331
370332
370333
370335
370336
370337
370341
370344
370345
370347
370348
370349
370350
370352
370353
370355
370356
370357
370359
370360
370361
370362
370363
370364
370365
370367
370368
370373
370374
370375
370376
370377
370378
370384
370385
370386
370387
370388
370390
370391
370392
370393
370394
370396
370397
370399
370400
370401
370402
370404
370405
370406
370408
370409
370410
370411
370412
370414
370415
370416
370417
370418
370419
370420
370424
370425
370430
370431
370432
370433
370434
370435
370437
370438
370439
370440
370441
370442
370443
370444
370445
370447
370450
370451
370453
370454
370455
370456
370458
370459
370460
370461
370462
370463
370464
370465
370466
370467
370468
370471
370472
370474
370475
370476
370479
370480
370481
370482
370483
370484
370485
370486
370488
370489
370490
370492
370493
370494
370495
370497
370498
370499
370500
370502
370503
370504
370505
370506
370507
370508
370509
370511
370512
370513
370514
370515
370516
370517
370518
370519
370521
370522
370524
370525
370526
370527
370528
370529
370530
370531
370532
370533
370534
370535
370537
370538
370539
370540
370541
370543
370544
370545
370547
370548
370549
370550
370551
370552
370554
370555
370557
370558
370559
370560
370562
370563
370564
370565
370566
370567
370568
370569
370570
370571
370572
370574
370575
370576
370578
370579
370580
370581
370582
370583
370586
370587
370590
370591
370593
370594
370596
370597
370598
370599
370600
370601
370602
370603
370605
370606
370607
370608
370609
370610
370611
370613
370614
370615
370616
370617
370619
370620
370621
370622
370623
370625
370627
370628
370629
370632
370633
370635
370636
370638
370639
370640
370641
370642
370643
370644
370645
370646
370647
370649
370650
370652
370653
370654
370655
370657
370661
370663
370665
370669
370671
370672
370676
370677
370679
370680
370682
370686
370689
370690
370691
370693
370694
370695
370696
370697
370698
370699
370701
370703
370704
370705
370706
370707
370708
370709
370710
370711
370713
370714
370715
370716
370717
370719
370720
370721
370722
370723
370724
370725
370727
370728
370729
370730
370731
370732
370733
370734
370735
370736
370737
370739
370740
370741
370742
370743
370744
370745
370746
370747
370748
370749
370750
370751
370752
370755
370757
370759
370760
370761
370762
370763
370764
370765
370766
370767
370768
370769
370770
370771
370772
370773
370776
370778
370779
370780
370781
370782
370783
370786
370787
370788
370790
370791
370792
370793
370794
370795
370797
370798
370802
370803
370806
370807
370808
370809
370810
370811
370812
370813
370816
370817
370818
370819
370820
370821
370822
370823
370824
370825
370826
370827
370828
370830
370831
370832
370833
370834
370837
370838
370839
370843
370844
370845
370847
370848
370849
370850
370851
370852
370854
370855
370856
370858
370860
370861
370862
370863
370864
370865
370867
370868
370869
370870
370871
370872
370873
370876
370877
370880
370881
370882
370884
370885
370886
370887
370888
370889
370890
370891
370892
370893
370894
370895
370896
370897
370898
370900
370901
370902
370903
370905
370907
370909
370910
370911
370915
370916
370919
370921
370922
370923
370924
370927
370928
370931
370932
370933
370934
370935
