223558
223559
223560
223561
223563
223564
223565
223566
223567
223568
223569
223570
223571
223572
223574
223575
223576
223578
223579
223582
223583
223584
223585
223586
223588
223589
223590
223593
223595
223596
223597
223598
223599
223600
223601
223603
223604
223606
223607
223608
223609
223610
223611
223613
223614
223616
223617
223621
223623
223624
223626
223627
223628
223629
223630
223632
223634
223635
223636
223637
223640
223642
223643
223644
223646
223647
223648
223649
223652
223653
223654
223655
223656
223657
223660
223662
223663
223664
223666
223668
223669
223670
223671
223673
223674
223676
223678
223679
223680
223681
223682
223683
223684
223685
223686
223689
223691
223692
223694
223696
223698
223699
223700
223701
223702
223703
223706
223708
223709
223710
223711
223713
223714
223716
223717
223718
223719
223720
223722
223723
223725
223728
223730
223731
223732
223733
223734
223735
223736
223737
223738
223739
223740
223742
223743
223744
223745
223746
223747
223752
223753
223754
223755
223756
223757
223758
223760
223762
223763
223764
223766
223771
223772
223773
223775
223777
223778
223779
223780
223781
223782
223783
223784
223786
223787
223788
223789
223791
223793
223794
223795
223797
223800
223804
223807
223808
223809
223810
223811
223812
223814
223815
223817
223818
223820
223821
223822
223823
223825
223827
223830
223832
223833
223834
223838
223839
223840
223841
223842
223845
223846
223847
223848
223849
223850
223851
223852
223854
223855
223856
223858
223859
223860
223866
223868
223869
223870
223871
223873
223875
223876
223877
223878
223880
223881
223882
223883
223884
223885
223886
223887
223888
223892
223893
223894
223895
223896
223897
223899
223900
223901
223902
223906
223908
223909
223911
223912
223913
223914
223915
223918
223919
223921
223922
223924
223925
223926
223927
223928
223929
223931
223932
223934
223935
223936
223937
223938
223939
223940
223941
223943
223944
223946
223948
223949
223950
223951
223952
223953
223954
223955
223956
223957
223958
223959
223960
223961
223962
223963
223964
223965
223966
223967
223969
223970
223971
223972
223974
223976
223978
223980
223982
223983
223984
223985
223986
223988
223990
223994
223995
223997
223998
223999
224000
224002
224005
224006
224007
224008
224009
224010
224011
224012
224013
224014
224015
224016
224017
224018
224019
224021
224022
224023
224024
224025
224026
224027
224029
224030
224032
224034
224035
224036
224037
224038
224039
224043
224045
224046
224047
224049
224050
224052
224053
224054
224055
224056
224057
224060
224061
224063
224065
224067
224069
224070
224071
224073
224074
224075
224077
224078
224080
224081
224083
224084
224085
224087
224088
224089
224090
224091
224092
224093
224094
224097
224098
224100
224101
224102
224103
224104
224106
224108
224111
224113
224114
224115
224116
224118
224119
224121
224122
224126
224130
224135
224138
224139
224141
224143
224147
224149
224150
224151
224152
224154
224155
224156
224159
224160
224161
224162
224163
224164
224166
224167
224168
224169
224170
224174
224176
224177
224179
224180
224181
224182
224183
224187
224188
224189
224190
224192
224193
224194
224196
224198
224199
224201
224202
224203
224205
224206
224207
224208
224209
224211
224213
224214
224216
224217
224218
224220
224223
224224
224226
224227
224228
224230
224231
224232
224233
224237
224239
224241
224243
224244
224245
224247
224248
224249
224250
224252
224253
224254
224255
224256
224257
224258
224259
224260
224261
224263
224264
224265
224266
224267
224268
224269
224270
224271
224272
224273
224274
224277
224278
224279
224280
224281
224282
224283
224284
224285
224286
224287
224288
224290
224291
224292
224293
224294
224296
224297
224298
224299
224300
224301
224302
224303
224305
224306
224307
224308
224309
224310
224311
224312
224313
224314
224315
224317
224318
224319
224320
224321
224322
224324
224325
224326
224327
224328
224329
224331
224333
224334
224335
224336
224339
224342
224344
224345
224346
224347
224348
224351
224352
224353
224354
224355
224356
224357
224358
224360
224363
224364
224365
224366
224367
224368
224369
224370
224371
224372
224373
224375
224376
224377
224379
224380
224381
224382
224383
224384
224385
224386
224387
224388
224389
224391
224392
224393
224394
224395
224396
224397
224398
224399
224400
224401
224402
224403
224404
224405
224406
224407
224408
224409
224410
224411
224412
224413
224414
224416
224417
224418
224419
224421
224422
224423
224424
224425
224427
224428
224429
224430
224431
224432
224433
224434
224436
224437
224439
224440
224441
224442
224443
224444
224445
224446
224448
224450
224454
224458
224459
224460
224461
224462
224463
224464
224465
224466
224467
224468
224469
224470
224472
224474
224475
224476
224479
224480
224481
224482
224484
224485
224486
224487
224488
224489
224490
224491
224492
224493
224494
224495
224496
224497
224498
224500
224501
224503
224504
224505
224506
224507
224508
224510
224511
224512
224513
224514
224515
224516
224517
224518
224519
224520
224521
224524
224525
224526
224527
224528
224529
224530
224532
224533
224534
224535
224536
224539
224541
224542
224543
224544
224545
224546
224547
224548
224551
224552
224554
224555
224557
224560
224561
224562
224563
224565
224566
224567
224568
224569
224571
224572
224573
224574
224575
224576
224577
224578
224579
224580
224581
224582
224584
224586
224587
224589
224590
224591
224593
224594
224596
224597
224599
224601
224602
224606
224607
224608
224610
224612
224614
224617
224621
224622
224624
224627
224628
224629
224631
224632
224635
224638
224639
224642
224643
224645
224646
224647
224648
224649
224650
224651
224652
224654
224655
224656
224658
224659
224660
224663
224664
224665
224667
224669
224672
224675
224676
224681
224682
224684
224686
224687
224690
224691
224692
224693
224695
224696
224697
224700
224702
224703
224704
224705
224706
224707
224708
224709
224710
224712
224714
224715
224716
224718
224721
224722
224723
224724
224727
224728
224729
224730
224731
224733
224734
224735
224736
224737
224738
224739
224740
224743
224744
224745
224746
224749
224750
224751
224752
224753
224754
224755
224756
224757
224759
224760
224761
224762
224763
224765
224766
224767
224768
224769
224772
224773
224774
224776
224777
224778
224780
224781
224784
224786
224788
224789
224790
224791
224795
224796
224797
224798
224799
224800
224801
224802
224804
224805
224806
224807
224809
224810
224811
224812
224813
224814
224815
224816
224817
224818
224819
224820
224821
224822
224823
224825
224826
224827
224828
224829
224830
224831
224832
224833
224836
224837
224838
224839
224840
224841
224842
224843
224844
224845
224846
224847
224848
224849
224850
224851
224853
224854
224855
224856
224858
224859
224860
224863
224864
224865
224867
224869
224870
224871
224872
224873
224874
224877
224878
224879
224881
224882
224883
224886
224888
224889
224891
224892
224894
224895
224897
224898
224900
224901
224902
224903
224904
224905
224906
224907
224908
224909
224910
224911
224912
224913
224914
224915
224916
224918
224919
224921
224922
224928
224930
224931
224932
224933
224934
224936
224937
224938
224939
224940
224942
224943
224947
224948
224952
224954
224955
224956
224957
224958
224961
224962
224963
224964
224965
224967
224968
224969
224970
224971
224972
224974
224975
224978
224979
224981
224983
224985
224987
224989
224991
224992
224993
224994
224996
224997
224998
225000
225001
225003
225004
225006
225008
225009
225010
225012
225013
225015
225016
225017
225019
225020
225021
225023
225024
225025
225026
225027
225029
225031
225032
225034
225035
225036
225038
225039
225040
225041
225042
225043
225044
225045
225047
225048
225049
225050
225052
225053
225055
225058
225059
225060
225061
225062
225063
225064
225065
225066
225067
225069
225070
225071
225072
225073
225074
225075
225076
225079
225080
225081
225082
225084
225086
225087
225093
225094
225095
225096
225097
225098
225099
225100
225102
225103
225104
225105
225106
225107
225108
225110
225112
225114
225116
225118
225120
225122
225123
225126
225127
225128
225129
225130
225131
225132
225134
225135
225137
225138
225139
225140
225141
225143
225144
225145
225146
225147
225148
225149
225151
225152
225153
225154
225156
225157
225158
225159
225161
225162
225164
225165
225169
225170
225171
225173
225176
225177
225178
225179
225180
225181
225182
225183
225184
225187
225188
225189
225190
225191
225192
225193
225194
225195
225196
225197
225198
225199
225201
225202
225203
225204
225205
225207
225225
225231
225232
225233
225234
225235
225236
225237
225238
225239
225242
225246
225248
225249
225250
225251
225252
225253
225254
225256
225257
225258
225260
225261
225262
225264
225266
225267
225268
225269
225270
225272
225273
225274
225275
225277
225278
225279
225281
225282
225283
225285
225286
225287
225288
225290
225291
225292
225293
225299
225300
225301
225303
225305
225306
225309
225310
225311
225313
225314
225315
225316
225317
225321
225322
225323
225324
225325
225326
225327
225328
225329
225331
225335
225337
225338
225339
225340
225341
225344
225346
225347
225348
225349
225350
225352
225353
225354
225355
225356
225357
225358
225361
225362
225364
225365
225366
225368
225369
225370
225373
225374
225376
225378
225379
225380
225381
225382
225384
225385
225386
225388
225389
225391
225393
225395
225396
225397
225398
225399
225400
225401
225402
225403
225404
225405
225406
225407
225408
225409
225410
225411
225412
225413
225414
225415
225418
225419
225420
225421
225423
225424
225425
225426
225427
225428
225429
225430
225431
225432
225433
225434
225435
225436
225437
225439
225440
225441
225442
225443
225444
225445
225447
225448
225452
225453
225457
225458
225459
225460
225461
225462
225464
225465
225466
225469
225470
225471
225473
225474
225477
225478
225480
225481
225482
225483
225484
225486
225490
225491
225493
225497
225498
225500
225501
225503
225504
225505
225506
225507
225508
225510
225511
225512
225514
225515
225516
225518
225520
225521
225522
225523
225524
225525
225526
225527
225528
225529
225530
225532
225534
225535
225536
225537
225539
225541
225543
225544
225547
225548
225550
225553
225555
225556
225557
225558
225560
225561
225563
225565
225566
225567
225570
225571
225572
225573
225574
225575
225576
225577
225578
225579
225580
225581
225582
225583
225584
225585
225587
225589
225591
225593
225594
225595
225596
225597
225598
225599
225600
225601
225602
225603
225604
225606
225608
225609
225610
225611
225612
225613
225614
225615
225617
225618
225619
225620
225621
225625
225627
225628
225629
225630
225631
225633
225634
225635
225636
225637
225638
225639
225641
225642
225643
225644
225645
225647
225648
225649
225650
225651
225652
225653
225654
225655
225656
225657
225659
225660
225661
225662
225663
225664
225666
225667
225669
225670
225671
225672
225675
225676
225677
225678
225679
225680
225681
225683
225684
225685
225686
225687
225688
225689
225690
225691
225694
225696
225697
225700
225701
225702
225704
225706
225707
225710
225712
225716
225717
225718
225721
225723
225724
225726
225728
225733
225734
225736
225737
225738
225739
225740
225741
225744
225745
225746
225747
225748
225749
225750
225751
225752
225753
225754
225755
225762
225763
225764
225765
225768
225769
225771
225772
225773
225774
225776
225777
225778
225779
225780
225781
225783
225784
225785
225786
225787
225789
225790
225791
225792
225793
225794
225795
225796
225797
225798
225799
225800
225802
225803
225804
225806
225808
225809
225811
225812
225815
225816
225817
225818
225819
225821
225822
225825
225826
225828
225832
225834
225835
225837
225838
225839
225841
225842
225843
225844
225847
225848
225849
225850
225851
225852
225853
225855
225856
225857
225858
225860
225861
225862
225863
225864
225865
225867
225870
225871
225873
225875
225876
225877
225878
225880
225881
225882
225883
225885
225886
225887
225888
225889
225890
225891
225892
225893
225894
225898
225899
225901
225902
225903
225904
225905
225906
225908
225909
225910
225911
225912
225913
225914
225915
225916
225917
225918
225919
225920
225922
225923
225924
225925
225926
225927
225928
225929
225931
225932
225933
225935
225936
225938
225941
225942
225943
225944
225946
225948
225949
225950
225951
225952
225953
225956
225957
225958
225959
225960
225961
225962
225963
225965
225966
225967
225968
225972
225973
225975
225976
225977
225978
225979
225980
225981
225985
225986
225988
225989
225991
225994
225996
225997
225999
226000
226001
226002
226003
226004
226007
226008
226010
226011
226012
226013
226015
226017
226018
226019
226020
226021
226024
226025
226026
226028
226029
226031
226032
226034
226035
226037
226038
226039
226042
226045
226046
226048
226049
226050
226051
226052
226054
226058
226060
226061
226063
226064
226065
226066
226069
226071
226072
226073
226074
226077
226078
226082
226084
226085
226086
226087
226088
226089
226090
226091
226092
226093
226094
226095
226096
226099
226100
226101
226102
226103
226104
226105
226106
226107
226108
226109
226110
226111
226112
226113
226114
226115
226116
226117
226118
226120
226121
226122
226123
226124
226125
226126
226127
226128
226129
226130
226131
226132
226133
226134
226135
226136
226137
226138
226139
226141
226142
226144
226145
226146
226147
226148
226149
226150
226151
226152
226153
226154
226156
226157
226158
226159
226160
226161
226162
226163
226164
226165
226166
226167
226168
226169
226170
226171
226172
226173
226174
226175
226176
226177
226178
226179
226180
226181
226182
226183
226185
226188
226189
226190
226191
226192
226193
226194
226195
226196
226199
226200
226203
226204
226205
226206
226208
226209
226210
226211
226212
226213
226214
226216
226217
226218
226220
226221
226222
226223
226224
226225
226226
226227
226228
226229
226230
226231
226234
226235
226238
226242
226244
226246
226247
226248
226250
226252
226253
226254
226255
226257
226258
226259
226260
226261
226262
226263
226264
226265
226266
226268
226269
226270
226272
226273
226274
226275
226276
226278
226280
226281
226282
226284
226285
226287
226288
226290
226291
226294
226295
226296
226297
226298
226301
226302
226303
226305
226306
226307
226308
226312
226315
226317
226318
226320
226321
226323
226325
226326
226327
226329
226331
226332
226333
226334
226335
226336
226337
226338
226339
226340
226341
226343
226344
226345
226346
226347
226350
226351
226354
226357
226360
226363
226364
226365
226366
226368
226369
226371
226372
226373
226374
226376
226377
226378
226380
226381
226382
226383
226386
226387
226388
226390
226391
226392
226394
226396
226397
226398
226399
226401
226402
226403
226404
226406
226407
226410
226411
226412
226416
226417
226418
226419
226420
226421
226422
226424
226425
226426
226427
226429
226433
226434
226435
226437
226438
226439
226440
226442
226443
226445
226446
226447
226449
226451
226452
226453
226454
226455
226456
226457
226458
226459
226460
226461
226462
226463
226464
226465
226466
226469
226470
226472
226474
226475
226476
226478
226479
226480
226481
226483
226485
226487
226488
226489
226490
226492
226493
226495
226496
226497
226498
226499
226501
226502
226503
226504
226505
226507
226509
226510
226511
226512
226513
226516
226519
226520
226521
226523
226525
226526
226529
226530
226531
226534
226535
226536
226537
226539
226540
226541
226542
226543
226544
226545
226548
226549
226552
226553
226555
226558
226560
226561
226562
226563
226564
226566
226567
226568
226569
226570
226571
226575
226576
226577
226578
226579
226580
226581
226583
226584
226585
226586
226587
226588
226589
226590
226591
226592
226594
226595
226596
226597
226598
226600
226601
226602
226603
226604
226605
226606
226608
226609
226610
226611
226613
226614
226615
226616
226617
226618
226619
226621
226623
226624
226625
226626
226627
226628
226629
226630
226631
226632
226633
226634
226635
226636
226637
226638
226639
226640
226641
226643
226644
226645
226646
226647
226648
226649
226650
226651
226653
226655
226656
226657
226658
226660
226661
226663
226664
226666
226667
226668
226669
226670
226671
226672
226673
226674
226675
226676
226677
226681
226682
226683
226684
226686
226687
226690
226693
226694
226695
226696
226697
226698
226700
226701
226702
226703
226704
226705
226706
226707
226708
226709
226711
226713
226714
226715
226716
226717
226718
226720
226724
226725
226726
226729
226730
226731
226732
226734
226735
226736
226738
226740
226742
226743
226744
226745
226746
226747
226748
226749
226750
226752
226753
226754
226755
226756
226757
226758
226761
226762
226763
226764
226766
226767
226772
226773
226774
226775
226776
226780
226782
226783
226784
226785
226786
226787
226790
226791
226792
226793
226794
226795
226796
226798
226800
226801
226802
226804
226805
226806
226808
226809
226811
226812
226816
226818
226820
226824
226825
226826
226829
226830
226831
226832
226833
226834
226835
226839
226841
226843
226844
226845
226846
226847
226848
226850
226852
226853
226854
226855
226856
226857
226858
226859
226860
226861
226862
226863
226864
226866
226872
226873
226874
226876
226878
226879
226881
226882
226884
226886
226887
226888
226889
226890
226891
226892
226894
226895
226896
226898
226899
226900
226901
226902
226903
226905
226906
226907
226908
226909
226910
226913
226915
226918
226919
226923
226924
226925
226926
226927
226928
226929
226931
226936
226938
226939
226940
226941
226942
226943
226944
226945
226946
226947
226948
226951
226952
226953
226954
226955
226958
226959
226960
226961
226963
226964
226965
226966
226967
226969
226974
226976
226977
226978
226979
226980
226981
226982
226984
226985
226986
226990
226993
226994
226995
226996
226998
227002
227003
227004
227005
227006
227007
227008
227010
227011
227012
227013
227014
227015
227017
227018
227020
227022
227023
227024
227025
227026
227027
227029
227030
227031
227032
227035
227037
227038
227040
227041
227043
227044
227046
227047
227048
227049
227050
227051
227052
227053
227055
227057
227062
227064
227065
227066
227067
227068
227070
227072
227073
227075
227076
227079
227080
227081
227083
227086
227087
227088
227089
227091
227094
227095
227096
227098
227099
227100
227101
227102
227103
227104
227105
227106
227107
227108
227109
227111
227112
227113
227114
227116
227117
227118
227119
227120
227122
227124
227125
227126
227128
227130
227132
227133
227134
227135
227138
227139
227140
227143
227145
227147
227149
227150
227152
227153
227155
227157
227159
227160
227161
227163
227165
227166
227169
227170
227171
227172
227173
227174
227176
227177
227178
227180
227182
227190
227191
227192
227194
227195
227196
227197
227199
227201
227202
227203
227204
227206
227208
227209
227210
227211
227212
227213
227216
227217
227221
227222
227223
227224
227225
227228
227230
227231
227235
227236
227237
227238
227241
227243
227244
227245
227246
227247
227249
227251
227252
227253
227254
227256
227257
227258
227259
227260
227261
227262
227263
227265
227272
227273
227275
227276
227277
227282
227283
227284
227286
227289
227290
227291
227292
227294
227295
227297
227298
227301
227303
227304
227305
227306
227307
227308
227313
227314
227315
227317
227318
227319
227321
227322
227323
227324
227325
227326
227327
227328
227329
227330
227331
227333
227334
227335
227336
227339
227340
227342
227343
227344
227345
227346
227349
227351
227352
227353
227354
227355
227357
227358
227359
227360
227361
227362
227363
227364
227365
227367
227368
227369
227370
227371
227373
227375
227378
227379
227380
227381
227382
227383
227384
227385
227386
227387
227388
227389
227390
227391
227392
227393
227394
227396
227397
227398
227399
227400
227402
227403
227405
227407
227408
227409
227410
227411
227412
227413
227415
227416
227418
227419
227423
227425
227426
227427
227428
227430
227431
227433
227434
227435
227436
227437
227438
227439
227440
227441
227442
227443
227445
227446
227447
227448
227449
227450
227451
227452
227453
227455
227456
227461
227462
227464
227465
227466
227467
227468
227469
227470
227471
227472
227473
227474
227475
227476
227477
227478
227479
227480
227481
227482
227483
227484
227486
227488
227490
227491
227492
227493
227495
227496
227497
227498
227499
227501
227502
227503
227504
227506
227507
227508
227510
227511
227515
227516
227518
227519
227521
227522
227523
227524
227526
227527
227528
227529
227530
227531
227532
227533
227534
227535
227536
227537
227538
227540
227542
227544
227545
227546
227547
227551
227553
227554
227555
227557
227558
227559
227560
227561
227566
227567
227568
227569
227570
227571
227572
227573
227574
227575
227578
227579
227580
227581
227582
227583
227584
227587
227588
227589
227592
227594
227595
227597
227600
227603
227604
227606
227607
227608
227609
227610
227612
227613
227614
227616
227617
227618
227619
227621
227622
227624
227626
227627
227628
227630
227632
227634
227635
227637
227638
227639
227640
227642
227643
227644
227646
227647
227648
227649
227651
227652
227656
227657
227659
227660
227663
227665
227666
227668
227669
227671
227672
227673
227674
227675
227676
227677
227678
227682
227683
227684
227685
227690
227691
227692
227693
227694
227695
227696
227697
227698
227699
227700
227701
227702
227703
227704
227705
227706
227707
227709
227710
227711
227712
227714
227715
227716
227717
227718
227719
227720
227721
227722
227723
227724
227725
227726
227727
227728
227729
227730
227731
227732
227734
227735
227738
227739
227743
227744
227745
227746
227747
227748
227750
227752
227753
227756
227757
227758
227765
227766
227767
227768
227769
227770
227771
227772
227773
227774
227775
227776
227777
227778
227779
227780
227781
227782
227783
227785
227786
227787
227788
227789
227791
227793
227794
227796
227797
227798
227799
227800
227801
227802
227803
227804
227806
227808
227809
227810
227811
227812
227813
227814
227815
227818
227819
227820
227821
227824
227826
227827
227828
227830
227831
227832
227834
227835
227836
227838
227839
227841
227843
227844
227846
227848
227849
227851
227854
227855
227856
227857
227858
227859
227860
227861
227862
227864
227865
227866
227867
227868
227869
227870
227871
227872
227873
227874
227876
227877
227879
227880
227881
227882
227883
227885
227886
227887
227888
227889
227890
227891
227892
227893
227894
227895
227897
227899
227901
227902
227904
227905
227906
227907
227908
227909
227911
227912
227914
227915
227917
227919
227920
227921
227922
227923
227924
227925
227926
227927
227928
227930
227936
227937
227938
227939
227940
227941
227942
227943
227944
227945
227946
227949
227950
227952
227953
227954
227959
227960
227962
227963
227964
227967
227968
227969
227970
227973
227974
227975
227976
227978
227979
227980
227981
227983
227985
227987
227988
227990
227993
227995
227996
227997
227998
227999
228000
228001
228002
228003
228013
228015
228016
228017
228019
228020
228022
228025
228026
228028
228029
228031
228032
228033
228034
228035
228036
228037
228038
228039
228040
228041
228043
228044
228045
228048
228049
228050
228052
228053
228054
228055
228056
228058
228060
228061
228062
228063
228065
228066
228068
228069
228070
228073
228074
228075
228076
228078
228079
228080
228081
228082
228087
228091
228092
228093
228100
228109
228126
228127
228129
228131
228132
228134
228136
228139
228141
228142
228143
228144
228145
228149
228152
228153
228154
228157
228158
228159
228161
228163
228164
228165
228166
228167
228168
228169
228170
228172
228173
228174
228175
228176
228177
228178
228180
228181
228183
228185
228186
228187
228188
228189
228190
228192
228193
228194
228195
228196
228197
228198
228199
228200
228201
228202
228203
228204
228205
228206
228207
228208
228209
228210
228211
228213
228214
228215
228216
228217
228219
228220
228221
228222
228223
228224
228226
228227
228228
228229
228231
228232
228233
228234
228235
228236
228237
228240
228242
228243
228244
228245
228246
228248
228249
228251
228252
228254
228256
228257
228258
228261
228263
228264
228265
228266
228268
228270
228271
228274
228276
228277
228278
228279
228280
228281
228282
228284
228285
228286
228287
228288
228289
228291
228292
228293
228294
228296
228297
228298
228300
228301
228302
228303
228304
228305
228306
228307
228309
228310
228311
228313
228314
228316
228318
228319
228320
228321
228322
228323
228324
228328
228329
228330
228331
228333
228335
228336
228337
228338
228339
228340
228341
228343
228346
228347
228349
228350
228352
228353
228354
228355
228356
228357
228358
228359
228360
228361
228362
228363
228364
228365
228366
228367
228369
228370
228371
228372
228373
228374
228375
228376
228379
228380
228381
228383
228385
228386
228387
228388
228389
228391
228392
228393
228394
228395
228396
228397
228398
228399
228400
228401
228402
228403
228404
228405
228408
228409
228410
228412
228413
228415
228416
228417
228418
228419
228420
228421
228422
228423
228425
228426
228427
228428
228429
228431
228433
228434
228435
228437
228438
228439
228444
228445
228448
228449
228451
228453
228454
228455
228456
228457
228458
228462
228465
228466
228469
228472
228474
228475
228476
228477
228478
228479
228480
228481
228484
228485
228490
228492
228493
228496
228497
228498
228499
228500
228501
228504
228506
228507
228509
228511
228513
228514
228515
228517
228519
228521
228522
228523
228525
228527
228529
228530
228534
228535
228536
228537
228538
228539
228540
228542
228544
228545
228547
228550
228551
228553
228555
228556
228559
228560
228561
228562
228563
228564
228565
228566
228567
228568
228570
228571
228573
228574
228575
228576
228580
228581
228582
228584
228585
228588
228589
228590
228592
228593
228594
228596
228597
228598
228599
228600
228603
228605
228606
228608
228609
228610
228611
228612
228613
228614
228616
228618
228619
228620
228621
228622
228623
228624
228625
228626
228627
228628
228629
228630
228631
228633
228634
228635
228636
228637
228638
228639
228640
228642
228643
228644
228645
228646
228647
228649
228651
228652
228653
228654
228655
228656
228657
228658
228660
228661
228662
228663
228664
228665
228667
228668
228669
228670
228671
228672
228673
228675
228676
228678
228680
228681
228684
228685
228686
228687
228688
228689
228690
228691
228692
228693
228694
228696
228697
228698
228699
228700
228701
228702
228704
228705
228707
228708
228709
228710
228711
228712
228713
228714
228715
228716
228718
228720
228721
228722
228723
228725
228726
228727
228728
228729
228730
228731
228732
228733
228734
228735
228736
228737
228738
228739
228741
228742
228744
228747
228748
228749
228750
228751
228752
228753
228754
228755
228756
228757
228759
228760
228761
228762
228763
228764
228765
228766
228767
228770
228771
228772
228773
228774
228776
228777
228778
228779
228780
228782
228783
228784
228785
228786
228787
228788
228792
228793
228794
228795
228797
228799
228800
228801
228802
228804
228805
228806
228807
228808
228809
228812
228814
228815
228816
228817
228819
228820
228822
228823
228824
228825
228826
228828
228829
228833
228834
228835
228838
228839
228840
228841
228842
228843
228847
228848
228849
228850
228851
228852
228853
228859
228860
228863
228868
228869
228870
228871
228872
228873
228874
228875
228877
228878
228879
228880
228881
228882
228884
228885
228886
228887
228889
228890
228891
228895
228899
228900
228901
228903
228905
228907
228908
228909
228910
228913
228916
228917
228918
228919
228920
228921
228923
228924
228925
228927
228928
228932
228933
228934
228935
228937
228938
228940
228941
228943
228945
228946
228947
228948
228949
228950
228952
228953
228955
228956
228959
228960
228961
228962
228963
228964
228967
228968
228969
228970
228971
228972
228973
228976
228977
228978
228979
228981
228982
228983
228984
228985
228986
228987
228988
228989
228991
228992
228993
228994
228995
228996
228997
228998
228999
229000
229001
229002
229003
229004
229005
229006
229008
229009
229010
229012
229013
229014
229015
229016
229018
229020
229021
229022
229023
229024
229025
229026
229027
229028
229030
229031
229032
229033
229034
229035
229036
229037
229038
229039
229040
229041
229042
229043
229044
229045
229048
229049
229050
229051
229052
229053
229054
229055
229056
229057
229058
229059
229060
229062
229065
229066
229067
229068
229069
229070
229072
229073
229075
229077
229078
229079
229080
229082
229083
229085
229086
229087
229088
229089
229090
229092
229093
229094
229095
229096
229097
229100
229101
229102
229103
229104
229105
229108
229109
229111
229112
229113
229114
229115
229116
229117
229119
229120
229121
229123
229124
229125
229126
229127
229128
229129
229131
229133
229134
229135
229136
229137
229139
229140
229141
229142
229143
229144
229145
229146
229147
229148
229149
229151
229154
229157
229158
229159
229160
229161
229162
229163
229164
229165
229167
229169
229170
229171
229172
229174
229179
229180
229181
229183
229185
229186
229187
229188
229189
229190
229191
229193
229194
229196
229197
229198
229199
229200
229202
229203
229204
229205
229206
229207
229209
229210
229211
229212
229213
229216
229217
229218
229219
229221
229223
229224
229225
229227
229228
229229
229230
229231
229232
229233
229234
229235
229237
229238
229239
229240
229241
229242
229243
229244
229245
229246
229247
229248
229250
229251
229252
229253
229254
229256
229257
229258
229260
229261
229262
229266
229267
229271
229272
229273
229274
229276
229279
229280
229281
229284
229285
229286
229287
229289
229290
229292
229293
229297
229300
229302
229303
229305
229306
229309
229310
229311
229312
229313
229314
229316
229317
229318
229319
229320
229321
229322
229323
229324
229325
229327
229328
229329
229330
229331
229332
229333
229334
229337
229339
229340
229341
229342
229343
229344
229345
229347
229348
229349
229350
229351
229353
229354
229355
229357
229358
229359
229360
229361
229362
229363
229364
229365
229366
229367
229368
229369
229370
229372
229373
229374
229375
229376
229377
229378
229379
229380
229381
229382
229384
229385
229386
229388
229389
229390
229391
229392
229394
229395
229397
229399
229400
229403
229404
229405
229406
229407
229408
229409
229410
229413
229414
229415
229416
229417
229419
229420
229422
229423
229425
229426
229427
229429
229431
229433
229434
229435
229436
229437
229439
229443
229444
229446
229447
229448
229450
229451
229453
229454
229455
229457
229458
229459
229462
229464
229465
229467
229470
229471
229472
229473
229475
229476
229477
229478
229479
229483
229485
229486
229488
229489
229490
229491
229492
229494
229495
229496
229498
229499
229500
229501
229503
229504
229505
229506
229507
229508
229509
229511
229512
229514
229516
229517
229519
229520
229521
229522
229523
229524
229525
229526
229527
229528
229529
229530
229532
229533
229534
229535
229536
229537
229538
229539
229540
229541
229542
229543
229544
229545
229546
229547
229549
229550
229552
229553
229556
229557
229558
229559
229560
229561
229563
229564
229565
229567
229568
229569
229570
229571
229572
229573
229574
229575
229576
229577
229578
229580
229582
229584
229587
229588
229589
229590
229591
229592
229594
229595
229599
229600
229601
229603
229604
229605
229606
229607
229608
229609
229610
229611
229615
229616
229617
229618
229619
229620
229622
229623
229624
229625
229626
229627
229628
229631
229632
229634
229639
229640
229641
229642
229644
229645
229646
229647
229648
229650
229651
229652
229653
229654
229656
229657
229658
229659
229660
229661
229662
229663
229664
229667
229668
229669
229671
229673
229674
229675
229676
229677
229678
229680
229681
229682
229683
229684
229685
229690
229691
229693
229694
229696
229697
229698
229699
229700
229701
229705
229707
229709
229710
229711
229713
229714
229717
229718
229719
229720
229721
229722
229723
229724
229725
229726
229727
229728
229729
229731
229733
229734
229735
229737
229738
229739
229740
229741
229743
229747
229748
229749
229750
229751
229753
229754
229755
229756
229757
229758
229759
229763
229766
229767
229768
229769
229771
229773
229774
229777
229778
229781
229782
229785
229788
229789
229792
229795
229796
229797
229798
229799
229800
229801
229803
229804
229805
229806
229807
229812
229815
229818
229819
229820
229821
229823
229824
229825
229828
229829
229833
229835
229836
229837
229838
229839
229840
229841
229842
229843
229847
229848
229852
229853
229854
229856
229857
229858
229861
229862
229863
229864
229866
229867
229868
229869
229870
229871
229873
229874
229875
229876
229877
229879
229880
229881
229882
229883
229884
229885
229887
229888
229889
229891
229892
229893
229894
229895
229896
229897
229898
229899
229900
229901
229903
229904
229905
229906
229907
229909
229910
229911
229913
229915
229918
229919
229920
229921
229922
229923
229924
229927
229928
229929
229930
229932
229934
229935
229937
229940
229941
229943
229945
229948
229949
229950
229952
229953
229954
229956
229959
229961
229962
229963
229966
229967
229968
229969
229970
229972
229975
229976
229978
229979
229981
229982
229984
229985
229987
229988
229989
229990
229991
229993
229995
229996
229997
229999
230000
230001
230002
230004
230006
230007
230008
230009
230010
230011
230014
230015
230016
230019
230020
230021
230025
230026
230027
230029
230030
230032
230033
230035
230036
230037
230038
230040
230041
230043
230044
230045
230046
230047
230049
230050
230051
230053
230055
230056
230057
230058
230059
230060
230061
230062
230063
230064
230065
230066
230068
230069
230071
230072
230073
230074
230076
230078
230079
230080
230081
230082
230083
230084
230086
230087
230088
230090
230091
230092
230093
230095
230097
230099
230100
230101
230102
230103
230104
230105
230108
230109
230113
230115
230116
230119
230121
230122
230123
230124
230125
230126
230128
230130
230131
230134
230135
230136
230137
230139
230140
230141
230142
230143
230145
230146
230148
230150
230151
230152
230153
230154
230157
230160
230161
230163
230164
230168
230169
230170
230171
230172
230173
230174
230175
230176
230177
230178
230179
230181
230183
230184
230185
230188
230190
230191
230192
230193
230195
230196
230197
230199
230202
230203
230204
230207
230208
230211
230212
230213
230214
230217
230218
230220
230221
230222
230223
230225
230228
230229
230230
230231
230233
230234
230235
230236
230237
230239
230241
230242
230243
230246
230248
230249
230251
230253
230254
230255
230256
230258
230259
230261
230263
230264
230265
230266
230267
230270
230271
230274
230277
230278
230280
230281
230284
230286
230287
230288
230291
230292
230293
230294
230295
230296
230298
230299
230300
230304
230305
230306
230307
230308
230309
230310
230311
230312
230314
230315
230316
230318
230319
230320
230321
230322
230323
230324
230325
230326
230327
230329
230332
230333
230335
230336
230337
230338
230340
230341
230344
230346
230347
230348
230349
230350
230352
230353
230355
230356
230357
230358
230359
230360
230361
230362
230363
230364
230366
230367
230368
230369
230371
230372
230373
230374
230375
230376
230377
230378
230379
230380
230382
230383
230384
230385
230386
230387
230388
230389
230390
230391
230392
230394
230395
230396
230397
230398
230399
230400
230401
230402
230404
230405
230406
230407
230408
230410
230411
230412
230413
230414
230415
230416
230417
230418
230419
230422
230424
230426
230427
230428
230429
230430
230431
230433
230434
230435
230437
230438
230441
230442
230444
230445
230447
230448
230449
230450
230452
230453
230454
230455
230456
230457
230458
230459
230460
230462
230463
230465
230466
230468
230469
230470
230475
230476
230477
230478
230479
230480
230481
230482
230485
230489
230490
230491
230492
230493
230494
230495
230496
230497
230498
230499
230500
230501
230502
230503
230504
230505
230506
230507
230508
230510
230511
230512
230513
230514
230515
230517
230518
230519
230520
230521
230522
230523
230524
230525
230526
230527
230528
230529
230531
230532
230533
230534
230535
230536
230537
230538
230539
230540
230541
230542
230544
230546
230547
230548
230550
230551
230552
230553
230554
230555
230556
230557
230558
230559
230560
230562
230563
230564
230565
230566
230567
230569
230570
230571
230572
230573
230574
230575
230576
230577
230578
230579
230580
230581
230583
230585
230586
230588
230589
230592
230593
230594
230595
230596
230598
230600
230601
230603
230604
230605
230607
230608
230609
230611
230612
230613
230614
230616
230617
230620
230621
230622
230623
230624
230625
230626
230629
230631
230632
230633
230634
230635
230636
230637
230638
230639
230641
230642
230644
230647
230648
230652
230653
230654
230656
230658
230659
230660
230661
230662
230663
230665
230666
230668
230669
230672
230673
230674
230675
230677
230678
230680
230681
230682
230683
230685
230686
230687
230688
230690
230691
230692
230693
230694
230696
230697
230698
230700
230702
230703
230704
230705
230707
230708
230709
230711
230712
230713
230714
230716
230721
230722
230723
230724
230725
230726
230727
230728
230729
230731
230732
230733
230734
230735
230737
230738
230739
230740
230742
230745
230746
230747
230748
230749
230750
230751
230752
230754
230755
230756
230757
230758
230759
230760
230761
230762
230763
230765
230766
230768
230771
230772
230773
230774
230775
230776
230779
230780
230781
230782
230783
230784
230785
230786
230787
230788
230789
230790
230791
230792
230793
230794
230795
230797
230798
230799
230800
230801
230803
230804
230805
230806
230807
230808
230809
230810
230811
230812
230813
230814
230815
230816
230817
230818
230819
230820
230821
230822
230823
230824
230826
230827
230828
230829
230830
230831
230832
230833
230835
230836
230837
230838
230839
230841
230842
230843
230844
230847
230848
230849
230850
230852
230853
230855
230856
230857
230859
230860
230862
230863
230864
230865
230868
230869
230870
230871
230872
230873
230874
230875
230876
230877
230878
230879
230880
230881
230882
230883
230884
230885
230886
230887
230888
230889
230890
230891
230892
230893
230894
230895
230896
230897
230898
230900
230901
230902
230903
230904
230905
230906
230907
230908
230909
230910
230911
230913
230914
230915
230916
230917
230918
230919
230920
230921
230922
230924
230925
230926
230927
230928
230929
230931
230932
230933
230934
230939
230941
230942
230943
230944
230945
230946
230947
230948
230949
230950
230951
230952
230954
230957
230958
230960
230961
230962
230963
230964
230966
230968
230970
230973
230975
230976
230980
230981
230982
230983
230984
230985
230987
230988
230989
230990
230991
230992
230995
230996
230997
231000
231001
231002
231003
231004
231006
231007
231008
231010
231011
231012
231014
231015
231019
231021
231022
231023
231024
231027
231028
231029
231031
231034
231037
231039
231040
231041
231042
231043
231044
231045
231047
231048
231049
231050
231051
231052
231054
231055
231057
231058
231061
231063
231064
231065
231066
231068
231069
231070
231073
231076
231077
231078
231079
231080
231081
231082
231083
231084
231085
231087
231088
231089
231090
231092
231093
231095
231096
231097
231098
231099
231100
231101
231102
231103
231104
231106
231107
231109
231111
231112
231113
231114
231117
231118
231119
231121
231122
231125
231126
231127
231128
231129
231130
231131
231132
231133
231135
231136
231138
231140
231141
231142
231143
231144
231146
231148
231149
231150
231152
231154
231155
231158
231160
231163
231165
231166
231167
231168
231169
231170
231172
231173
231175
231176
231179
231182
231183
231184
231185
231186
231188
231189
231190
231191
231193
231194
231195
231196
231197
231199
231200
231203
231204
231205
231206
231207
231208
231209
231210
231211
231212
231213
231217
231219
231220
231221
231222
231223
231226
231228
231229
231231
231232
231233
231235
231237
231238
231242
231243
231244
231245
231246
231247
231248
231250
231251
231252
231254
231255
231256
231259
231261
231262
231263
231265
231266
231269
231270
231271
231272
231273
231274
231275
231276
231277
231279
231280
231281
231282
231283
231284
231286
231287
231288
231290
231292
231293
231294
231295
231297
231299
231302
231306
231308
231309
231310
231311
231312
231313
231314
231315
231316
231317
231318
231319
231320
231321
231322
231324
231325
231326
231327
231328
231329
231331
231334
231335
231336
231337
231339
231340
231343
231344
231345
231346
231347
231350
231351
231353
231354
231355
231356
231358
231359
231360
231361
231362
231363
231364
231365
231366
231369
231370
231371
231372
231373
231375
231376
231379
231380
231382
231385
231387
231388
231390
231395
231396
231398
231399
231401
231405
231406
231407
231408
231410
231411
231412
231413
231414
231415
231417
231418
231419
231420
231421
231422
231423
231424
231425
231426
231427
231428
231429
231430
231432
231434
231435
231436
231437
231438
231439
231440
231441
231442
231443
231445
231446
231447
231448
231449
231450
231451
231452
231454
231456
231457
231459
231460
231461
231463
231465
231466
231467
231469
231471
231473
231475
231476
231477
231478
231479
231481
231482
231483
231484
231485
231486
231487
231488
231489
231490
231492
231494
231496
231497
231499
231500
231501
231503
231504
231506
231508
231510
231511
231512
231513
231515
231517
231518
231521
231522
231524
231525
231527
231531
231532
231534
231535
231536
231539
231540
231542
231548
231549
231551
231552
231553
231554
231555
231557
231559
231561
231562
231563
231564
231565
231566
231569
231573
231574
231576
231577
231578
231579
231580
231581
231583
231584
231587
231588
231589
231590
231591
231594
231596
231598
231599
231602
231604
231605
231607
231608
231611
231614
231616
231618
231619
231622
231624
231625
231626
231627
231628
231629
231630
231632
231635
231637
231638
231639
231640
231641
231642
231643
231644
231645
231647
231648
231649
231650
231651
231652
231653
231654
231657
231658
231659
231660
231661
231662
231665
231667
231670
231671
231672
231673
231674
231675
231678
231679
231680
231681
231682
231683
231684
231685
231686
231687
231691
231693
231694
231695
231697
231698
231699
231700
231701
231702
231704
231705
231708
231709
231710
231711
231712
231713
231714
231717
231719
231720
231721
231722
231726
231728
231729
231731
231732
231735
231737
231738
231739
231740
231741
231742
231743
231745
231746
231747
231748
231749
231750
231751
231752
231753
231754
231755
231756
231757
231758
231759
231761
231762
231763
231765
231766
231767
231769
231771
231772
231773
231774
231775
231776
231777
231778
231779
231781
231782
231783
231784
231785
231786
231787
231790
231791
231794
231795
231796
231797
231798
231799
231802
231803
231804
231805
231806
231807
231808
231809
231810
231812
231813
231814
231815
231817
231819
231820
231822
231823
231825
231828
231829
231831
231833
231835
231836
231837
231839
231840
231842
231843
231844
231845
231846
231847
231848
231850
231852
231853
231854
231855
231856
231857
231858
231859
231860
231861
231862
231864
231865
231867
231868
231869
231871
231872
231873
231874
231875
231876
231878
231881
231884
231885
231886
231887
231888
231889
231891
231892
231894
231895
231896
231898
231899
231900
231903
231904
231905
231906
231907
231908
231909
231910
231912
231913
231914
231915
231917
231918
231919
231920
231921
231922
231923
231924
231925
231927
231928
231930
231931
231932
231933
231934
231935
231936
231939
231941
231943
231944
231945
231946
231947
231948
231949
231952
231953
231954
231956
231957
231959
231960
231961
231962
231963
231964
231965
231966
231967
231968
231970
231972
231973
231974
231975
231976
231977
231980
231983
231984
231985
231987
231988
231989
231991
231992
231993
231995
231996
231997
231998
231999
232000
232001
232002
232003
232004
232005
232006
232007
232008
232009
232011
232012
232013
232014
232015
232018
232019
232020
232023
232024
232026
232027
232029
232030
232031
232032
232034
232036
232037
232038
232039
232040
232041
232042
232043
232044
232046
232048
232050
232051
232052
232053
232055
232056
232058
232059
232060
232062
232063
232065
232066
232069
232070
232072
232073
232074
232075
232076
232080
232081
232087
232089
232093
232097
232098
232099
232101
232102
232103
232104
232106
232107
232109
232110
232111
232112
232113
232116
232117
232118
232119
232120
232121
232122
232123
232125
232126
232127
232128
232129
232130
232131
232133
232136
232138
232141
232142
232145
232146
232149
232150
232151
232152
232153
232154
232155
232156
232157
232158
232160
232161
232162
232163
232169
232170
232171
232172
232173
232174
232175
232176
232177
232178
232181
232182
232183
232184
232185
232186
232187
232188
232189
232190
232191
232192
232193
232194
232196
232198
232200
232201
232202
232203
232206
232207
232208
232209
232210
232211
232213
232214
232215
232216
232217
232218
232219
232220
232221
232224
232226
232227
232228
232229
232230
232231
232232
232233
232234
232235
232236
232237
232238
232239
232240
232241
232243
232244
232245
232246
232248
232249
232250
232253
232256
232257
232258
232259
232260
232262
232264
232265
232266
232267
232269
232270
232273
232274
232277
232278
232279
232280
232281
232282
232283
232284
232285
232288
232289
232290
232291
232292
232296
232298
232299
232302
232304
232305
232306
232308
232309
232310
232311
232312
232313
232321
232323
232324
232325
232328
232329
232330
232331
232333
232334
232337
232338
232339
232341
232342
232345
232347
232348
232349
232350
232352
232354
232355
232356
232357
232359
232360
232362
232363
232364
232365
232366
232367
232369
232371
232372
232373
232374
232376
232377
232378
232379
232380
232381
232383
232384
232385
232386
232387
232388
232391
232392
232393
232394
232395
232396
232398
232399
232400
232402
232403
232404
232405
232406
232407
232408
232409
232410
232411
232413
232414
232416
232417
232418
232419
232420
232421
232422
232425
232426
232427
232428
232429
232432
232435
232436
232437
232438
232439
232440
232443
232444
232445
232447
232448
232449
232452
232454
232455
232456
232457
232458
232459
232460
232462
232464
232465
232467
232468
232469
232470
232472
232473
232474
232475
232477
232478
232479
232480
232484
232485
232486
232487
232489
232492
232493
232494
232495
232496
232497
232498
232501
232502
232503
232504
232505
232506
232507
232508
232509
232510
232511
232513
232514
232515
232516
232518
232520
232522
232523
232526
232527
232529
232530
232532
232533
232534
232535
232536
232537
232538
232540
232543
232545
232550
232551
232552
232554
232556
232557
232559
232560
232561
232562
232565
232566
232567
232569
232570
232572
232576
232578
232585
232586
232587
232588
232590
232591
232592
232593
232597
232600
232601
232602
232603
232606
232607
232609
232610
232611
232612
232613
232614
232615
232616
232617
232619
232620
232621
232622
232623
232624
232625
232627
232628
232629
232630
232631
232632
232633
232636
232637
232638
232639
232640
232641
232642
232643
232644
232645
232648
232649
232650
232651
232653
232655
232658
232659
232660
232661
232663
232664
232665
232666
232668
232669
232670
232672
232673
232675
232676
232677
232678
232681
232682
232683
232684
232685
232686
232688
232689
232690
232692
232693
232694
232695
232696
232697
232698
232699
232700
232701
232702
232703
232704
232705
232706
232707
232708
232709
232710
232711
232712
232715
232716
232717
232718
232720
232722
232723
232724
232726
232728
232729
232730
232732
232733
232734
232735
232737
232738
232739
232740
232742
232743
232744
232745
232747
232748
232750
232751
232752
232753
232754
232755
232756
232758
232759
232760
232761
232762
232763
232764
232765
232766
232767
232768
232769
232771
232772
232774
232775
232776
232777
232778
232780
232781
232782
232783
232788
232789
232790
232791
232792
232793
232794
232795
232796
232798
232799
232800
232801
232802
232803
232805
232806
232807
232808
232809
232810
232812
232815
232816
232817
232819
232820
232821
232822
232825
232827
232828
232831
232833
232835
232837
232838
232839
232842
232843
232844
232846
232847
232849
232850
232851
232853
232854
232855
232856
232857
232858
232859
232860
232861
232862
232864
232865
232867
232868
232869
232871
232872
232873
232874
232875
232876
232877
232879
232880
232881
232883
232884
232885
232886
232887
232888
232889
232890
232892
232893
232894
232895
232896
232897
232898
232899
232900
232901
232903
232904
232905
232906
232907
232908
232910
232913
232915
232917
232918
232920
232921
232922
232923
232924
232925
232928
232929
232930
232931
232932
232934
232938
232939
232942
232944
232946
232949
232950
232952
232955
232957
232958
232959
232960
232961
232963
232964
232965
232966
232967
232968
232972
232973
232976
232977
232978
232979
232980
232981
232983
232984
232985
232986
232987
232988
232993
232994
232996
232997
232998
232999
233000
233001
233003
233004
233005
233007
233008
233009
233010
233011
233013
233015
233016
233018
233019
233021
233023
233024
233026
233027
233028
233029
233030
233034
233035
233036
233038
233039
233040
233041
233043
233045
233046
233047
233049
233051
233052
233053
233054
233055
233056
233060
233061
233062
233064
233065
233066
233068
233069
233070
233071
233073
233076
233077
233078
233079
233081
233082
233083
233084
233085
233086
233087
233088
233090
233091
233092
233094
233095
233096
233097
233098
233099
233101
233102
233103
233104
233105
233106
233107
233108
233109
233111
233112
233113
233115
233117
233118
233119
233120
233121
233122
233123
233124
233125
233126
233127
233129
233132
233133
233134
233135
233136
233137
233138
233139
233140
233141
233142
233144
233145
233148
233150
233151
233152
233153
233154
233156
233157
233158
233159
233160
233161
233162
233164
233166
233168
233169
233170
233172
233173
233174
233180
233181
233183
233185
233186
233189
233191
233192
233193
233195
233197
233198
233200
233202
233203
233204
233205
233206
233207
233208
233209
233210
233211
233212
233213
233214
233215
233216
233217
233218
233222
233224
233225
233226
233227
233229
233230
233231
233234
233237
233239
233241
233242
233243
233247
233249
233250
233251
233253
233256
233258
233260
233261
233262
233263
233264
233265
233266
233268
233269
233270
233271
233272
233273
233274
233277
233280
233281
233283
233286
233287
233290
233291
233292
233293
233294
233295
233296
233299
233300
233301
233302
233303
233305
233306
233307
233308
233309
233310
233311
233313
233314
233315
233316
233317
233318
233320
233322
233324
233326
233327
233329
233330
233334
233335
233336
233337
233339
233340
233341
233342
233343
233345
233346
233347
233348
233351
233352
233353
233354
233355
233356
233357
233358
233359
233360
233362
233363
233364
233366
233367
233368
233369
233370
233371
233372
233373
233374
233375
233376
233377
233378
233379
233380
233381
233382
233383
233384
233385
233386
233387
233388
233389
233390
233392
233393
233394
233395
233396
233397
233398
233399
233401
233402
233403
233404
233405
233406
233407
233408
233409
233410
233411
233413
233414
233415
233417
233418
233419
233422
233423
233424
233425
233428
233429
233430
233432
233433
233434
233436
233438
233440
233441
233442
233443
233444
233445
233447
233448
233449
233450
233457
233458
233459
233460
233461
233463
233464
233467
233468
233469
233470
233471
233472
233473
233475
233479
233480
233482
233483
233484
233485
233486
233490
233491
233492
233493
233494
233495
233496
233497
233498
233499
233501
233502
233503
233504
233505
233507
233508
233509
233510
233511
233512
233513
233514
233515
233516
233518
233520
233521
233522
233523
233524
233525
233526
233528
233529
233531
233532
233533
233536
233538
233540
233541
233542
233543
233544
233545
233546
233547
233548
233549
233550
233551
233553
233554
233556
233557
233559
233560
233563
233564
233565
233568
233572
233573
233574
233575
233577
233580
233581
233582
233584
233586
233587
233588
233589
233590
233591
233592
233595
233596
233597
233598
233601
233602
233603
233604
233605
233606
233607
233608
233610
233611
233612
233613
233614
233615
233616
233617
233618
233619
233620
233621
233622
233623
233625
233626
233627
233630
233632
233633
233634
233635
233636
233637
233638
233639
233642
233643
233644
233645
233649
233650
233651
233652
233660
233661
233662
233663
233664
233665
233666
233667
233668
233669
233670
233671
233672
233673
233674
233675
233676
233677
233679
233681
233684
233687
233689
233691
233692
233693
233694
233695
233696
233698
233699
233700
233701
233702
233703
233705
233706
233707
233708
233709
233710
233711
233712
233713
233714
233717
233718
233719
233721
233724
233725
233726
233727
233728
233729
233730
233731
233732
233733
233734
233735
233737
233739
233740
233741
233743
233744
233745
233746
233747
233748
233749
233750
233751
233752
233754
233755
233757
233760
233761
233762
233763
233764
233766
233768
233769
233770
233771
233772
233775
233776
233778
233779
233780
233781
233783
233784
233785
233786
233787
233789
233791
233792
233795
233796
233797
233798
233799
233800
233801
233803
233804
233805
233806
233808
233809
233811
233813
233814
233815
233817
233818
233820
233821
233822
233823
233824
233825
233826
233829
233831
233832
233833
233834
233835
233837
233839
233840
233842
233843
233844
233846
233847
233849
233851
233852
233854
233855
233856
233858
233859
233860
233861
233862
233863
233864
233865
233866
233867
233868
233870
233871
233872
233874
233875
233876
233877
233878
233880
233881
233882
233883
233884
233885
233886
233887
233888
233889
233890
233891
233892
233894
233895
233897
233898
233899
233900
233901
233902
233904
233907
233909
233910
233911
233912
233913
233917
233920
233921
233922
233923
233927
233930
233931
233932
233934
233935
233936
233937
233938
233939
233940
233942
233943
233944
233947
233951
233952
233953
233954
233955
233956
233957
233958
233959
233960
233961
233962
233963
233964
233965
233966
233967
233968
233969
233971
233973
233977
233978
233979
233980
233981
233982
233983
233984
233985
233986
233987
233988
233989
233990
233991
233992
233994
233995
233996
233997
233998
233999
234000
234001
234004
234005
234007
234008
234009
234010
234011
234012
234013
234014
234015
234016
234017
234018
234019
234021
234022
234023
234025
234026
234027
234028
234030
234031
234032
234033
234035
234039
234040
234042
234043
234044
234045
234046
234047
234049
234051
234052
234053
234054
234055
234056
234057
234058
234059
234062
234063
234065
234066
234068
234071
234072
234073
234074
234077
234078
234079
234080
234081
234082
234083
234084
234085
234086
234088
234090
234091
234092
234094
234096
234097
234098
234099
234100
234101
234102
234103
234104
234105
234106
234107
234108
234109
234110
234111
234112
234113
234114
234116
234117
234118
234119
234120
234121
234123
234124
234126
234128
234129
234130
234131
234132
234133
234136
234137
234138
234139
234141
234142
234143
234144
234146
234147
234148
234149
234150
234151
234152
234155
234156
234157
234158
234160
234161
234162
234163
234165
234166
234167
234168
234170
234171
234173
234175
234176
234177
234178
234179
234182
234183
234184
234186
234189
234191
234192
234194
234195
234198
234199
234200
234201
234203
234204
234205
234206
234207
234209
234210
234213
234214
234216
234217
234218
234219
234221
234222
234224
234227
234228
234229
234233
234234
234235
234237
234239
234240
234241
234243
234244
234248
234249
234252
234254
234256
234257
234258
234259
234260
234262
234263
234266
234269
234272
234273
234274
234275
234277
234278
234279
234280
234283
234284
234287
234288
234289
234290
234291
234292
234293
234295
234296
234297
234298
234299
234300
234301
234303
234304
234305
234306
234308
234309
234310
234313
234314
234315
234316
234317
234318
234319
234321
234325
234327
234328
234329
234331
234332
234333
234334
234335
234336
234337
234338
234339
234340
234342
234345
234346
234347
234348
234349
234350
234351
234352
234353
234354
234355
234356
234357
234358
234359
234361
234363
234365
234366
234367
234368
234369
234370
234371
234372
234373
234374
234375
234377
234378
234380
234382
234383
234385
234386
234387
234388
234389
234390
234391
234392
234393
234394
234395
234396
234397
234398
234399
234400
234401
234402
234403
234405
234406
234407
234408
234409
234410
234411
234412
234413
234414
234415
234416
234417
234418
234419
234422
234423
234424
234425
234427
234429
234430
234431
234432
234433
234434
234436
234437
234438
234439
234441
234442
234443
234444
234445
234446
234448
234449
234450
234451
234452
234454
234455
234456
234457
234458
234459
234460
234461
234463
234468
234469
234470
234471
234472
234473
234475
234476
234477
234478
234479
234480
234481
234482
234483
234484
234485
234486
234487
234488
234490
234491
234492
234493
234495
234496
234497
234498
234499
234500
234501
234502
234505
234510
234511
234512
234513
234514
234516
234518
234519
234520
234521
234525
234526
234528
234529
234532
234533
234534
234536
234537
234539
234540
234541
234542
234543
234544
234545
234546
234547
234548
234551
234552
234553
234554
234556
234558
234559
234560
234562
234563
234564
234568
234569
234570
234571
234572
234574
234575
234577
234578
234581
234584
234585
234589
234593
234594
234595
234597
234598
234599
234600
234601
234602
234604
234605
234607
234612
234615
234616
234617
234618
234620
234622
234623
234624
234625
234626
234627
234629
234630
234631
234634
234636
234637
234640
234644
234645
234647
234648
234649
234650
234651
234654
234656
234657
234658
234659
234660
234661
234663
234664
234665
234666
234668
234669
234672
234674
234676
234677
234678
234679
234680
234681
234682
234683
234684
234686
234687
234688
234689
234690
234691
234692
234693
234694
234695
234696
234697
234698
234701
234702
234703
234705
234706
234707
234709
234710
234711
234712
234713
234714
234717
234718
234719
234720
234723
234724
234725
234727
234728
234729
234730
234731
234733
234734
234735
234736
234737
234738
234739
234740
234741
234742
234743
234745
234746
234748
234749
234750
234753
234754
234755
234756
234757
234758
234759
234760
234761
234762
234763
234764
234765
234766
234770
234771
234772
234773
234774
234775
234776
234777
234779
234780
234781
234782
234783
234786
234788
234792
234793
234794
234796
234801
234802
234803
234804
234805
234807
234808
234809
234812
234813
234814
234816
234817
234819
234820
234821
234822
234823
234824
234825
234827
234828
234830
234831
234832
234835
234836
234840
234841
234842
234845
234846
234848
234849
234850
234851
234852
234853
234854
234855
234856
234857
234858
234859
234860
234861
234862
234863
234864
234866
234867
234868
234870
234871
234872
234873
234874
234875
234876
234877
234878
234880
234881
234883
234884
234886
234889
234890
234891
234893
234896
234898
234899
234901
234902
234905
234907
234908
234909
234911
234913
234914
234915
234916
234917
234919
234920
234921
234923
234924
234925
234927
234928
234929
234930
234931
234932
234934
234935
234936
234939
234940
234941
234944
234945
234947
234948
234949
234950
234951
234953
234955
234956
234957
234958
234960
234961
234963
234965
234966
234967
234968
234970
234971
234972
234973
234975
234976
234977
234978
234979
234980
234981
234983
234984
234985
234988
234989
234990
234991
234992
234993
234994
234995
234996
234997
234998
234999
235000
235001
235002
235003
235004
235005
235006
235007
235008
235009
235010
235011
235013
235014
235015
235016
235017
235018
235019
235020
235021
235022
235023
235024
235025
235026
235027
235028
235029
235032
235033
235034
235035
235036
235037
235038
235039
235040
235041
235042
235043
235044
235045
235046
235048
235050
235051
235052
235053
235054
235055
235056
235058
235060
235061
235062
235063
235065
235066
235067
235068
235069
235071
235072
235073
235074
235075
235077
235078
235079
235080
235081
235082
235083
235084
235085
235088
235089
235090
235091
235092
235093
235095
235096
235098
235100
235102
235104
235105
235106
235107
235108
235109
235110
235113
235114
235115
235116
235117
235120
235121
235122
235124
235125
235126
235127
235128
235130
235131
235132
235133
235134
235135
235136
235137
235139
235140
235141
235142
235143
235145
235148
235149
235152
235154
235155
235157
235158
235159
235161
235162
235163
235165
235167
235169
235171
235172
235173
235175
235176
235177
235178
235179
235180
235181
235183
235184
235185
235186
235187
235188
235189
235190
235191
235192
235193
235196
235197
235198
235199
235200
235201
235204
235205
235207
235208
235209
235210
235211
235212
235213
235214
235215
235216
235217
235218
235219
235220
235221
235222
235223
235226
235227
235229
235230
235231
235232
235233
235234
235235
235236
235237
235238
235242
235244
235247
235248
235249
235250
235251
235253
235254
235255
235256
235257
235258
235260
235261
235262
235263
235264
235265
235266
235267
235268
235269
235271
235272
235274
235276
235277
235279
235282
235283
235284
235285
235289
235290
235292
235293
235295
235297
235298
235299
235300
235302
235303
235305
235307
235311
235312
235313
235314
235315
235316
235319
235320
235321
235322
235323
235324
235325
235327
235328
235329
235330
235331
235332
235333
235334
235336
235338
235339
235340
235341
235342
235343
235344
235345
235346
235347
235348
235349
235351
235353
235355
235356
235357
235358
235359
235362
235363
235364
235365
235366
235367
235372
235373
235374
235376
235377
235378
235379
235380
235382
235385
235386
235388
235390
235391
235392
235393
235394
235395
235396
235398
235399
235402
235404
235405
235407
235408
235409
235411
235412
235414
235415
235416
235417
235419
235422
235423
235424
235425
235426
235428
235429
235430
235432
235434
235435
235436
235437
235438
235439
235440
235443
235444
235445
235446
235448
235449
235450
235452
235453
235454
235455
235456
235457
235458
235460
235461
235463
235465
235468
235471
235472
235473
235474
235476
235477
235478
235479
235480
235481
235484
235485
235486
235487
235488
235489
235491
235493
235494
235498
235499
235500
235501
235502
235503
235507
235508
235509
235510
235511
235512
235513
235516
235517
235518
235519
235521
235522
235523
235524
235525
235526
235527
235528
235530
235533
235536
235537
235538
235539
235541
235542
235543
235544
235545
235546
235547
235548
235549
235551
235552
235553
235555
235556
235558
235559
235560
235562
235563
235564
235565
235566
235567
235569
235571
235572
235573
235574
235575
235576
235577
235578
235579
235580
235583
235584
235586
235587
235588
235590
235591
235592
235595
235597
235598
235599
235600
235601
235602
235603
235604
235607
235608
235609
235610
235611
235612
235614
235615
235616
235618
235619
235620
235621
235622
235623
235624
235625
235626
235628
235629
235630
235631
235637
235639
235640
235642
235644
235645
235646
235648
235650
235651
235652
235654
235655
235657
235658
235659
235660
235662
235663
235665
235666
235669
235670
235671
235672
235673
235675
235676
235681
235682
235683
235684
235685
235686
235687
235688
235689
235690
235696
235698
235699
235701
235702
235703
235704
235706
235707
235708
235709
235710
235711
235713
235714
235715
235716
235717
235718
235720
235721
235722
235724
235725
235726
235727
235728
235729
235731
235732
235733
235735
235736
235738
235739
235741
235742
235743
235744
235746
235748
235750
235751
235752
235753
235754
235755
235758
235759
235760
235761
235763
235764
235766
235767
235768
235769
235770
235771
235772
235776
235777
235778
235779
235780
235781
235782
235783
235784
235785
235786
235788
235789
235791
235792
235794
235795
235798
235799
235800
235802
235804
235805
235806
235807
235808
235811
235812
235814
235815
235816
235817
235819
235820
235821
235822
235823
235824
235825
235827
235828
235829
235830
235831
235833
235834
235835
235836
235837
235838
235839
235840
235844
235846
235847
235848
235849
235850
235851
235852
235853
235854
235855
235856
235857
235858
235860
235861
235862
235863
235864
235865
235867
235868
235869
235870
235871
235872
235875
235876
235878
235879
235881
235882
235884
235885
235886
235887
235888
235889
235890
235891
235892
235893
235894
235896
235897
235901
235903
235904
235905
235906
235907
235908
235909
235911
235912
235914
235917
235918
235920
235921
235923
235924
235925
235926
235927
235928
235929
235931
235934
235935
235937
235938
235939
235940
235942
235943
235944
235946
235947
235948
235950
235951
235952
235956
235957
235958
235959
235960
235961
235965
235966
235967
235968
235969
235970
235973
235974
235975
235977
235978
235980
235981
235982
235983
235984
235985
235987
235989
235991
235996
235997
235998
235999
236002
236003
236004
236005
236006
236007
236009
236012
236013
236014
236017
236020
236021
236025
236027
236029
236030
236031
236032
236033
236034
236035
236036
236039
236041
236042
236043
236044
236045
236046
236048
236049
236051
236052
236055
236056
236057
236058
236059
236061
236063
236064
236065
236066
236067
236069
236070
236073
236074
236077
236079
236080
236081
236082
236084
236085
236086
236087
236088
236089
236090
236093
236094
236096
236097
236100
236102
236104
236105
236106
236107
236108
236109
236110
236111
236112
236113
236115
236116
236117
236118
236120
236121
236122
236123
236124
236125
236127
236128
236129
236130
236131
236132
236133
236134
236135
236136
236137
236139
236140
236141
236142
236143
236144
236145
236146
236148
236149
236150
236151
236152
236153
236154
236155
236156
236157
236158
236159
236160
236161
236162
236163
236164
236166
236167
236168
236169
236170
236171
236172
236173
236174
236176
236177
236178
236179
236180
236182
236183
236184
236185
236186
236187
236189
236190
236192
236193
236194
236195
236196
236197
236198
236199
236200
236201
236202
236203
236204
236205
236206
236207
236208
236209
236211
236213
236214
236215
236216
236217
236219
236220
236222
236224
236225
236226
236227
236228
236229
236230
236231
236233
236234
236235
236236
236237
236238
236239
236240
236241
236242
236245
236246
236247
236248
236251
236252
236253
236254
236256
236258
236259
236260
236261
236262
236264
236265
236266
236267
236268
236269
236270
236276
236278
236280
236281
236283
236284
236285
236286
236289
236290
236291
236292
236296
236298
236301
236302
236303
236304
236305
236306
236308
236309
236313
236314
236316
236317
236319
236320
236322
236324
236325
236326
236329
236331
236332
236334
236335
236337
236338
236339
236342
236344
236345
236346
236347
236348
236350
236351
236352
236353
236354
236355
236356
236357
236359
236360
236361
236363
236364
236368
236369
236371
236372
236373
236374
236375
236377
236378
236379
236380
236381
236382
236383
236384
236385
236386
236388
236389
236390
236394
236395
236396
236397
236399
236400
236401
236402
236404
236405
236406
236407
236409
236410
236411
236413
236415
236416
236417
236418
236419
236420
236421
236422
236423
236424
236426
236427
236429
236430
236431
236432
236433
236434
236436
236437
236438
236439
236440
236442
236443
236444
236445
236446
236447
236448
236450
236452
236453
236454
236455
236456
236457
236459
236460
236461
236462
236463
236464
236465
236466
236467
236468
236469
236470
236471
236472
236474
236475
236476
236477
236478
236479
236480
236482
236484
236485
236486
236488
236489
236490
236491
236494
236495
236496
236497
236498
236499
236501
236503
236504
236505
236506
236507
236509
236510
236511
236513
236514
236515
236516
236517
236518
236520
236521
236522
236523
236525
236527
236528
236530
236531
236532
236534
236535
236536
236537
236538
236540
236541
236542
236543
236545
236547
236548
236549
236551
236553
236555
236556
236558
236559
236560
236563
236565
236566
236568
236569
236570
236572
236573
236574
236575
236576
236578
236579
236582
236584
236585
236587
236588
236589
236590
236591
236592
236593
236594
236595
236597
236598
236599
236600
236604
236606
236607
236609
236610
236612
236613
236614
236615
236616
236618
236619
236620
236621
236622
236623
236626
236627
236628
236629
236630
236631
236632
236633
236634
236635
236636
236637
236638
236641
236643
236644
236645
236646
236647
236648
236649
236650
236651
236652
236653
236654
236655
236656
236657
236659
236662
236663
236664
236665
236666
236667
236669
236670
236672
236675
236676
236677
236679
236680
236681
236682
236683
236686
236687
236688
236689
236690
236692
236695
236696
236697
236700
236701
236702
236703
236704
236705
236706
236707
236708
236709
236711
236712
236713
236714
236715
236717
236718
236719
236720
236721
236722
236723
236724
236725
236726
236727
236729
236730
236731
236732
236733
236734
236736
236737
236738
236739
236740
236741
236743
236744
236745
236746
236747
236748
236749
236750
236751
236752
236753
236754
236755
236757
236758
236759
236761
236762
236763
236764
236765
236766
236767
236768
236769
236770
236772
236773
236775
236777
236778
236779
236780
236781
236782
236784
236785
236786
236787
236791
236792
236793
236794
236797
236798
236799
236800
236801
236802
236804
236807
236808
236809
236810
236813
236818
236819
236820
236821
236822
236823
236824
236826
236827
236829
236830
236831
236833
236835
236836
236837
236838
236839
236840
236842
236843
236845
236846
236847
236848
236849
236850
236853
236854
236858
236859
236862
236864
236865
236867
236868
236869
236872
236873
236875
236876
236877
236879
236880
236881
236882
236883
236884
236886
236887
236888
236890
236891
236892
236893
236894
236895
236898
236899
236900
236901
236902
236903
236904
236905
236906
236907
236909
236910
236911
236912
236914
236915
236917
236918
236920
236923
236924
236926
236927
236928
236929
236931
236934
236935
236937
236938
236939
236942
236944
236945
236946
236948
236949
236950
236951
236952
236953
236954
236958
236959
236960
236961
236962
236963
236964
236965
236967
236968
236969
236972
236973
236975
236977
236978
236979
236981
236982
236983
236984
236989
236990
236991
236992
236998
236999
237000
237002
237003
237004
237005
237006
237007
237008
237009
237010
237011
237013
237014
237015
237016
237018
237020
237021
237023
237024
237026
237027
237028
237029
237030
237031
237032
237033
237034
237036
237037
237038
237040
237041
237042
237043
237044
237046
237047
237049
237050
237051
237052
237053
237055
237056
237057
237058
237060
237061
237062
237063
237065
237066
237067
237070
237071
237072
237073
237074
237075
237076
237077
237078
237080
237081
237082
237083
237084
237085
237086
237087
237088
237089
237091
237092
237093
237094
237095
237096
237098
237099
237101
237102
237103
237104
237105
