263595
263598
263599
263600
263601
263602
263603
263604
263605
263606
263607
263608
263609
263611
263612
263613
263614
263615
263616
263617
263618
263619
263622
263623
263625
263626
263627
263628
263629
263630
263631
263632
263633
263634
263635
263637
263638
263640
263641
263642
263644
263645
263648
263649
263651
263652
263654
263655
263656
263657
263658
263660
263664
263665
263666
263667
263669
263671
263672
263675
263676
263677
263679
263680
263681
263682
263683
263684
263685
263687
263689
263690
263691
263693
263694
263695
263698
263700
263701
263702
263703
263705
263709
263710
263712
263714
263715
263716
263717
263718
263719
263720
263721
263722
263725
263726
263727
263729
263730
263732
263733
263734
263735
263736
263738
263739
263740
263741
263742
263743
263745
263746
263747
263748
263749
263750
263751
263752
263753
263754
263755
263757
263758
263759
263760
263761
263762
263763
263764
263766
263768
263770
263774
263776
263777
263778
263780
263781
263782
263783
263784
263785
263787
263788
263789
263791
263793
263820
263835
263838
263841
263842
263843
263844
263847
263849
263850
263852
263853
263854
263855
263856
263857
263858
263860
263861
263862
263863
263864
263865
263866
263870
263871
263872
263873
263874
263876
263877
263878
263880
263882
263883
263884
263885
263886
263887
263888
263889
263890
263891
263892
263895
263896
263897
263898
263899
263900
263901
263902
263904
263905
263906
263907
263908
263909
263911
263912
263913
263914
263915
263916
263917
263918
263919
263920
263921
263923
263924
263925
263926
263928
263929
263930
263931
263933
263934
263935
263936
263937
263939
263940
263941
263943
263944
263945
263946
263947
263948
263949
263950
263951
263952
263953
263954
263955
263956
263958
263959
263960
263961
263963
263964
263965
263967
263968
263969
263970
263971
263972
263973
263974
263977
263978
263979
263980
263983
263984
263985
263986
263987
263988
263989
263991
263992
263993
263994
263995
263996
263997
263998
263999
264000
264002
264003
264004
264005
264007
264008
264011
264012
264014
264015
264016
264017
264018
264019
264020
264021
264022
264023
264025
264027
264028
264029
264030
264031
264032
264034
264035
264039
264040
264041
264042
264043
264044
264045
264046
264049
264052
264056
264061
264062
264064
264070
264077
264078
264079
264081
264091
264092
264093
264096
264097
264098
264099
264102
264104
264105
264107
264108
264111
264112
264113
264115
264117
264118
264122
264124
264127
264128
264131
264142
264143
264146
264148
264151
264152
264158
264159
264160
264162
264163
264167
264168
264169
264170
264172
264175
264177
264178
264179
264180
264181
264184
264185
264186
264187
264189
264190
264191
264192
264193
264194
264195
264196
264198
264202
264203
264204
264205
264206
264208
264209
264210
264211
264212
264213
264214
264215
264218
264219
264221
264223
264225
264227
264228
264229
264230
264231
264232
264234
264235
264236
264237
264239
264241
264242
264243
264244
264246
264248
264250
264251
264252
264254
264255
264256
264257
264258
264259
264261
264263
264264
264266
264267
264268
264269
264270
264273
264274
264277
264279
264280
264281
264282
264283
264284
264285
264286
264287
264288
264289
264290
264295
264297
264298
264300
264301
264302
264303
264304
264305
264306
264307
264309
264310
264312
264313
264314
264315
264316
264317
264319
264320
264321
264322
264323
264324
264325
264326
264327
264329
264330
264333
264335
264336
264338
264340
264341
264343
264344
264347
264348
264351
264352
264354
264356
264358
264359
264360
264361
264362
264363
264365
264368
264370
264371
264372
264374
264375
264377
264378
264379
264380
264381
264382
264384
264385
264386
264388
264390
264391
264393
264396
264397
264398
264399
264400
264401
264402
264403
264404
264406
264407
264412
264413
264414
264415
264416
264417
264418
264419
264420
264421
264422
264423
264424
264426
264427
264428
264429
264431
264432
264433
264435
264436
264437
264438
264439
264441
264442
264443
264444
264445
264446
264448
264449
264450
264451
264452
264453
264454
264455
264456
264458
264459
264461
264462
264463
264464
264465
264466
264467
264468
264470
264471
264472
264473
264474
264475
264477
264478
264479
264480
264481
264482
264483
264484
264485
264486
264487
264489
264491
264493
264495
264498
264499
264503
264505
264506
264507
264508
264509
264510
264511
264512
264513
264516
264521
264522
264524
264525
264526
264527
264528
264529
264531
264532
264533
264538
264539
264541
264542
264543
264544
264547
264548
264549
264551
264552
264553
264555
264556
264557
264558
264559
264560
264561
264562
264563
264564
264565
264566
264568
264569
264570
264571
264572
264573
264574
264575
264577
264578
264579
264581
264582
264583
264585
264586
264587
264588
264589
264590
264591
264592
264593
264594
264595
264596
264597
264598
264599
264600
264602
264603
264604
264605
264606
264607
264609
264610
264611
264612
264613
264614
264616
264617
264618
264619
264622
264623
264625
264626
264627
264628
264629
264631
264632
264634
264635
264636
264637
264638
264639
264640
264641
264642
264643
264644
264646
264647
264649
264650
264652
264653
264654
264655
264656
264657
264658
264659
264660
264661
264662
264663
264664
264665
264666
264667
264668
264669
264670
264671
264672
264673
264674
264675
264676
264677
264678
264679
264680
264682
264683
264684
264686
264687
264689
264694
264695
264696
264697
264698
264699
264700
264701
264702
264704
264705
264706
264707
264709
264710
264711
264712
264713
264714
264715
264716
264718
264719
264723
264724
264728
264729
264730
264731
264732
264733
264735
264736
264737
264738
264739
264740
264741
264742
264743
264745
264746
264747
264748
264749
264750
264753
264754
264755
264756
264758
264759
264760
264761
264763
264764
264765
264766
264767
264768
264771
264772
264773
264774
264775
264776
264777
264778
264779
264780
264781
264782
264783
264784
264785
264786
264787
264788
264790
264793
264794
264795
264796
264797
264799
264801
264803
264805
264806
264807
264808
264809
264810
264811
264814
264815
264816
264817
264820
264822
264823
264825
264826
264827
264829
264830
264831
264832
264833
264834
264835
264836
264838
264839
264840
264841
264842
264843
264844
264845
264846
264848
264849
264850
264851
264853
264856
264857
264858
264859
264860
264861
264862
264864
264866
264868
264870
264873
264874
264875
264876
264877
264878
264879
264880
264882
264884
264885
264886
264887
264888
264889
264890
264891
264894
264895
264896
264897
264898
264899
264900
264902
264906
264907
264908
264909
264910
264911
264912
264913
264915
264916
264917
264918
264920
264921
264922
264923
264924
264926
264928
264929
264930
264931
264932
264934
264935
264938
264939
264940
264941
264942
264943
264944
264945
264946
264947
264948
264949
264950
264951
264955
264956
264957
264958
264960
264962
264963
264965
264968
264974
264975
264977
264980
264982
264983
264984
264985
264988
264989
264990
264991
264992
264994
264995
265000
265001
265002
265003
265006
265007
265010
265011
265012
265013
265014
265015
265016
265017
265020
265021
265022
265024
265025
265026
265027
265028
265029
265030
265033
265034
265035
265036
265037
265038
265039
265041
265042
265043
265044
265045
265046
265047
265048
265049
265050
265051
265052
265053
265054
265055
265056
265057
265058
265060
265061
265063
265064
265066
265067
265070
265071
265075
265076
265078
265079
265080
265083
265084
265085
265086
265087
265088
265089
265091
265093
265095
265097
265098
265099
265100
265101
265102
265103
265104
265105
265107
265108
265111
265112
265114
265117
265121
265122
265123
265124
265125
265127
265129
265130
265132
265134
265135
265138
265139
265140
265142
265143
265144
265145
265147
265148
265149
265150
265151
265152
265153
265154
265155
265156
265157
265159
265161
265162
265163
265164
265165
265166
265167
265169
265170
265171
265172
265173
265176
265177
265178
265179
265180
265181
265182
265184
265185
265186
265188
265189
265190
265192
265194
265195
265198
265199
265200
265201
265202
265203
265204
265205
265206
265208
265209
265210
265211
265213
265215
265216
265217
265218
265219
265220
265221
265222
265223
265225
265226
265229
265230
265231
265232
265233
265234
265235
265236
265237
265238
265239
265240
265242
265244
265248
265249
265254
265255
265256
265257
265258
265259
265261
265263
265264
265265
265266
265267
265268
265271
265272
265274
265275
265277
265280
265281
265282
265283
265284
265286
265287
265289
265291
265292
265293
265299
265300
265301
265302
265304
265305
265306
265308
265309
265312
265313
265314
265315
265316
265317
265318
265320
265321
265322
265323
265324
265325
265326
265328
265329
265330
265331
265332
265333
265335
265336
265337
265339
265340
265341
265342
265343
265344
265345
265346
265347
265348
265350
265351
265352
265353
265354
265357
265358
265359
265361
265362
265363
265364
265365
265367
265368
265370
265372
265373
265377
265380
265383
265385
265387
265388
265389
265390
265391
265392
265394
265395
265396
265398
265402
265404
265405
265407
265408
265409
265410
265411
265414
265416
265417
265418
265419
265420
265421
265422
265423
265424
265425
265426
265427
265429
265430
265431
265432
265433
265434
265435
265436
265437
265438
265439
265440
265441
265443
265444
265447
265449
265450
265451
265452
265453
265454
265455
265456
265458
265459
265460
265462
265463
265464
265465
265466
265469
265470
265473
265474
265475
265476
265477
265478
265479
265480
265483
265484
265485
265487
265488
265489
265490
265491
265492
265493
265494
265495
265496
265497
265499
265501
265502
265503
265504
265505
265506
265507
265508
265509
265511
265512
265513
265515
265517
265518
265519
265520
265521
265522
265523
265524
265525
265527
265528
265529
265531
265532
265533
265534
265535
265536
265537
265538
265540
265541
265542
265543
265544
265545
265546
265547
265549
265550
265551
265552
265553
265554
265556
265558
265559
265560
265561
265562
265563
265566
265567
265568
265571
265573
265574
265575
265576
265577
265579
265580
265582
265583
265584
265585
265586
265588
265589
265591
265592
265593
265594
265596
265597
265599
265600
265603
265604
265606
265607
265608
265610
265611
265612
265613
265617
265618
265620
265622
265623
265624
265625
265626
265627
265629
265630
265631
265632
265633
265634
265636
265637
265638
265639
265640
265641
265642
265643
265644
265645
265646
265647
265651
265652
265653
265654
265655
265656
265657
265659
265660
265663
265664
265665
265667
265668
265669
265670
265671
265672
265673
265674
265675
265676
265677
265678
265679
265680
265682
265684
265685
265686
265687
265689
265690
265691
265692
265693
265695
265696
265698
265699
265700
265701
265703
265704
265705
265706
265707
265708
265709
265710
265712
265713
265714
265715
265716
265717
265718
265719
265720
265721
265723
265724
265725
265727
265728
265729
265730
265731
265732
265733
265734
265735
265737
265738
265739
265741
265742
265744
265745
265746
265747
265748
265749
265750
265751
265752
265753
265754
265755
265756
265757
265759
265760
265761
265762
265763
265764
265765
265766
265767
265769
265770
265772
265773
265774
265775
265776
265779
265780
265781
265782
265783
265785
265786
265787
265788
265789
265791
265792
265794
265795
265797
265798
265799
265800
265801
265802
265803
265804
265805
265806
265807
265808
265809
265810
265812
265814
265815
265816
265817
265818
265819
265820
265821
265822
265823
265824
265826
265832
265833
265834
265835
265837
265839
265840
265841
265842
265843
265846
265849
265851
265852
265854
265857
265858
265859
265861
265863
265864
265865
265866
265869
265871
265873
265874
265875
265876
265877
265881
265883
265884
265886
265887
265888
265889
265891
265895
265896
265897
265898
265899
265900
265901
265902
265906
265907
265908
265911
265912
265913
265914
265916
265920
265921
265926
265927
265928
265929
265931
265932
265936
265937
265938
265939
265940
265941
265942
265943
265944
265945
265946
265948
265950
265951
265952
265953
265954
265955
265956
265957
265958
265959
265960
265963
265968
265969
265971
265972
265973
265974
265975
265976
265978
265980
265981
265982
265983
265984
265985
265986
265987
265989
265990
265992
265993
265995
265996
265997
265999
266000
266002
266003
266004
266005
266006
266007
266009
266010
266011
266012
266013
266014
266016
266017
266018
266019
266021
266022
266023
266025
266026
266029
266032
266033
266035
266036
266037
266038
266041
266042
266043
266044
266046
266047
266049
266050
266052
266053
266054
266055
266056
266057
266058
266059
266060
266062
266063
266064
266065
266066
266067
266068
266069
266071
266072
266073
266074
266075
266076
266077
266078
266079
266081
266082
266083
266084
266085
266086
266087
266090
266091
266093
266094
266095
266096
266097
266098
266100
266101
266102
266103
266104
266105
266107
266108
266109
266110
266111
266112
266113
266114
266115
266116
266117
266119
266120
266121
266123
266124
266126
266127
266128
266129
266130
266131
266132
266133
266134
266135
266136
266138
266139
266140
266141
266142
266143
266144
266145
266146
266147
266148
266149
266151
266152
266153
266154
266157
266158
266161
266162
266163
266164
266165
266166
266168
266169
266172
266173
266174
266175
266176
266177
266178
266179
266181
266182
266184
266185
266187
266188
266189
266190
266191
266192
266193
266195
266197
266198
266199
266200
266201
266202
266203
266205
266206
266207
266208
266209
266210
266213
266214
266215
266216
266218
266219
266221
266222
266223
266224
266225
266226
266227
266228
266231
266234
266235
266237
266239
266241
266243
266244
266245
266246
266247
266248
266249
266250
266251
266252
266253
266254
266255
266257
266258
266259
266260
266261
266262
266263
266265
266266
266268
266270
266271
266272
266273
266275
266277
266279
266280
266281
266283
266284
266285
266286
266287
266288
266290
266291
266292
266295
266296
266297
266298
266300
266302
266303
266304
266306
266307
266309
266310
266311
266313
266314
266315
266316
266317
266318
266319
266320
266321
266322
266323
266324
266325
266327
266328
266329
266330
266331
266333
266336
266337
266338
266340
266341
266342
266343
266344
266345
266346
266348
266349
266352
266353
266355
266356
266357
266358
266360
266362
266363
266364
266365
266366
266367
266369
266370
266371
266372
266374
266378
266379
266380
266381
266382
266383
266386
266387
266389
266390
266391
266392
266394
266395
266396
266397
266398
266399
266400
266401
266402
266403
266404
266405
266406
266408
266409
266410
266411
266412
266413
266415
266417
266418
266422
266423
266424
266425
266427
266432
266434
266435
266436
266437
266438
266439
266440
266443
266444
266445
266446
266447
266448
266449
266450
266451
266453
266454
266455
266456
266457
266458
266459
266460
266461
266464
266465
266466
266470
266471
266472
266473
266474
266476
266478
266479
266480
266482
266483
266484
266485
266486
266487
266488
266489
266490
266491
266492
266493
266494
266495
266498
266500
266501
266502
266503
266504
266505
266506
266507
266508
266509
266511
266512
266513
266514
266515
266516
266517
266518
266519
266520
266521
266522
266523
266524
266526
266527
266528
266529
266530
266531
266532
266533
266534
266535
266536
266540
266542
266543
266544
266546
266547
266548
266551
266552
266553
266554
266555
266557
266558
266559
266560
266563
266565
266566
266567
266568
266569
266570
266571
266572
266573
266575
266576
266577
266580
266581
266584
266585
266587
266588
266589
266590
266591
266592
266593
266594
266595
266596
266598
266600
266601
266602
266604
266605
266606
266608
266609
266611
266613
266615
266618
266619
266620
266621
266622
266623
266624
266625
266626
266627
266628
266629
266630
266631
266632
266634
266635
266637
266639
266640
266642
266643
266645
266646
266649
266651
266652
266653
266654
266655
266657
266660
266663
266665
266666
266667
266668
266669
266670
266671
266672
266673
266674
266677
266678
266681
266683
266684
266686
266688
266689
266693
266694
266695
266696
266697
266698
266699
266700
266701
266702
266704
266705
266706
266707
266708
266709
266710
266711
266712
266713
266715
266717
266718
266719
266720
266721
266724
266725
266726
266727
266728
266729
266730
266731
266732
266735
266739
266740
266741
266743
266744
266745
266746
266747
266749
266751
266752
266753
266756
266757
266758
266761
266762
266763
266766
266767
266768
266773
266774
266775
266776
266777
266778
266780
266782
266783
266784
266785
266786
266787
266788
266789
266790
266792
266793
266794
266795
266798
266799
266801
266802
266804
266805
266806
266807
266809
266810
266816
266817
266818
266819
266820
266821
266822
266823
266824
266825
266826
266828
266829
266831
266832
266833
266835
266836
266838
266839
266840
266843
266844
266845
266848
266850
266853
266854
266856
266857
266858
266859
266860
266861
266862
266863
266864
266866
266867
266870
266873
266874
266875
266877
266879
266880
266882
266883
266886
266887
266888
266890
266895
266896
266901
266903
266904
266905
266906
266907
266909
266910
266911
266912
266913
266914
266915
266916
266918
266919
266920
266921
266922
266923
266925
266926
266927
266928
266929
266930
266932
266933
266934
266935
266936
266937
266939
266940
266942
266943
266945
266946
266947
266948
266950
266951
266954
266955
266957
266959
266960
266961
266963
266964
266966
266967
266968
266969
266971
266973
266974
266975
266976
266977
266978
266981
266983
266984
266985
266986
266987
266989
266990
266993
266994
266998
266999
267000
267001
267002
267003
267005
267006
267007
267009
267010
267011
267012
267013
267014
267015
267017
267019
267020
267021
267022
267023
267024
267025
267027
267028
267029
267030
267031
267032
267034
267035
267036
267037
267039
267040
267042
267043
267044
267045
267046
267047
267048
267049
267051
267052
267053
267055
267056
267059
267060
267061
267063
267064
267067
267068
267069
267070
267071
267072
267075
267076
267077
267080
267081
267082
267083
267084
267086
267088
267089
267090
267092
267094
267095
267096
267098
267100
267101
267104
267105
267106
267108
267109
267110
267111
267112
267114
267115
267117
267118
267119
267120
267121
267122
267123
267124
267130
267132
267133
267134
267137
267138
267139
267140
267141
267144
267146
267147
267148
267149
267154
267155
267158
267159
267162
267163
267165
267166
267170
267171
267172
267174
267175
267176
267177
267178
267179
267183
267184
267186
267187
267188
267189
267190
267191
267192
267193
267195
267196
267200
267201
267202
267203
267204
267205
267206
267207
267208
267209
267210
267212
267213
267215
267216
267217
267218
267220
267222
267225
267226
267227
267228
267229
267230
267231
267232
267234
267235
267236
267237
267238
267239
267240
267241
267242
267243
267244
267245
267246
267247
267248
267250
267252
267253
267254
267257
267260
267262
267263
267265
267268
267269
267272
267273
267277
267278
267279
267280
267281
267284
267285
267290
267291
267292
267293
267294
267295
267296
267297
267299
267300
267302
267305
267306
267307
267308
267309
267311
267312
267313
267314
267315
267316
267317
267319
267320
267322
267323
267326
267327
267328
267330
267331
267333
267334
267335
267336
267339
267340
267341
267342
267343
267344
267346
267347
267349
267350
267354
267356
267357
267360
267362
267363
267364
267365
267367
267368
267369
267370
267371
267372
267373
267374
267375
267376
267380
267381
267382
267383
267384
267385
267386
267387
267389
267390
267391
267392
267394
267395
267398
267399
267400
267401
267402
267403
267404
267405
267406
267407
267408
267409
267410
267411
267412
267413
267415
267416
267417
267418
267420
267421
267423
267424
267425
267426
267427
267429
267430
267431
267432
267433
267434
267435
267436
267437
267439
267440
267441
267442
267443
267444
267446
267447
267449
267450
267451
267452
267453
267454
267455
267456
267458
267460
267461
267462
267463
267465
267466
267467
267468
267470
267471
267472
267478
267481
267482
267483
267484
267485
267486
267487
267488
267489
267490
267491
267492
267495
267497
267498
267502
267503
267506
267507
267508
267509
267510
267511
267512
267514
267515
267516
267517
267519
267520
267522
267524
267525
267526
267527
267528
267531
267532
267533
267534
267535
267536
267538
267540
267542
267543
267544
267546
267547
267550
267552
267554
267556
267559
267560
267561
267563
267564
267565
267566
267567
267572
267573
267574
267575
267576
267577
267578
267579
267580
267581
267582
267583
267584
267585
267586
267587
267588
267590
267592
267593
267594
267595
267596
267597
267598
267599
267600
267601
267602
267603
267605
267606
267607
267609
267612
267613
267614
267615
267616
267617
267618
267619
267620
267621
267622
267623
267624
267625
267626
267627
267628
267629
267630
267631
267632
267633
267634
267635
267637
267638
267639
267641
267643
267644
267645
267646
267647
267650
267651
267652
267654
267655
267658
267659
267660
267661
267663
267664
267665
267667
267668
267669
267670
267671
267672
267674
267675
267676
267679
267682
267683
267684
267685
267686
267687
267688
267690
267691
267693
267695
267696
267697
267698
267699
267700
267701
267702
267703
267704
267706
267708
267709
267711
267713
267714
267715
267719
267723
267724
267725
267726
267727
267728
267731
267732
267733
267734
267735
267737
267738
267739
267740
267741
267742
267743
267744
267745
267746
267747
267748
267749
267750
267751
267753
267754
267755
267757
267758
267760
267761
267763
267765
267766
267770
267771
267773
267774
267776
267777
267779
267782
267783
267786
267787
267788
267789
267790
267792
267793
267795
267796
267799
267800
267801
267802
267804
267805
267807
267808
267809
267812
267817
267819
267820
267821
267822
267823
267824
267825
267826
267827
267828
267829
267831
267834
267835
267836
267837
267838
267840
267841
267842
267843
267844
267845
267846
267847
267848
267849
267850
267851
267852
267853
267855
267856
267858
267861
267862
267863
267864
267866
267867
267869
267870
267874
267876
267877
267879
267880
267881
267882
267883
267885
267886
267887
267889
267890
267892
267893
267894
267895
267896
267897
267898
267900
267901
267902
267903
267904
267906
267907
267908
267909
267910
267911
267912
267913
267915
267916
267917
267920
267922
267924
267926
267929
267932
267933
267934
267935
267937
267938
267941
267942
267943
267944
267945
267946
267949
267950
267952
267954
267955
267956
267960
267961
267962
267964
267965
267966
267967
267969
267970
267971
267972
267973
267974
267977
267978
267979
267980
267981
267982
267984
267985
267986
267988
267989
267991
267994
267995
267996
267997
267998
267999
268000
268001
268002
268003
268004
268006
268007
268008
268011
268013
268014
268015
268016
268022
268023
268027
268029
268030
268031
268033
268034
268038
268039
268040
268041
268042
268043
268045
268046
268047
268048
268049
268050
268051
268053
268054
268055
268056
268058
268060
268061
268062
268064
268065
268067
268068
268069
268070
268071
268072
268073
268074
268075
268077
268081
268082
268083
268084
268085
268087
268089
268090
268091
268093
268094
268095
268097
268098
268099
268101
268103
268104
268108
268110
268111
268112
268115
268117
268118
268119
268120
268121
268122
268124
268125
268128
268130
268131
268132
268133
268134
268135
268137
268138
268139
268140
268141
268142
268143
268146
268147
268148
268149
268151
268153
268155
268158
268159
268161
268162
268163
268164
268165
268166
268167
268170
268171
268172
268173
268174
268175
268176
268177
268178
268179
268180
268181
268185
268186
268187
268188
268189
268190
268191
268192
268193
268194
268195
268196
268198
268199
268200
268201
268205
268206
268207
268208
268209
268210
268211
268214
268215
268216
268217
268218
268220
268221
268222
268223
268224
268225
268226
268227
268229
268230
268231
268232
268233
268235
268237
268239
268240
268241
268242
268243
268244
268245
268246
268247
268248
268249
268250
268252
268253
268254
268255
268257
268258
268259
268260
268261
268263
268264
268265
268266
268267
268268
268271
268272
268273
268274
268275
268276
268277
268278
268279
268280
268282
268283
268284
268285
268286
268287
268289
268290
268291
268292
268293
268294
268296
268297
268298
268300
268301
268302
268303
268304
268306
268308
268312
268314
268315
268316
268318
268319
268321
268323
268324
268325
268326
268328
268329
268330
268332
268333
268334
268335
268337
268339
268340
268343
268344
268345
268347
268348
268349
268353
268355
268356
268357
268358
268360
268361
268362
268363
268365
268366
268368
268370
268371
268373
268374
268375
268377
268378
268379
268381
268382
268383
268384
268385
268386
268387
268388
268389
268390
268392
268393
268394
268395
268396
268397
268398
268399
268400
268401
268402
268403
268404
268405
268407
268408
268409
268410
268411
268412
268413
268414
268416
268417
268418
268419
268420
268422
268423
268425
268426
268427
268428
268429
268430
268431
268432
268433
268434
268435
268436
268437
268438
268439
268440
268442
268443
268444
268445
268446
268447
268448
268450
268452
268453
268454
268455
268456
268458
268459
268461
268462
268463
268464
268465
268466
268468
268469
268470
268472
268474
268475
268476
268477
268478
268479
268480
268481
268483
268484
268486
268487
268488
268489
268490
268491
268492
268493
268494
268495
268496
268497
268498
268499
268500
268505
268506
268508
268509
268510
268511
268512
268513
268514
268515
268516
268518
268519
268520
268522
268524
268528
268529
268532
268533
268534
268535
268536
268537
268538
268540
268542
268545
268546
268547
268548
268549
268550
268551
268552
268553
268554
268555
268557
268558
268559
268560
268561
268563
268564
268566
268569
268570
268571
268573
268575
268577
268579
268580
268584
268586
268587
268588
268589
268590
268591
268593
268594
268596
268598
268600
268601
268602
268605
268609
268610
268612
268613
268614
268615
268617
268618
268619
268622
268624
268625
268627
268629
268630
268634
268635
268637
268638
268642
268644
268645
268646
268647
268650
268652
268656
268657
268658
268659
268660
268663
268664
268665
268666
268668
268669
268671
268673
268674
268675
268676
268677
268678
268680
268682
268683
268685
268687
268688
268689
268692
268693
268694
268696
268697
268698
268700
268701
268702
268703
268704
268705
268707
268708
268709
268710
268711
268713
268714
268715
268717
268718
268719
268720
268722
268723
268724
268725
268728
268732
268733
268734
268736
268737
268739
268740
268742
268743
268746
268747
268749
268750
268751
268752
268753
268754
268755
268756
268757
268758
268759
268760
268761
268762
268763
268764
268765
268766
268767
268768
268769
268770
268771
268772
268773
268774
268775
268776
268777
268778
268779
268780
268781
268782
268783
268784
268785
268786
268787
268788
268789
268790
268791
268792
268793
268794
268795
268796
268797
268798
268800
268801
268802
268803
268804
268805
268806
268807
268808
268809
268810
268811
268812
268813
268816
268817
268818
268820
268821
268822
268824
268825
268826
268827
268829
268830
268831
268832
268833
268834
268836
268837
268839
268840
268842
268845
268847
268848
268849
268850
268852
268855
268856
268858
268859
268861
268863
268864
268865
268867
268869
268871
268875
268877
268878
268879
268880
268881
268882
268885
268889
268891
268893
268894
268895
268896
268897
268898
268902
268903
268904
268905
268909
268910
268912
268913
268914
268915
268918
268919
268920
268922
268923
268925
268927
268928
268930
268931
268933
268934
268935
268936
268937
268939
268940
268941
268942
268943
268944
268945
268947
268948
268950
268951
268952
268953
268955
268956
268957
268959
268960
268962
268963
268965
268966
268967
268968
268971
268973
268975
268976
268978
268979
268980
268981
268982
268983
268984
268985
268986
268987
268988
268989
268990
268991
268992
268993
268994
268995
268996
268997
268999
269000
269001
269002
269003
269004
269005
269006
269008
269010
269012
269013
269014
269015
269016
269017
269018
269019
269020
269021
269022
269023
269024
269025
269026
269027
269029
269030
269031
269033
269034
269035
269036
269037
269038
269039
269040
269041
269042
269043
269045
269046
269047
269048
269049
269050
269053
269054
269055
269057
269058
269060
269061
269063
269066
269067
269068
269069
269070
269071
269072
269073
269074
269076
269077
269078
269079
269080
269082
269083
269085
269086
269087
269088
269089
269090
269091
269092
269093
269094
269095
269096
269097
269098
269099
269100
269102
269103
269104
269105
269107
269108
269111
269114
269115
269116
269117
269118
269119
269120
269121
269122
269123
269124
269125
269126
269127
269130
269131
269133
269134
269135
269136
269139
269141
269142
269143
269145
269146
269147
269148
269149
269150
269151
269152
269153
269154
269155
269156
269157
269158
269159
269160
269162
269163
269164
269165
269166
269167
269168
269169
269170
269171
269173
269175
269177
269178
269179
269180
269181
269182
269183
269184
269186
269187
269189
269190
269191
269192
269193
269195
269196
269197
269198
269199
269200
269202
269203
269205
269206
269207
269208
269210
269211
269212
269213
269214
269215
269216
269217
269219
269221
269222
269224
269226
269227
269229
269230
269231
269232
269233
269234
269236
269237
269238
269239
269240
269241
269242
269243
269244
269245
269246
269247
269248
269249
269250
269252
269253
269254
269255
269256
269257
269258
269259
269260
269261
269262
269263
269264
269265
269266
269267
269268
269270
269271
269272
269273
269274
269277
269278
269279
269281
269282
269284
269286
269287
269288
269289
269290
269291
269293
269294
269295
269296
269297
269298
269299
269300
269301
269302
269303
269304
269305
269306
269308
269309
269310
269311
269312
269313
269314
269316
269317
269318
269319
269320
269321
269322
269323
269324
269325
269326
269328
269329
269330
269331
269332
269333
269334
269336
269338
269339
269340
269341
269342
269343
269344
269345
269346
269347
269348
269349
269350
269351
269353
269354
269355
269357
269358
269359
269360
269361
269362
269363
269364
269365
269366
269367
269368
269369
269370
269371
269372
269373
269374
269375
269376
269377
269380
269381
269383
269385
269386
269388
269389
269390
269391
269392
269393
269395
269396
269400
269401
269403
269405
269406
269407
269408
269409
269410
269411
269412
269413
269414
269415
269416
269417
269419
269421
269422
269423
269424
269425
269426
269427
269428
269429
269430
269431
269435
269436
269438
269439
269440
269441
269442
269445
269446
269447
269448
269449
269450
269451
269452
269454
269455
269456
269457
269458
269460
269461
269462
269465
269466
269467
269468
269469
269471
269472
269473
269474
269475
269476
269477
269478
269480
269481
269482
269483
269484
269485
269486
269487
269489
269490
269491
269494
269496
269497
269498
269499
269500
269501
269502
269503
269505
269506
269507
269508
269510
269512
269513
269516
269519
269520
269521
269522
269524
269526
269527
269529
269531
269534
269535
269536
269537
269538
269539
269540
269541
269542
269543
269545
269546
269547
269548
269550
269551
269552
269553
269554
269555
269556
269558
269560
269561
269562
269563
269565
269566
269567
269571
269572
269573
269575
269576
269578
269580
269581
269583
269584
269585
269587
269591
269592
269594
269595
269596
269597
269598
269599
269600
269601
269602
269603
269604
269605
269606
269607
269608
269609
269610
269612
269613
269614
269615
269617
269618
269619
269624
269625
269626
269627
269629
269630
269632
269634
269635
269636
269637
269638
269639
269640
269641
269642
269643
269644
269645
269648
269649
269652
269653
269654
269655
269656
269657
269658
269659
269660
269661
269662
269663
269664
269665
269666
269667
269669
269670
269671
269673
269674
269676
269677
269678
269679
269680
269681
269683
269685
269686
269687
269691
269692
269695
269696
269697
269698
269699
269703
269704
269706
269708
269709
269713
269714
269715
269716
269717
269718
269720
269721
269723
269724
269725
269726
269727
269728
269729
269730
269731
269734
269735
269737
269738
269739
269740
269742
269743
269745
269748
269749
269750
269752
269753
269754
269755
269756
269757
269758
269759
269762
269763
269764
269766
269767
269768
269769
269770
269771
269774
269775
269776
269777
269778
269779
269782
269783
269784
269786
269788
269789
269791
269792
269794
269796
269797
269798
269799
269800
269802
269803
269807
269808
269809
269812
269813
269814
269815
269817
269818
269819
269820
269821
269822
269823
269824
269825
269826
269827
269830
269831
269833
269836
269837
269839
269840
269841
269842
269844
269845
269846
269848
269850
269851
269852
269853
269854
269856
269857
269860
269861
269864
269866
269868
269869
269870
269871
269872
269873
269874
269875
269876
269877
269878
269879
269881
269882
269884
269887
269888
269889
269891
269892
269893
269894
269895
269897
269900
269901
269902
269904
269905
269907
269908
269909
269910
269911
269912
269913
269916
269917
269918
269919
269922
269925
269926
269928
269930
269931
269932
269933
269934
269935
269936
269937
269938
269939
269940
269941
269943
269944
269947
269950
269951
269952
269953
269954
269955
269956
269959
269962
269963
269964
269965
269966
269967
269968
269969
269970
269972
269973
269974
269975
269976
269977
269978
269979
269980
269982
269983
269985
269987
269988
269989
269990
269992
269994
269995
269996
269997
269998
269999
270000
270001
270002
270003
270004
270005
270006
270007
270008
270009
270010
270011
270012
270013
270015
270016
270017
270019
270020
270023
270024
270026
270027
270028
270029
270030
270031
270032
270033
270034
270035
270036
270038
270039
270040
270041
270042
270043
270044
270045
270046
270048
270049
270051
270052
270054
270056
270058
270061
270062
270063
270064
270065
270066
270067
270068
270069
270070
270071
270072
270074
270075
270076
270080
270081
270083
270085
270086
270088
270090
270095
270096
270097
270100
270101
270102
270103
270104
270105
270106
270108
270109
270110
270111
270113
270117
270118
270119
270120
270121
270123
270124
270127
270128
270129
270130
270131
270134
270135
270136
270137
270138
270141
270144
270147
270148
270150
270151
270152
270153
270155
270157
270160
270162
270163
270164
270165
270166
270167
270172
270175
270176
270177
270178
270182
270183
270185
270186
270188
270189
270190
270191
270194
270196
270202
270205
270206
270207
270209
270210
270211
270212
270213
270215
270216
270217
270218
270221
270224
270226
270227
270228
270229
270230
270231
270234
270235
270238
270239
270240
270242
270243
270244
270246
270247
270248
270249
270250
270251
270252
270253
270254
270255
270257
270258
270260
270261
270262
270263
270265
270267
270268
270269
270270
270271
270272
270274
270277
270278
270280
270282
270283
270284
270287
270288
270289
270290
270291
270292
270294
270295
270296
270297
270298
270299
270301
270304
270305
270306
270308
270309
270310
270312
270315
270316
270317
270318
270319
270320
270321
270322
270323
270328
270330
270331
270332
270333
270334
270335
270336
270338
270339
270340
270341
270344
270345
270346
270347
270348
270349
270351
270353
270354
270355
270356
270357
270358
270361
270364
270365
270366
270367
270368
270369
270370
270371
270374
270376
270378
270379
270380
270381
270382
270384
270385
270387
270389
270390
270391
270392
270393
270397
270399
270400
270402
270403
270404
270405
270406
270407
270408
270409
270410
270411
270412
270413
270414
270415
270416
270418
270419
270420
270421
270422
270423
270424
270425
270426
270427
270428
270430
270432
270433
270434
270435
270436
270439
270440
270441
270442
270443
270444
270445
270446
270447
270450
270451
270452
270454
270455
270457
270459
270460
270463
270464
270465
270468
270469
270470
270471
270472
270473
270474
270475
270476
270478
270479
270480
270481
270482
270485
270486
270487
270488
270490
270491
270492
270493
270494
270495
270496
270497
270498
270499
270501
270502
270503
270505
270506
270508
270510
270511
270514
270515
270517
270518
270519
270520
270521
270522
270523
270524
270525
270527
270528
270529
270530
270532
270533
270534
270535
270537
270538
270539
270540
270541
270542
270543
270544
270545
270546
270547
270548
270549
270550
270551
270552
270553
270554
270555
270556
270557
270558
270560
270564
270565
270567
270568
270570
270571
270572
270574
270576
270577
270578
270580
270581
270582
270583
270584
270585
270586
270589
270590
270592
270593
270594
270595
270596
270597
270598
270600
270601
270603
270604
270605
270606
270607
270609
270610
270611
270612
270613
270614
270615
270616
270617
270618
270620
270621
270622
270624
270626
270627
270628
270629
270631
270633
270634
270637
270638
270639
270640
270641
270642
270644
270645
270646
270648
270649
270651
270653
270654
270655
270656
270658
270659
270660
270661
270663
270664
270665
270666
270667
270670
270671
270672
270673
270674
270675
270676
270678
270679
270680
270681
270682
270683
270684
270685
270686
270687
270688
270689
270690
270692
270693
270694
270695
270698
270699
270700
270701
270702
270703
270704
270707
270710
270711
270713
270714
270715
270718
270719
270720
270722
270725
270726
270727
270728
270729
270730
270731
270732
270733
270734
270736
270737
270738
270740
270742
270743
270744
270746
270747
270748
270750
270751
270752
270753
270754
270755
270756
270757
270758
270759
270762
270763
270765
270766
270767
270769
270770
270772
270773
270774
270775
270776
270777
270778
270781
270782
270783
270784
270785
270786
270788
270789
270790
270792
270793
270794
270795
270796
270797
270798
270800
270802
270803
270804
270805
270806
270807
270808
270810
270811
270813
270814
270815
270816
270817
270819
270820
270821
270822
270824
270825
270826
270827
270828
270829
270830
270831
270832
270834
270837
270838
270839
270840
270842
270844
270845
270846
270849
270850
270851
270852
270853
270856
270857
270858
270859
270860
270861
270862
270863
270864
270865
270866
270867
270868
270869
270870
270871
270873
270874
270875
270876
270877
270878
270879
270880
270882
270883
270884
270885
270886
270887
270888
270889
270891
270892
270893
270894
270895
270896
270897
270899
270900
270901
270902
270903
270905
270907
270908
270910
270911
270912
270915
270917
270918
270920
270921
270922
270923
270924
270925
270926
270927
270928
270929
270930
270931
270932
270933
270934
270935
270936
270938
270939
270940
270941
270942
270944
270945
270947
270949
270950
270951
270952
270953
270954
270955
270957
270960
270961
270963
270964
270966
270967
270969
270970
270972
270973
270974
270975
270977
270980
270982
270983
270984
270985
270987
270988
270990
270991
270992
270993
270996
270997
270999
271000
271001
271002
271004
271005
271008
271010
271011
271012
271013
271014
271015
271016
271017
271020
271021
271022
271023
271024
271025
271026
271027
271028
271029
271031
271032
271036
271038
271039
271040
271048
271049
271050
271051
271053
271055
271057
271058
271059
271060
271061
271062
271065
271067
271070
271072
271074
271076
271077
271078
271080
271082
271084
271085
271086
271087
271088
271089
271091
271092
271093
271094
271095
271096
271097
271099
271100
271101
271102
271103
271104
271105
271106
271107
271108
271111
271112
271113
271114
271115
271117
271118
271119
271120
271122
271124
271125
271126
271127
271128
271129
271130
271132
271134
271137
271138
271140
271141
271142
271143
271144
271146
271147
271149
271151
271152
271154
271155
271156
271157
271159
271160
271161
271165
271166
271167
271170
271171
271172
271173
271174
271175
271176
271177
271178
271179
271181
271182
271184
271185
271186
271187
271188
271189
271190
271194
271196
271197
271198
271199
271201
271202
271203
271206
271210
271212
271214
271215
271216
271218
271220
271224
271226
271227
271228
271229
271231
271232
271233
271234
271236
271237
271238
271239
271240
271241
271243
271244
271246
271247
271249
271252
271253
271254
271255
271257
271258
271259
271260
271261
271262
271263
271265
271266
271267
271268
271271
271273
271275
271276
271278
271280
271281
271282
271283
271284
271285
271286
271288
271289
271290
271291
271294
271295
271298
271299
271300
271301
271302
271304
271305
271306
271307
271308
271311
271312
271313
271314
271315
271316
271317
271318
271319
271320
271321
271322
271323
271326
271327
271328
271329
271330
271331
271333
271334
271335
271336
271337
271339
271340
271341
271343
271344
271346
271347
271349
271350
271351
271352
271356
271357
271358
271359
271361
271362
271363
271364
271365
271367
271369
271370
271371
271372
271373
271374
271375
271376
271377
271378
271379
271380
271381
271382
271383
271384
271385
271386
271387
271388
271389
271390
271391
271392
271393
271394
271395
271396
271397
271398
271399
271400
271401
271402
271403
271404
271405
271406
271407
271408
271409
271410
271411
271412
271413
271414
271415
271416
271417
271418
271419
271420
271421
271422
271423
271424
271425
271426
271427
271428
271429
271430
271431
271432
271433
271434
271435
271436
271437
271439
271441
271445
271446
271449
271450
271451
271452
271453
271454
271455
271456
271457
271458
271459
271460
271461
271462
271463
271464
271465
271466
271467
271468
271470
271471
271472
271473
271474
271475
271476
271477
271478
271479
271481
271482
271483
271484
271486
271487
271488
271489
271490
271491
271492
271493
271494
271495
271497
271498
271499
271500
271501
271502
271503
271504
271505
271506
271507
271508
271509
271510
271511
271512
271513
271514
271515
271516
271519
271521
271522
271523
271524
271525
271526
271528
271529
271530
271531
271532
271533
271535
271536
271537
271538
271539
271540
271541
271542
271543
271545
271546
271547
271548
271549
271550
271552
271553
271555
271556
271557
271558
271559
271560
271561
271562
271563
271564
271565
271566
271568
271569
271571
271573
271574
271575
271576
271577
271578
271579
271580
271582
271583
271585
271586
271587
271589
271590
271591
271592
271593
271594
271595
271596
271597
271598
271599
271600
271601
271602
271603
271604
271605
271607
271608
271609
271610
271612
271613
271615
271617
271618
271619
271620
271621
271622
271623
271624
271625
271627
271628
271629
271630
271631
271632
271633
271634
271635
271636
271637
271638
271639
271640
271641
271642
271643
271644
271647
271649
271650
271651
271653
271657
271658
271660
271661
271662
271664
271665
271666
271668
271669
271670
271671
271672
271673
271674
271675
271676
271677
271678
271679
271680
271681
271682
271684
271685
271686
271688
271690
271692
271694
271695
271698
271699
271700
271702
271703
271704
271706
271707
271708
271709
271710
271711
271713
271714
271715
271716
271717
271718
271719
271720
271721
271722
271723
271724
271727
271728
271730
271731
271732
271734
271735
271736
271737
271738
271739
271740
271741
271742
271744
271745
271746
271747
271749
271750
271751
271752
271753
271756
271757
271758
271761
271762
271763
271764
271765
271766
271767
271770
271771
271775
271776
271779
271780
271781
271782
271783
271784
271785
271786
271788
271789
271791
271792
271793
271794
271795
271796
271798
271799
271800
271801
271802
271804
271805
271806
271807
271808
271809
271810
271811
271812
271813
271814
271815
271817
271818
271819
271822
271824
271826
271827
271828
271830
271831
271834
271835
271837
271838
271839
271840
271842
271845
271846
271847
271848
271849
271850
271852
271854
271856
271857
271858
271859
271860
271862
271863
271865
271866
271867
271868
271869
271870
271872
271874
271875
271878
271879
271880
271882
271883
271884
271886
271887
271889
271890
271891
271892
271894
271895
271897
271898
271899
271900
271901
271902
271903
271905
271906
271907
271909
271911
271914
271916
271918
271919
271921
271922
271923
271924
271925
271926
271927
271929
271930
271931
271932
271933
271934
271935
271936
271938
271941
271942
271944
271945
271949
271950
271951
271952
271953
271954
271955
271956
271957
271958
271959
271960
271962
271963
271964
271965
271966
271967
271969
271971
271972
271973
271974
271976
271977
271978
271979
271981
271982
271984
271986
271987
271989
271991
271992
271993
271994
271995
271997
271999
272000
272001
272002
272004
272007
272011
272012
272014
272015
272017
272018
272019
272021
272022
272023
272024
272025
272026
272027
272028
272029
272030
272031
272033
272034
272035
272036
272037
272038
272039
272040
272041
272043
272044
272047
272048
272049
272050
272055
272056
272057
272060
272061
272064
272065
272066
272067
272068
272069
272071
272072
272074
272076
272077
272078
272079
272080
272082
272083
272084
272086
272087
272088
272090
272092
272093
272094
272095
272096
272097
272098
272099
272100
272101
272102
272103
272104
272105
272106
272107
272108
272109
272110
272111
272112
272113
272114
272115
272116
272117
272118
272119
272120
272121
272122
272123
272125
272127
272129
272130
272131
272132
272133
272134
272135
272136
272137
272138
272140
272141
272142
272143
272144
272145
272146
272147
272148
272151
272153
272154
272156
272158
272159
272160
272161
272162
272163
272164
272165
272166
272167
272169
272171
272172
272174
272175
272177
272178
272179
272180
272181
272182
272183
272184
272187
272188
272189
272190
272191
272192
272193
272194
272195
272196
272199
272200
272202
272203
272204
272205
272206
272207
272208
272210
272211
272213
272215
272216
272217
272221
272222
272223
272225
272226
272227
272228
272229
272231
272233
272234
272235
272236
272237
272239
272240
272241
272242
272246
272248
272249
272251
272253
272255
272256
272259
272260
272261
272262
272263
272266
272268
272269
272270
272271
272272
272273
272275
272276
272277
272278
272279
272281
272283
272285
272286
272288
272289
272290
272291
272294
272295
272297
272298
272299
272300
272301
272302
272303
272305
272306
272307
272309
272310
272311
272312
272313
272315
272317
272321
272322
272323
272324
272325
272328
272329
272330
272331
272332
272333
272334
272335
272336
272337
272339
272340
272341
272342
272345
272346
272347
272349
272350
272351
272352
272353
272354
272355
272357
272358
272359
272361
272363
272365
272366
272367
272369
272370
272371
272372
272374
272375
272376
272377
272378
272379
272381
272382
272384
272388
272389
272390
272391
272392
272393
272394
272395
272396
272397
272398
272399
272400
272401
272402
272404
272405
272406
272407
272408
272409
272411
272412
272413
272416
272417
272418
272419
272420
272421
272423
272424
272425
272426
272427
272429
272430
272431
272433
272436
272438
272439
272441
272445
272447
272448
272449
272450
272452
272454
272455
272456
272457
272458
272459
272463
272465
272466
272467
272468
272469
272471
272472
272473
272474
272476
272477
272478
272480
272481
272482
272484
272487
272488
272489
272490
272491
272492
272493
272494
272495
272496
272497
272499
272500
272501
272502
272503
272505
272506
272507
272509
272510
272511
272512
272513
272514
272515
272516
272517
272519
272520
272522
272524
272525
272527
272528
272530
272531
272532
272533
272534
272535
272538
272540
272542
272545
272546
272547
272548
272549
272550
272554
272555
272556
272557
272560
272561
272563
272564
272565
272566
272567
272569
272570
272571
272573
272575
272576
272577
272578
272579
272580
272581
272582
272583
272584
272585
272586
272587
272589
272591
272592
272594
272595
272597
272599
272600
272601
272602
272603
272604
272605
272607
272608
272609
272610
272611
272612
272613
272616
272619
272620
272622
272623
272625
272626
272627
272628
272629
272630
272631
272633
272635
272636
272637
272638
272639
272640
272641
272642
272643
272645
272647
272648
272649
272652
272656
272657
272660
272662
272663
272664
272666
272667
272668
272669
272670
272672
272673
272674
272676
272677
272678
272679
272681
272682
272683
272685
272686
272687
272688
272689
272690
272692
272693
272694
272695
272697
272698
272700
272701
272703
272707
272708
272709
272710
272711
272712
272713
272714
272715
272716
272717
272718
272719
272720
272721
272722
272723
272724
272726
272728
272729
272731
272734
272735
272736
272737
272739
272740
272741
272742
272743
272744
272745
272747
272748
272749
272750
272751
272752
272753
272754
272755
272756
272757
272758
272759
272760
272761
272762
272763
272764
272765
272766
272767
272768
272770
272772
272773
272774
272775
272776
272777
272778
272779
272780
272781
272782
272783
272785
272786
272787
272788
272789
272790
272791
272792
272795
272797
272798
272799
272800
272801
272803
272804
272805
272806
272807
272808
272809
272810
272811
272812
272813
272814
272815
272816
272818
272820
272821
272822
272823
272824
272825
272826
272827
272829
272830
272831
272833
272834
272835
272836
272838
272839
272840
272843
272844
272846
272847
272848
272850
272851
272852
272853
272854
272855
272856
272857
272858
272860
272861
272864
272865
272866
272868
272869
272870
272871
272872
272873
272874
272875
272876
272877
272879
272880
272881
272882
272883
272884
272886
272888
272890
272891
272894
272895
272896
272897
272900
272902
272903
272904
272905
272906
272907
272909
272912
272913
272914
272915
272916
272919
272920
272921
272923
272924
272926
272929
272930
272932
272933
272937
272940
272942
272943
272944
272948
272950
272951
272954
272955
272956
272959
272960
272962
272963
272964
272965
272966
272967
272972
272973
272974
272975
272976
272977
272978
272979
272980
272982
272984
272985
272986
272987
272990
272991
272992
272993
272995
272998
272999
273001
273004
273005
273006
273007
273008
273009
273015
273016
273017
273018
273019
273020
273021
273022
273024
273025
273027
273028
273032
273033
273034
273037
273039
273040
273041
273042
273046
273048
273050
273054
273055
273057
273058
273059
273060
273061
273062
273063
273065
273067
273069
273070
273071
273072
273073
273076
273080
273085
273086
273088
273089
273090
273091
273093
273094
273095
273096
273097
273098
273099
273100
273101
273102
273103
273105
273107
273108
273112
273113
273114
273117
273118
273119
273120
273122
273123
273124
273126
273127
273128
273130
273131
273132
273134
273135
273136
273137
273139
273140
273141
273142
273143
273144
273145
273146
273148
273149
273150
273151
273152
273153
273155
273156
273158
273159
273160
273161
273163
273164
273165
273166
273168
273170
273171
273172
273176
273177
273179
273180
273181
273182
273183
273184
273186
273187
273188
273189
273190
273192
273193
273194
273195
273196
273198
273200
273201
273202
273203
273205
273207
273208
273210
273211
273212
273214
273215
273216
273218
273220
273221
273222
273223
273225
273226
273227
273228
273230
273231
273232
273234
273235
273237
273239
273240
273241
273242
273243
273245
273246
273247
273248
273249
273251
273252
273253
273254
273255
273257
273258
273259
273260
273261
273262
273264
273265
273266
273267
273269
273270
273272
273273
273276
273277
273278
273279
273280
273281
273282
273284
273285
273286
273287
273288
273289
273290
273291
273292
273294
273295
273297
273298
273299
273300
273301
273302
273303
273304
273305
273306
273307
273308
273309
273310
273311
273312
273313
273314
273315
273317
273318
273319
273320
273321
273322
273323
273324
273325
273326
273327
273329
273332
273333
273334
273335
273336
273337
273338
273339
273340
273342
273343
273344
273345
273346
273347
273348
273349
273350
273351
273352
273353
273356
273357
273359
273360
273361
273362
273363
273365
273368
273369
273371
273372
273374
273375
273376
273377
273378
273379
273380
273381
273382
273383
273384
273385
273387
273388
273389
273390
273391
273392
273393
273394
273396
273397
273398
273400
273402
273403
273404
273405
273406
273407
273408
273409
273410
273411
273412
273414
273415
273416
273417
273418
273419
273420
273421
273422
273423
273424
273425
273426
273427
273428
273429
273431
273433
273434
273435
273436
273438
273439
273440
273442
273443
273444
273446
273447
273448
273449
273450
273452
273454
273455
273456
273458
273459
273460
273461
273462
273463
273465
273466
273467
273468
273469
273471
273472
273474
273475
273476
273477
273478
273479
273480
273481
273482
273483
273484
273485
273489
273490
273491
273492
273495
273496
273497
273498
273500
273501
273502
273505
273509
273510
273511
273512
273514
273515
273516
273517
273518
273520
273522
273523
273524
273526
273527
273528
273529
273530
273531
273534
273535
273536
273537
273538
273540
273544
273545
273546
273547
273548
273549
273550
273553
273554
273557
273560
273561
273563
273566
273567
273570
273571
273573
273575
273576
273577
273579
273581
273582
273583
273584
273586
273587
273588
273589
273591
273592
273594
273596
273598
273599
273601
273603
273606
273608
273611
273612
273613
273614
273615
273616
273620
273621
273624
273626
273627
273630
273631
273632
273633
273634
273635
273638
273639
273640
273641
273642
273644
273645
273646
273647
273650
273651
273654
273655
273656
273657
273658
273660
273661
273662
273663
273664
273665
273666
273667
273668
273669
273670
273672
273673
273674
273675
273676
273678
273679
273680
273681
273683
273686
273687
273689
273690
273692
273693
273694
273696
273699
273700
273701
273702
273703
273705
273708
273710
273711
273712
273714
273716
273717
273720
273722
273725
273726
273729
273730
273733
273734
273736
273737
273738
273741
273742
273743
273744
273746
273748
273749
273750
273752
273753
273755
273756
273757
273758
273759
273760
273761
273762
273763
273766
273767
273768
273769
273770
273771
273772
273773
273774
273775
273776
273778
273779
273780
273781
273782
273783
273784
273785
273786
273787
273788
273789
273790
273791
273792
273793
273794
273795
273796
273797
273798
273800
273802
273803
273804
273805
273806
273809
273810
273811
273812
273813
273814
273815
273816
273817
273818
273819
273821
273823
273824
273826
273827
273828
273829
273830
273831
273832
273833
273834
273836
273837
273838
273839
273842
273843
273844
273845
273846
273847
273848
273849
273850
273852
273854
273856
273857
273858
273859
273860
273863
273864
273865
273866
273867
273868
273869
273870
273871
273873
273874
273875
273876
273877
273878
273879
273880
273881
273882
273883
273884
273885
273888
273890
273891
273892
273893
273895
273896
273897
273898
273899
273901
273902
273903
273904
273905
273907
273908
273909
273911
273912
273914
273916
273918
273919
273920
273922
273923
273924
273926
273928
273929
273930
273931
273933
273934
273935
273936
273937
273938
273939
273941
273942
273943
273945
273946
273947
273948
273949
273950
273951
273952
273953
273954
273955
273956
273957
273959
273960
273961
273962
273964
273965
273966
273967
273968
273969
273970
273973
273974
273975
273978
273979
273981
273983
273984
273985
273987
273988
273990
273991
273993
273994
273996
273997
273998
273999
274000
274001
274002
274004
274005
274006
274007
274008
274011
274014
274019
274020
274022
274023
274024
274025
274026
274027
274029
274030
274031
274034
274035
274036
274037
274038
274039
274040
274041
274042
274043
274044
274045
274046
274047
274049
274050
274051
274052
274053
274054
274056
274058
274059
274060
274061
274063
274066
274068
274069
274071
274072
274073
274074
274075
274076
274077
274078
274079
274082
274083
274088
274089
274090
274094
274095
274096
274100
274101
274102
274103
274106
274107
274110
274113
274114
274115
274116
274119
274120
274121
274123
274124
274125
274126
274127
274128
274129
274130
274131
274132
274133
274134
274137
274139
274141
274142
274143
274144
274145
274146
274147
274148
274150
274151
274153
274154
274155
274156
274157
274158
274159
274162
274163
274164
274165
274166
274167
274168
274169
274170
274171
274172
274174
274175
274176
274177
274178
274179
274180
274181
274182
274183
274184
274185
274186
274188
274189
274190
274192
274193
274194
274196
274197
274198
274199
274200
274201
274203
274204
274205
274206
274207
274208
274209
274210
274211
274213
274214
274215
274216
274217
274218
274221
274222
274223
274224
274226
274227
274228
274229
274230
274231
274232
274233
274234
274235
274236
274237
274238
274239
274240
274241
274242
274243
274244
274245
274246
274247
274248
274251
274252
274253
274254
274257
274258
274259
274260
274262
274263
274264
274265
274266
274267
274268
274269
274270
274271
274273
274274
274275
274276
274277
274278
274279
274280
274281
274282
274284
274285
274287
274288
274289
274290
274291
274292
274293
274294
274296
274297
274298
274299
274300
274302
274303
274304
274305
274306
274309
274310
274311
274313
274314
274316
274319
274320
274321
274322
274324
274325
274326
274327
274329
274330
274331
274332
274333
274334
274335
274336
274337
274338
274339
274340
274341
274342
274344
274347
274348
274349
274353
274354
274355
274356
274359
274362
274363
274364
274366
274368
274369
274371
274372
274375
274376
274377
274379
274380
274382
274383
274384
274385
274386
274388
274389
274390
274391
274395
274396
274397
274398
274399
274400
274403
274407
274409
274410
274411
274412
274413
274415
274416
274419
274420
274421
274422
274423
274424
274426
274427
274428
274429
274430
274431
274433
274435
274437
274438
274439
274440
274441
274442
274443
274445
274447
274448
274450
274451
274452
274454
274455
274457
274458
274459
274460
274461
274462
274463
274465
274467
274468
274469
274470
274471
274472
274474
274475
274476
274479
274480
274482
274483
274484
274485
274486
274487
274488
274489
274490
274491
274492
274493
274494
274496
274497
274498
274499
274503
274507
274509
274511
274514
274515
274516
274517
274518
274519
274520
274521
274522
274525
274526
274527
274528
274529
274530
274531
274532
274534
274535
274537
274538
274540
274542
274544
274545
274546
274549
274550
274551
274553
274554
274555
274557
274558
274564
274569
274570
274572
274578
274579
274582
274583
274584
274585
274587
274588
274590
274591
274592
274593
274596
274598
274599
274600
274601
274602
274603
274604
274605
274607
274612
274615
274616
274617
274618
274619
274620
274621
274622
274623
274625
274628
274629
274630
274631
274632
274633
274637
274638
274640
274641
274643
274644
274645
274646
274647
274648
274649
274650
274652
274653
274654
274656
274657
274658
274659
274661
274663
274664
274667
274668
274669
274670
274671
274673
274674
274676
274678
274679
274681
274682
274683
274684
274689
274690
274692
274693
274694
274695
274696
274697
274699
274703
274704
274706
274707
274708
274709
274710
274711
274713
274715
274716
274717
274718
274719
274720
274721
274722
274724
274725
274726
274728
274729
274731
274732
274733
274734
274737
274738
274739
274740
274741
274743
274744
274745
274747
274748
274750
274751
274753
274755
274756
274757
274759
274760
274761
274762
274763
274764
274766
274768
274769
274770
274771
274772
274776
274777
274778
274779
274780
274782
274784
274785
274786
274788
274790
274791
274792
274793
274794
274795
274797
274798
274799
274800
274801
274802
274803
274804
274805
274806
274807
274808
274809
274811
274814
274815
274816
274817
274820
274822
274823
274824
274825
274827
274828
274829
274830
274831
274832
274833
274835
274836
274837
274838
274839
274840
274843
274845
274846
274849
274850
274851
274852
274853
274854
274856
274857
274858
274859
274861
274862
274864
274865
274866
274867
274869
274871
274872
274876
274877
274878
274879
274880
274881
274882
274883
274884
274885
274886
274887
274888
274889
274890
274891
274892
274893
274894
274895
274896
274897
274898
274899
274900
274901
274903
274904
274907
274909
274910
274911
274912
274913
274915
274916
274917
274919
274920
274921
274922
274927
274928
274931
274933
274935
274937
274938
274939
274940
274941
274942
274943
274944
274945
274946
274948
274950
274951
274952
274953
274954
274955
274956
274961
274962
274963
274964
274965
274966
274967
274968
274969
274972
274975
274977
274978
274979
274980
274982
274983
274984
274985
274986
274989
274990
274995
274997
274998
274999
275000
275001
275002
275003
275005
275008
275009
275010
275011
275016
275017
275018
275019
275021
275025
275026
275027
275028
275029
275030
275031
275032
275035
275036
275038
275039
275041
275043
275045
275047
275048
275049
275050
275052
275053
275054
275055
275057
275060
275061
275062
275063
275064
275065
275067
275069
275070
275071
275072
275073
275074
275075
275076
275077
275078
275079
275080
275082
275083
275086
275088
275089
275090
275091
275092
275093
275094
275095
275097
275098
275099
275101
275102
275103
275104
275105
275106
275107
275108
275109
275110
275111
275112
275113
275117
275118
275121
275123
275124
275125
275126
275127
275128
275129
275130
275131
275132
275133
275134
275135
275136
275138
275139
275140
275141
275142
275143
275146
275147
275148
275149
275150
275151
275152
275154
275155
275156
275157
275158
275159
275160
275161
275162
275163
275164
275165
275166
275168
275169
275171
275173
275174
275177
275179
275180
275181
275182
275184
275185
275186
275187
275188
275191
275192
275195
275196
275197
275198
275199
275200
275201
275202
275203
275204
275205
275206
275207
275208
275212
275216
275217
275218
275219
275220
275222
275223
275224
275225
275226
275227
275228
275229
275230
275231
275232
275233
275234
275236
275237
275238
275241
275242
275244
275246
275247
275248
275249
275250
275251
275252
275253
275254
275255
275260
275262
275263
275265
275266
275267
275269
275270
275272
275273
275275
275276
275277
275280
275281
275282
275283
275284
275286
275287
275288
275289
275290
275291
275292
275293
275294
275295
275296
275297
275298
275299
275300
275301
275302
275303
275305
275306
275307
275308
275311
275312
275313
275314
275315
275316
275317
275318
275320
275321
275326
275327
275329
275330
275331
275335
275336
275337
275338
275339
275340
275341
275343
275345
275346
275348
275349
275350
275351
275352
275353
275354
275355
275356
275357
275360
275361
275362
275364
275365
275366
275368
275369
275370
275372
275373
275374
275375
275376
275379
275380
275383
275384
275385
275386
275387
275388
275389
275390
275391
275392
275393
275395
275396
275400
275401
275403
275404
275405
275406
275407
275408
275409
275410
275411
275412
275413
275414
275415
275416
275417
275419
275421
275422
275423
275424
275425
275426
275429
275430
275431
275433
275434
275435
275437
275438
275439
275440
275441
275442
275443
275446
275447
275448
275450
275451
275452
275453
275454
275455
275457
275458
275459
275460
275461
275462
275464
275465
275466
275467
275468
275469
275470
275471
275472
275473
275475
275476
275477
275478
275479
275480
275481
275483
275484
275485
275486
275487
275489
275490
275491
275492
275493
275494
275495
275496
275497
275500
275502
275504
275505
275506
275507
275508
275509
275511
275512
275514
275515
275517
275518
275519
275522
275524
275525
275527
275528
275529
275530
275534
275535
275536
275538
275541
275543
275544
275546
275548
275550
275551
275553
275555
275556
275557
275559
275560
275561
275563
275566
275567
275568
275570
275571
275575
275576
275577
275578
275579
275580
275581
275582
275583
275584
275585
275587
275588
275590
275591
275592
275594
275595
275596
275597
275598
275599
275600
275601
275602
275603
275604
275606
275607
275608
275609
275612
275613
275614
275615
275616
275617
275619
275620
275621
275622
275625
275626
275627
275628
275629
275630
275631
275633
275636
275637
275638
275639
275643
275644
275645
275647
275651
275652
275654
275656
275658
275659
275660
275662
275663
275665
275667
275668
275669
275670
275671
275673
275674
275675
275676
275678
275679
275680
275683
275684
275686
275688
275689
275690
275691
275692
275693
275695
275696
275698
275699
275700
275701
275702
275703
275706
275707
275708
275709
275711
275713
275718
275719
275720
275721
275723
275724
275725
275726
275727
275728
275729
275730
275731
275732
275733
275734
275736
275737
275738
275739
275741
275742
275743
275744
275745
275746
275747
275748
275749
275750
275751
275752
275756
275757
275759
275760
275762
275763
275765
275766
275767
275768
275770
275771
275773
275774
275775
275776
275777
275778
275779
275781
275782
275783
275784
275785
275787
275788
275789
275790
275796
275797
275798
275802
275803
275804
275807
275811
275813
275817
275818
275819
275822
275823
275824
275825
275826
275828
275829
275830
275831
275833
275834
275835
275839
275840
275844
275846
275848
275849
275850
275853
275854
275855
275856
275859
275860
275861
275862
275863
275865
275866
275867
275868
275869
275870
275871
275873
275874
275876
275877
275878
275879
275881
275882
275883
275884
275887
275889
275890
275891
275894
275896
275898
275899
275901
275902
275903
275904
275905
275906
275908
275909
275910
275912
275913
275914
275915
275916
275917
275918
275920
275921
275922
275923
275924
275926
275928
275929
275930
275931
275932
275935
275936
275937
275938
275939
275940
275941
275942
275943
275944
275945
275946
275947
275949
275950
275952
275953
275954
275955
275956
275957
275958
275959
275960
275961
275962
275963
275964
275965
275966
275967
275968
275969
275970
275971
275972
275973
275977
275978
275980
275981
275982
275983
275985
275986
275987
275988
275989
275990
275991
275992
275993
275994
275995
275996
275997
275998
275999
276000
276002
276004
276005
276006
276007
276008
276009
276010
276011
276013
276014
276015
276016
276017
276018
276020
276021
276022
276023
276024
276025
276027
276028
276029
276030
276031
276032
276034
276036
276038
276041
276042
276043
276045
276046
276047
276048
276051
276052
276053
276054
276055
276056
276057
276058
276059
276060
276062
276063
276065
276066
276067
276068
276069
276070
276071
276072
276073
276074
276075
276077
276078
276079
276080
276081
276082
276083
276085
276086
276089
276090
276091
276094
276095
276096
276098
276099
276100
276101
276102
276103
276104
276106
276107
276112
276113
276116
276117
276118
276120
276121
276122
276123
276124
276125
276126
276127
276128
276129
276130
276132
276133
276135
276136
276139
276141
276142
276146
276147
276148
276149
276150
276151
276152
276153
276155
276157
276158
276159
276160
276161
276163
276164
276165
276167
276168
276169
276171
276172
276173
276174
276176
276177
276179
276180
276181
276183
276184
276185
276186
276187
276188
276189
276190
276191
276192
276193
276194
276195
276196
276197
276198
276199
276200
276201
276202
276203
276204
276206
276207
276208
276209
276210
276211
276212
276214
276215
276216
276217
276218
276219
276220
276223
276224
276225
276227
276228
276229
276230
276232
276233
276234
276235
276236
276238
276239
276240
276241
276242
276243
276245
276247
276248
276249
276250
276251
276252
276253
276254
276256
276257
276259
276260
276261
276264
276265
276266
276269
276270
276271
276272
276273
276275
276276
276278
276279
276280
276282
276283
276285
276287
276288
276289
276290
276292
276293
276295
276296
276299
276301
276302
276303
276305
276306
276307
276309
276310
276311
276312
276313
276314
276315
276316
276317
276318
276320
276321
276322
276323
276324
276326
276327
276332
276333
276334
276335
276336
276338
276339
276340
276341
276342
276343
276344
276348
276349
276352
276353
276354
276355
276356
276357
276358
276359
276360
276361
276362
276363
276364
276365
276366
276367
276368
276370
276371
276372
276373
276374
276375
276376
276377
276378
276380
276382
276383
276384
276385
276386
276388
276389
276391
276393
276394
276395
276396
276398
276401
276402
276403
276404
276406
276411
276412
276413
276416
276417
276418
276419
276420
276421
276422
276424
276425
276426
276428
276431
276432
276433
276434
276436
276437
276438
276439
276441
276442
276443
276444
276445
276446
276449
276450
276451
276452
276453
276454
276455
276456
276457
276459
276460
276461
276462
276463
276464
276465
276466
276469
276470
276471
276472
276474
276475
276476
276477
276478
276479
276480
276481
276482
276484
276485
276486
276489
276490
276492
276493
276495
276497
276498
276502
276503
276504
276505
276506
276509
276510
276511
276512
276513
276515
276516
276517
276521
276522
276524
276525
276526
276527
276528
276530
276531
276532
276534
276535
276537
276538
276539
276540
276541
276542
276545
276547
276549
276551
276552
276554
276555
276556
276558
276559
276560
276562
276563
276564
276565
276566
276567
276568
276569
276570
276571
276572
276573
276575
276576
276577
276578
276579
276581
276582
276583
276587
276588
276589
276590
276592
276593
276595
276598
276600
276602
276603
276604
276606
276607
276610
276611
276612
276613
276615
276616
276617
276619
276620
276621
276622
276623
276624
276625
276626
276627
276628
276629
276630
276631
276633
276634
276635
276636
276637
276639
276640
276641
276642
276643
276646
276647
276648
276650
276651
276652
276653
276655
276658
276659
276661
276662
276663
276664
276666
276670
276671
276672
276673
276675
276677
276680
276681
276683
276685
276686
276687
276688
276689
276690
276692
276695
276696
276697
276698
276699
276700
276701
276702
276704
276706
276707
276708
276709
276710
276711
276712
276713
276714
276715
276716
276717
276718
276719
276720
276721
276722
276723
276724
276725
276726
276727
276728
276729
276730
276731
276733
276734
276735
276736
276737
276738
276739
276740
276742
276743
276744
276746
276747
276748
276749
276750
276751
276752
276753
276755
276756
276757
276759
276760
276761
276764
276765
276766
276768
276771
276772
276773
276774
276775
276776
276777
276779
276784
276787
276788
276789
276790
276791
276792
276794
276795
276796
276797
276800
276801
276804
276805
276806
276807
276810
276814
276815
276817
276818
276821
276822
276824
276826
276827
276828
276829
276830
276831
276832
276833
276834
276837
276838
276839
276840
276841
276842
276843
276844
276846
276847
276848
276849
276851
276853
276854
276855
276856
276857
276858
276859
276860
276861
276862
276864
276865
276866
276867
276868
276869
276870
276871
276872
276874
276875
276877
276878
276879
276881
276882
276883
276884
276885
276886
276889
276890
276893
276894
276896
276898
276899
276900
276901
276902
276903
276904
276907
276908
276909
276912
276913
276914
276915
276917
276918
276919
276921
276922
276923
276924
276926
276927
276928
276929
276931
276932
276934
276935
276936
276937
276938
276939
276940
276941
276942
276943
