128878
128879
128880
128881
128882
128883
128884
128886
128887
128888
128889
128890
128891
128895
128896
128899
128901
128902
128903
128904
128906
128907
128908
128909
128910
128911
128913
128914
128915
128917
128920
128921
128923
128924
128925
128927
128928
128930
128933
128935
128937
128939
128940
128941
128942
128945
128946
128947
128948
128952
128953
128956
128958
128959
128960
128961
128962
128963
128965
128966
128968
128969
128971
128972
128973
128974
128975
128976
128977
128978
128979
128980
128981
128982
128983
128984
128985
128986
128988
128989
128990
128991
128992
128993
128994
128995
128996
128997
128998
128999
129000
129001
129002
129003
129005
129006
129007
129008
129010
129014
129015
129017
129019
129021
129023
129024
129025
129026
129027
129028
129030
129032
129034
129035
129036
129037
129041
129042
129043
129044
129045
129046
129048
129049
129050
129051
129052
129053
129055
129056
129058
129060
129062
129064
129065
129066
129068
129071
129072
129073
129074
129075
129076
129078
129079
129080
129082
129083
129084
129085
129086
129091
129092
129093
129094
129095
129096
129097
129098
129099
129100
129101
129105
129106
129107
129108
129109
129110
129111
129112
129113
129114
129115
129117
129118
129121
129122
129123
129124
129127
129128
129129
129131
129132
129138
129143
129148
129149
129150
129151
129152
129155
129156
129159
129161
129162
129163
129165
129166
129167
129168
129170
129171
129174
129176
129177
129178
129181
129182
129183
129184
129185
129187
129188
129189
129190
129191
129192
129193
129194
129195
129196
129198
129199
129200
129201
129202
129203
129204
129205
129206
129208
129211
129212
129214
129215
129217
129218
129219
129221
129222
129223
129226
129227
129228
129229
129230
129232
129233
129234
129235
129236
129238
129239
129243
129245
129246
129247
129248
129249
129250
129251
129252
129253
129254
129257
129258
129260
129263
129264
129265
129266
129267
129271
129273
129275
129276
129277
129279
129280
129281
129282
129283
129285
129288
129289
129290
129292
129294
129295
129299
129300
129301
129303
129304
129305
129308
129309
129310
129311
129312
129316
129319
129320
129321
129322
129323
129325
129327
129328
129329
129330
129332
129335
129336
129337
129338
129339
129340
129341
129342
129343
129344
129345
129346
129347
129348
129349
129351
129352
129353
129354
129356
129357
129358
129359
129362
129363
129366
129367
129371
129372
129373
129375
129376
129377
129378
129379
129380
129382
129384
129385
129386
129387
129388
129389
129390
129391
129392
129393
129394
129395
129396
129397
129398
129400
129401
129402
129403
129404
129405
129406
129408
129409
129411
129413
129415
129419
129421
129422
129423
129424
129425
129426
129427
129428
129429
129431
129433
129435
129436
129437
129438
129439
129440
129442
129443
129444
129445
129446
129449
129451
129452
129454
129455
129456
129457
129458
129460
129461
129463
129464
129465
129466
129467
129468
129469
129471
129472
129474
129475
129476
129477
129478
129480
129481
129484
129485
129486
129487
129490
129492
129493
129494
129496
129497
129499
129500
129501
129503
129504
129505
129506
129508
129509
129511
129512
129513
129514
129515
129518
129519
129520
129521
129522
129523
129524
129525
129527
129528
129530
129531
129532
129535
129536
129537
129538
129539
129540
129542
129543
129545
129547
129548
129549
129550
129551
129553
129554
129555
129557
129560
129561
129562
129563
129564
129566
129567
129568
129569
129571
129572
129574
129575
129576
129578
129579
129581
129582
129585
129586
129587
129588
129589
129591
129592
129594
129595
129597
129598
129600
129601
129606
129608
129609
129610
129612
129613
129614
129615
129616
129617
129618
129619
129620
129621
129622
129624
129625
129630
129631
129632
129633
129634
129636
129637
129638
129639
129640
129641
129642
129644
129645
129646
129648
129649
129651
129652
129654
129655
129656
129657
129660
129663
129664
129665
129667
129668
129669
129670
129671
129672
129676
129677
129678
129679
129681
129683
129684
129685
129686
129687
129688
129690
129694
129695
129696
129697
129699
129702
129703
129705
129706
129708
129709
129711
129712
129713
129715
129716
129718
129719
129720
129722
129724
129725
129726
129727
129729
129730
129731
129732
129733
129734
129735
129736
129738
129739
129740
129741
129742
129743
129744
129745
129747
129748
129749
129750
129751
129752
129753
129754
129755
129756
129757
129759
129760
129761
129762
129765
129766
129767
129769
129771
129773
129777
129778
129779
129780
129781
129782
129783
129784
129785
129786
129787
129788
129789
129793
129795
129796
129798
129799
129801
129802
129803
129805
129806
129808
129809
129810
129811
129813
129815
129816
129817
129820
129821
129822
129823
129824
129827
129829
129830
129831
129833
129834
129836
129838
129839
129840
129841
129844
129846
129847
129848
129849
129851
129853
129854
129855
129856
129858
129859
129861
129862
129863
129864
129865
129866
129867
129868
129869
129870
129871
129872
129873
129874
129875
129876
129877
129881
129882
129884
129886
129887
129890
129891
129892
129894
129896
129897
129901
129902
129903
129904
129905
129906
129908
129909
129910
129912
129913
129914
129915
129916
129917
129918
129919
129920
129921
129922
129925
129927
129928
129929
129932
129933
129934
129935
129936
129937
129938
129939
129940
129941
129942
129943
129946
129947
129949
129951
129953
129954
129955
129957
129958
129959
129961
129962
129963
129966
129968
129969
129970
129971
129972
129973
129975
129976
129977
129978
129979
129980
129981
129982
129983
129985
129986
129988
129992
129993
129994
129996
129997
129998
130000
130001
130002
130004
130005
130006
130007
130009
130011
130012
130013
130014
130016
130017
130018
130019
130020
130021
130023
130024
130025
130026
130027
130028
130029
130030
130031
130032
130033
130035
130037
130038
130039
130040
130043
130045
130046
130047
130048
130049
130050
130051
130052
130057
130059
130060
130063
130066
130067
130068
130069
130070
130071
130072
130073
130074
130077
130078
130080
130081
130082
130083
130084
130085
130086
130089
130090
130092
130093
130095
130096
130097
130099
130100
130101
130103
130106
130107
130108
130109
130110
130111
130112
130113
130114
130115
130116
130117
130119
130121
130122
130123
130126
130127
130132
130136
130139
130141
130142
130143
130147
130148
130149
130150
130151
130152
130153
130154
130155
130158
130159
130160
130161
130164
130165
130167
130168
130170
130171
130172
130174
130175
130176
130177
130178
130179
130180
130182
130183
130184
130185
130186
130187
130189
130193
130194
130196
130199
130200
130201
130202
130203
130204
130205
130207
130208
130210
130212
130217
130219
130220
130222
130223
130225
130226
130227
130235
130236
130237
130238
130242
130244
130245
130247
130248
130249
130251
130252
130253
130254
130255
130258
130259
130260
130261
130262
130264
130265
130266
130267
130270
130271
130273
130274
130275
130276
130277
130278
130279
130280
130281
130283
130284
130285
130286
130287
130288
130290
130293
130295
130298
130299
130300
130301
130302
130303
130304
130305
130306
130307
130308
130309
130311
130312
130315
130316
130317
130318
130319
130321
130323
130324
130325
130326
130327
130328
130329
130333
130334
130335
130337
130338
130339
130341
130342
130345
130346
130349
130351
130352
130353
130354
130356
130357
130359
130361
130363
130364
130365
130366
130367
130369
130370
130372
130373
130374
130378
130379
130380
130381
130382
130383
130384
130385
130387
130389
130390
130392
130393
130394
130395
130396
130397
130398
130399
130400
130401
130402
130403
130404
130405
130406
130407
130408
130409
130410
130411
130412
130413
130415
130416
130417
130421
130422
130423
130424
130425
130427
130428
130429
130430
130431
130432
130433
130434
130435
130440
130441
130443
130444
130445
130447
130448
130449
130450
130451
130452
130453
130454
130455
130456
130458
130460
130461
130462
130463
130465
130466
130467
130468
130469
130471
130472
130474
130475
130476
130477
130478
130479
130480
130481
130482
130484
130486
130487
130490
130492
130493
130494
130495
130496
130498
130499
130501
130502
130503
130504
130506
130507
130509
130510
130511
130512
130513
130514
130515
130516
130517
130518
130519
130520
130521
130523
130524
130525
130526
130527
130528
130529
130532
130533
130534
130535
130537
130538
130539
130540
130541
130542
130544
130545
130546
130547
130548
130549
130550
130551
130552
130553
130554
130555
130560
130561
130562
130564
130565
130566
130567
130568
130569
130570
130571
130573
130574
130575
130576
130577
130578
130580
130581
130582
130583
130584
130586
130587
130589
130590
130591
130593
130594
130595
130596
130597
130598
130600
130601
130602
130603
130604
130605
130606
130607
130609
130612
130613
130615
130616
130617
130618
130619
130620
130623
130624
130626
130628
130629
130630
130632
130633
130634
130635
130637
130638
130639
130640
130641
130642
130643
130644
130646
130650
130651
130652
130653
130654
130655
130656
130657
130658
130659
130660
130662
130663
130664
130665
130666
130671
130672
130673
130674
130675
130677
130678
130679
130681
130683
130684
130686
130688
130689
130690
130693
130695
130696
130697
130698
130699
130700
130701
130703
130704
130705
130706
130707
130708
130709
130710
130712
130713
130715
130716
130717
130718
130719
130721
130722
130723
130724
130726
130727
130728
130729
130731
130733
130734
130735
130737
130738
130739
130740
130741
130743
130744
130746
130747
130749
130750
130752
130754
130755
130756
130757
130760
130762
130763
130764
130765
130766
130768
130769
130771
130772
130773
130775
130776
130777
130783
130784
130786
130787
130788
130790
130791
130793
130794
130795
130797
130798
130799
130800
130801
130802
130803
130804
130805
130806
130807
130808
130809
130810
130811
130812
130813
130815
130817
130818
130819
130820
130821
130822
130823
130824
130825
130827
130832
130833
130834
130835
130836
130837
130838
130839
130841
130842
130845
130846
130847
130848
130849
130850
130852
130853
130856
130857
130858
130859
130860
130862
130863
130865
130866
130867
130868
130869
130870
130871
130872
130873
130874
130875
130876
130877
130879
130880
130882
130883
130884
130885
130886
130887
130890
130891
130892
130894
130895
130896
130897
130900
130901
130902
130903
130905
130906
130907
130908
130910
130915
130917
130918
130919
130920
130922
130923
130924
130925
130926
130927
130929
130931
130933
130934
130935
130936
130937
130938
130939
130940
130941
130943
130944
130945
130946
130948
130949
130950
130951
130952
130953
130954
130955
130957
130961
130964
130965
130966
130967
130968
130972
130973
130974
130976
130977
130978
130979
130980
130981
130982
130983
130984
130985
130986
130987
130988
130989
130990
130991
130992
130993
130994
130995
130996
130997
131000
131001
131002
131003
131004
131006
131007
131008
131009
131011
131012
131014
131015
131016
131017
131019
131022
131023
131025
131026
131027
131032
131033
131034
131035
131036
131038
131039
131041
131042
131043
131044
131046
131047
131048
131049
131051
131053
131055
131056
131057
131059
131060
131061
131063
131064
131065
131066
131067
131068
131070
131071
131073
131074
131075
131076
131077
131079
131080
131081
131083
131084
131087
131088
131090
131092
131094
131096
131097
131098
131099
131100
131102
131103
131104
131106
131108
131110
131113
131114
131115
131116
131118
131119
131121
131122
131123
131124
131125
131126
131127
131128
131129
131130
131132
131133
131134
131135
131136
131137
131138
131139
131142
131143
131144
131145
131147
131148
131149
131151
131152
131153
131154
131155
131156
131157
131158
131159
131160
131161
131163
131164
131165
131166
131167
131169
131170
131173
131174
131176
131177
131178
131180
131181
131183
131184
131185
131186
131187
131188
131189
131190
131191
131192
131193
131194
131196
131197
131198
131201
131202
131203
131204
131205
131206
131207
131209
131210
131211
131212
131213
131214
131215
131216
131218
131219
131221
131222
131225
131227
131228
131230
131231
131233
131235
131236
131237
131238
131240
131241
131242
131243
131246
131247
131248
131249
131252
131253
131255
131256
131257
131258
131262
131263
131264
131265
131266
131267
131268
131269
131270
131271
131273
131274
131276
131278
131279
131280
131281
131282
131283
131284
131285
131286
131287
131288
131290
131292
131293
131294
131296
131298
131299
131301
131302
131303
131306
131307
131308
131310
131311
131312
131313
131314
131315
131320
131323
131325
131327
131329
131330
131331
131333
131334
131335
131336
131339
131340
131343
131344
131345
131346
131348
131349
131350
131353
131354
131357
131358
131359
131360
131361
131362
131363
131364
131365
131366
131367
131368
131371
131373
131374
131375
131378
131380
131381
131382
131383
131385
131386
131387
131388
131390
131392
131393
131394
131395
131397
131398
131399
131400
131401
131402
131403
131404
131405
131406
131407
131408
131409
131410
131412
131414
131416
131417
131418
131421
131422
131423
131425
131426
131427
131428
131429
131430
131432
131434
131435
131436
131437
131438
131440
131441
131442
131443
131446
131449
131453
131454
131458
131459
131461
131463
131464
131466
131468
131473
131476
131478
131479
131480
131481
131482
131484
131487
131488
131489
131490
131491
131492
131493
131494
131495
131496
131497
131498
131499
131500
131501
131503
131504
131505
131507
131508
131509
131510
131511
131512
131513
131514
131515
131516
131517
131518
131519
131520
131521
131522
131523
131524
131525
131526
131527
131528
131530
131531
131532
131533
131535
131536
131537
131538
131540
131541
131542
131543
131544
131545
131547
131549
131550
131551
131552
131553
131554
131555
131556
131557
131558
131559
131560
131561
131562
131563
131564
131565
131566
131567
131568
131569
131570
131571
131572
131573
131574
131575
131576
131577
131578
131579
131582
131584
131585
131586
131587
131588
131589
131590
131591
131593
131594
131595
131596
131597
131599
131600
131601
131602
131604
131605
131606
131607
131608
131609
131610
131611
131612
131613
131614
131615
131616
131617
131620
131621
131622
131623
131624
131625
131626
131627
131628
131629
131630
131631
131632
131633
131634
131637
131638
131639
131640
131641
131642
131644
131645
131647
131648
131649
131650
131651
131652
131653
131654
131655
131656
131657
131658
131659
131660
131661
131662
131663
131664
131665
131666
131667
131668
131669
131670
131671
131673
131674
131675
131677
131678
131679
131680
131681
131683
131684
131685
131686
131687
131688
131689
131690
131691
131693
131694
131698
131699
131701
131703
131705
131706
131707
131708
131709
131710
131711
131713
131714
131715
131716
131718
131719
131721
131722
131723
131724
131725
131727
131729
131730
131732
131733
131734
131735
131736
131737
131738
131739
131740
131741
131742
131743
131744
131745
131746
131747
131748
131749
131750
131751
131752
131753
131754
131755
131756
131758
131759
131760
131762
131764
131765
131766
131767
131768
131769
131771
131772
131773
131775
131776
131777
131778
131779
131780
131781
131782
131783
131784
131785
131786
131787
131788
131792
131795
131798
131800
131801
131802
131803
131804
131805
131806
131808
131809
131810
131811
131812
131813
131814
131815
131816
131817
131818
131819
131820
131822
131823
131824
131825
131826
131827
131828
131832
131833
131835
131837
131838
131842
131843
131844
131846
131847
131848
131849
131851
131852
131853
131854
131856
131857
131858
131860
131862
131863
131864
131866
131868
131870
131871
131872
131874
131877
131879
131881
131882
131883
131884
131886
131887
131888
131889
131890
131891
131892
131893
131894
131895
131896
131897
131898
131899
131901
131902
131904
131905
131906
131908
131910
131913
131915
131916
131917
131918
131919
131920
131921
131922
131924
131925
131926
131927
131928
131929
131932
131933
131934
131936
131937
131938
131939
131940
131943
131944
131945
131946
131947
131948
131949
131951
131952
131955
131957
131958
131959
131960
131961
131962
131964
131965
131966
131968
131969
131971
131972
131975
131976
131977
131978
131979
131980
131981
131982
131988
131989
131991
131993
131994
131997
132000
132003
132004
132006
132007
132008
132009
132011
132012
132014
132016
132019
132022
132025
132026
132028
132029
132030
132031
132032
132035
132038
132041
132042
132043
132046
132047
132048
132049
132050
132052
132053
132054
132055
132057
132058
132059
132060
132062
132066
132067
132068
132069
132070
132072
132073
132075
132076
132077
132078
132079
132080
132083
132084
132085
132086
132087
132089
132090
132092
132093
132094
132095
132096
132097
132098
132101
132102
132103
132104
132105
132106
132107
132108
132109
132110
132111
132113
132115
132116
132117
132119
132121
132123
132124
132125
132129
132130
132133
132134
132135
132136
132137
132138
132140
132141
132142
132143
132145
132146
132147
132148
132152
132153
132154
132155
132159
132160
132161
132162
132164
132165
132167
132168
132170
132171
132172
132173
132175
132176
132177
132182
132184
132185
132186
132188
132191
132192
132193
132194
132195
132196
132199
132200
132201
132202
132203
132204
132205
132206
132207
132208
132210
132211
132215
132216
132217
132218
132219
132224
132230
132232
132234
132235
132237
132238
132240
132242
132246
132249
132252
132253
132255
132256
132257
132259
132261
132263
132265
132266
132271
132273
132274
132275
132277
132278
132279
132281
132282
132284
132285
132286
132287
132288
132290
132291
132292
132293
132294
132296
132297
132298
132300
132301
132302
132303
132304
132305
132306
132307
132308
132310
132312
132313
132314
132316
132317
132318
132320
132321
132322
132323
132324
132325
132326
132327
132328
132329
132330
132331
132333
132334
132335
132336
132337
132338
132339
132340
132341
132342
132343
132344
132345
132346
132347
132349
132350
132352
132354
132355
132356
132357
132358
132361
132363
132365
132366
132369
132371
132373
132374
132375
132376
132378
132379
132380
132381
132382
132384
132385
132386
132388
132389
132390
132391
132392
132393
132395
132397
132399
132400
132402
132404
132405
132406
132407
132408
132409
132410
132411
132412
132414
132415
132416
132417
132418
132419
132420
132422
132423
132425
132426
132427
132428
132429
132430
132431
132433
132435
132436
132437
132438
132439
132440
132443
132444
132445
132446
132448
132449
132450
132451
132452
132453
132454
132455
132456
132457
132458
132459
132461
132463
132465
132466
132467
132469
132470
132471
132472
132473
132474
132475
132476
132478
132479
132480
132482
132483
132484
132485
132486
132487
132488
132489
132491
132492
132493
132494
132495
132496
132497
132498
132499
132500
132501
132502
132503
132504
132505
132508
132509
132510
132511
132512
132513
132515
132516
132517
132519
132520
132522
132523
132524
132525
132526
132527
132528
132530
132533
132534
132535
132536
132537
132538
132539
132540
132541
132542
132543
132544
132547
132549
132550
132551
132552
132554
132555
132557
132558
132559
132560
132561
132562
132563
132564
132565
132566
132567
132568
132569
132570
132573
132574
132575
132576
132577
132578
132579
132580
132581
132584
132585
132587
132588
132589
132591
132592
132593
132594
132595
132596
132598
132599
132600
132602
132604
132605
132606
132607
132610
132611
132612
132613
132615
132617
132618
132619
132620
132621
132622
132623
132624
132625
132626
132628
132629
132631
132632
132633
132634
132635
132636
132637
132638
132639
132640
132641
132642
132644
132645
132646
132647
132648
132649
132650
132651
132652
132654
132655
132656
132657
132658
132659
132661
132664
132665
132666
132667
132669
132670
132671
132674
132675
132677
132678
132680
132682
132683
132686
132687
132688
132689
132690
132691
132693
132694
132695
132696
132697
132699
132701
132702
132703
132704
132705
132706
132707
132708
132709
132710
132711
132712
132713
132714
132716
132717
132721
132723
132724
132725
132726
132728
132730
132731
132732
132733
132734
132737
132739
132740
132741
132742
132743
132744
132745
132746
132747
132748
132749
132753
132754
132756
132758
132759
132760
132762
132763
132764
132765
132766
132767
132768
132771
132772
132774
132775
132777
132779
132780
132782
132783
132784
132785
132786
132787
132788
132789
132790
132791
132792
132793
132794
132795
132796
132797
132798
132800
132801
132803
132805
132806
132807
132810
132811
132812
132814
132815
132816
132817
132818
132820
132821
132823
132828
132829
132833
132835
132837
132839
132840
132841
132842
132844
132846
132848
132850
132851
132853
132854
132855
132856
132859
132860
132862
132863
132864
132865
132867
132869
132870
132872
132873
132875
132876
132878
132879
132880
132882
132883
132884
132886
132887
132892
132894
132896
132897
132898
132899
132900
132901
132902
132904
132906
132907
132908
132909
132910
132911
132913
132914
132915
132916
132917
132918
132919
132920
132921
132922
132924
132926
132927
132928
132929
132930
132931
132933
132934
132936
132939
132940
132942
132944
132948
132949
132950
132951
132952
132954
132956
132957
132958
132963
132964
132965
132966
132967
132970
132974
132975
132978
132979
132981
132984
132985
132986
132987
132988
132990
132991
132992
132993
132994
132995
132996
132997
132998
132999
133000
133001
133003
133004
133005
133006
133007
133008
133009
133010
133011
133012
133014
133017
133018
133019
133020
133021
133022
133023
133024
133025
133026
133028
133032
133047
133048
133050
133056
133059
133063
133064
133065
133066
133068
133069
133070
133071
133072
133074
133075
133076
133077
133078
133079
133080
133081
133082
133083
133084
133085
133086
133087
133089
133093
133094
133095
133096
133097
133098
133099
133100
133101
133102
133104
133106
133107
133108
133109
133110
133112
133113
133114
133115
133117
133118
133119
133120
133122
133123
133125
133126
133128
133129
133130
133131
133132
133133
133134
133136
133137
133138
133139
133143
133145
133146
133148
133150
133151
133152
133153
133154
133155
133156
133157
133158
133159
133160
133162
133163
133165
133166
133168
133172
133174
133175
133176
133177
133178
133179
133180
133181
133183
133184
133185
133186
133190
133191
133192
133193
133195
133196
133200
133202
133203
133204
133205
133206
133207
133208
133210
133211
133212
133213
133214
133215
133216
133218
133221
133222
133223
133224
133225
133226
133227
133228
133230
133231
133232
133233
133235
133236
133237
133238
133239
133240
133241
133242
133243
133244
133245
133246
133249
133250
133251
133252
133254
133257
133260
133261
133262
133264
133265
133266
133267
133269
133270
133271
133272
133274
133276
133277
133278
133279
133280
133281
133282
133283
133285
133289
133290
133291
133292
133293
133295
133297
133298
133299
133300
133301
133304
133306
133307
133308
133309
133314
133315
133316
133317
133318
133320
133321
133323
133324
133325
133328
133329
133330
133331
133332
133333
133335
133336
133337
133338
133339
133340
133341
133342
133343
133344
133345
133347
133348
133349
133350
133351
133353
133354
133355
133356
133357
133358
133359
133360
133363
133364
133365
133366
133367
133368
133369
133371
133372
133375
133378
133379
133381
133382
133383
133384
133385
133389
133391
133392
133393
133394
133396
133397
133398
133399
133400
133402
133403
133404
133405
133406
133407
133408
133409
133410
133411
133413
133415
133416
133417
133418
133420
133421
133423
133424
133425
133426
133427
133429
133430
133431
133432
133433
133435
133436
133437
133441
133442
133443
133444
133445
133446
133447
133450
133451
133452
133455
133457
133459
133461
133462
133463
133464
133465
133466
133468
133471
133473
133475
133476
133479
133480
133481
133482
133484
133486
133487
133489
133490
133491
133492
133494
133495
133496
133497
133498
133499
133501
133502
133504
133506
133508
133509
133510
133512
133513
133517
133518
133520
133521
133522
133523
133524
133525
133526
133527
133529
133530
133532
133533
133534
133536
133537
133538
133539
133540
133541
133542
133543
133544
133545
133546
133550
133552
133553
133555
133556
133558
133559
133562
133563
133564
133565
133568
133569
133570
133571
133573
133577
133578
133579
133580
133582
133583
133584
133585
133586
133588
133589
133590
133591
133592
133596
133598
133599
133600
133601
133602
133603
133606
133611
133612
133613
133614
133615
133617
133618
133619
133622
133623
133625
133626
133627
133628
133630
133631
133632
133633
133635
133636
133637
133638
133639
133643
133644
133645
133647
133648
133649
133650
133651
133652
133653
133654
133655
133656
133658
133659
133660
133661
133662
133663
133664
133665
133666
133667
133668
133670
133671
133672
133673
133674
133675
133676
133679
133680
133681
133682
133683
133686
133687
133688
133689
133690
133691
133692
133693
133694
133698
133699
133701
133702
133703
133706
133708
133711
133712
133713
133714
133715
133718
133719
133720
133721
133722
133725
133726
133727
133730
133731
133732
133733
133734
133735
133737
133738
133739
133740
133743
133744
133747
133748
133749
133750
133751
133752
133755
133756
133759
133760
133763
133764
133766
133768
133769
133770
133771
133772
133773
133774
133775
133776
133777
133779
133781
133782
133783
133785
133786
133788
133789
133790
133791
133793
133794
133796
133797
133798
133799
133800
133802
133803
133804
133806
133807
133808
133809
133813
133814
133816
133817
133818
133821
133823
133825
133827
133828
133831
133832
133833
133834
133835
133836
133837
133838
133840
133841
133842
133844
133845
133847
133849
133850
133851
133852
133856
133857
133858
133859
133860
133861
133864
133866
133868
133869
133873
133875
133877
133878
133879
133880
133882
133883
133884
133885
133886
133887
133888
133889
133891
133893
133894
133895
133896
133897
133898
133899
133900
133903
133904
133905
133906
133907
133908
133910
133912
133913
133914
133916
133917
133918
133921
133923
133924
133925
133926
133927
133928
133929
133930
133931
133932
133933
133934
133935
133938
133939
133940
133941
133945
133946
133948
133949
133950
133952
133953
133954
133955
133957
133958
133959
133960
133961
133962
133963
133964
133965
133966
133967
133968
133969
133970
133971
133972
133973
133974
133975
133976
133977
133978
133979
133980
133981
133983
133984
133986
133987
133989
133990
133991
133992
133993
133994
133995
133998
134001
134002
134003
134004
134005
134007
134009
134010
134011
134012
134013
134015
134016
134017
134018
134019
134020
134021
134023
134025
134027
134028
134029
134032
134033
134034
134036
134037
134039
134041
134043
134044
134045
134046
134047
134048
134049
134050
134052
134053
134054
134055
134056
134057
134059
134060
134061
134062
134064
134065
134066
134068
134069
134071
134074
134080
134081
134082
134083
134084
134085
134086
134087
134088
134089
134093
134096
134097
134098
134099
134100
134101
134102
134103
134106
134107
134108
134109
134110
134112
134113
134114
134115
134116
134117
134119
134120
134121
134123
134124
134125
134126
134127
134128
134129
134130
134131
134132
134134
134135
134136
134137
134138
134140
134141
134142
134143
134144
134145
134146
134147
134151
134153
134154
134157
134158
134159
134160
134161
134164
134167
134168
134169
134170
134171
134173
134174
134176
134179
134180
134181
134184
134185
134188
134189
134190
134191
134193
134195
134196
134197
134198
134199
134203
134204
134205
134206
134207
134209
134211
134212
134213
134214
134215
134216
134217
134218
134221
134223
134224
134225
134226
134228
134229
134230
134231
134232
134234
134235
134238
134239
134242
134243
134244
134245
134246
134247
134249
134252
134253
134254
134255
134256
134257
134258
134259
134260
134261
134262
134263
134264
134266
134267
134270
134271
134272
134273
134275
134276
134277
134278
134279
134280
134282
134283
134284
134285
134287
134288
134289
134290
134291
134292
134293
134294
134295
134296
134297
134298
134299
134300
134301
134302
134303
134305
134306
134307
134308
134311
134313
134314
134315
134316
134317
134318
134319
134320
134323
134324
134325
134327
134330
134332
134335
134337
134339
134341
134342
134343
134344
134345
134346
134347
134348
134349
134350
134351
134352
134353
134354
134356
134357
134358
134359
134360
134361
134362
134364
134365
134367
134368
134369
134372
134374
134375
134376
134377
134378
134379
134380
134383
134385
134386
134387
134388
134389
134391
134393
134395
134396
134397
134398
134399
134400
134401
134402
134404
134405
134406
134407
134408
134409
134410
134412
134414
134415
134416
134417
134418
134420
134421
134423
134426
134427
134428
134430
134431
134432
134433
134434
134436
134437
134438
134439
134442
134443
134444
134445
134446
134447
134448
134449
134450
134452
134454
134455
134456
134459
134460
134461
134462
134465
134466
134467
134469
134471
134472
134473
134475
134477
134478
134479
134480
134481
134483
134486
134487
134488
134489
134490
134492
134494
134495
134497
134500
134501
134502
134503
134505
134507
134509
134512
134514
134515
134516
134517
134518
134520
134521
134523
134524
134526
134528
134529
134530
134531
134532
134533
134534
134535
134536
134537
134538
134539
134540
134541
134543
134546
134548
134550
134551
134552
134553
134554
134556
134557
134558
134559
134565
134567
134570
134571
134572
134574
134575
134577
134578
134581
134582
134584
134587
134588
134591
134592
134593
134594
134595
134597
134599
134601
134604
134605
134606
134607
134608
134609
134610
134611
134612
134613
134616
134617
134619
134621
134624
134625
134626
134629
134630
134631
134632
134635
134637
134639
134640
134641
134643
134647
134648
134649
134651
134652
134653
134654
134655
134659
134663
134664
134665
134666
134667
134674
134675
134676
134678
134679
134680
134681
134682
134684
134685
134686
134688
134692
134693
134694
134696
134697
134698
134700
134703
134705
134707
134708
134709
134710
134711
134712
134714
134715
134716
134717
134718
134719
134721
134722
134723
134724
134726
134728
134731
134732
134733
134734
134736
134737
134738
134739
134740
134741
134742
134743
134744
134745
134747
134748
134750
134753
134755
134756
134758
134760
134761
134762
134763
134764
134765
134768
134771
134772
134773
134774
134775
134777
134778
134779
134780
134782
134783
134784
134786
134787
134788
134790
134791
134792
134793
134795
134796
134797
134798
134800
134803
134805
134806
134807
134808
134809
134810
134811
134812
134814
134815
134817
134819
134823
134824
134825
134826
134827
134828
134829
134830
134832
134833
134835
134838
134839
134840
134841
134842
134843
134846
134848
134850
134851
134853
134854
134855
134856
134857
134858
134859
134861
134862
134864
134865
134866
134868
134869
134870
134871
134873
134874
134875
134876
134877
134878
134879
134880
134881
134883
134884
134885
134886
134888
134889
134890
134891
134892
134893
134894
134895
134896
134897
134898
134899
134901
134902
134903
134904
134905
134906
134907
134908
134909
134910
134911
134912
134913
134914
134916
134918
134919
134921
134922
134924
134926
134927
134928
134929
134930
134932
134934
134935
134936
134939
134940
134942
134943
134946
134947
134949
134950
134951
134954
134955
134956
134958
134959
134960
134961
134964
134966
134967
134968
134969
134971
134972
134975
134976
134977
134978
134979
134981
134982
134983
134986
134987
134988
134989
134992
134993
134995
134996
134998
134999
135000
135001
135002
135003
135006
135008
135010
135011
135012
135013
135015
135016
135017
135019
135020
135021
135023
135025
135027
135028
135029
135030
135032
135033
135034
135035
135036
135037
135038
135039
135040
135041
135042
135043
135044
135045
135047
135048
135049
135050
135051
135052
135053
135056
135057
135060
135062
135063
135064
135065
135066
135067
135068
135072
135073
135074
135075
135078
135079
135080
135081
135082
135083
135084
135087
135089
135090
135091
135093
135095
135097
135098
135099
135101
135102
135103
135104
135106
135107
135108
135109
135110
135111
135112
135115
135117
135119
135120
135121
135123
135124
135125
135127
135128
135129
135130
135131
135133
135135
135136
135137
135139
135142
135143
135144
135147
135148
135150
135151
135156
135157
135158
135159
135160
135163
135164
135166
135167
135169
135170
135172
135174
135176
135177
135180
135181
135183
135185
135187
135188
135189
135190
135192
135193
135196
135197
135198
135200
135201
135203
135204
135206
135207
135208
135209
135210
135212
135214
135216
135218
135219
135220
135221
135222
135224
135225
135226
135227
135228
135229
135230
135234
135235
135237
135239
135243
135244
135245
135246
135247
135248
135249
135251
135254
135257
135259
135264
135265
135266
135267
135268
135269
135270
135271
135272
135274
135275
135276
135277
135278
135279
135280
135281
135282
135283
135284
135285
135286
135287
135289
135290
135291
135293
135294
135295
135296
135298
135306
135307
135308
135310
135311
135312
135315
135318
135320
135321
135322
135323
135324
135325
135326
135327
135328
135330
135331
135332
135333
135335
135337
135338
135339
135341
135342
135343
135344
135345
135347
135349
135351
135352
135353
135355
135358
135360
135361
135362
135363
135366
135367
135369
135372
135374
135375
135377
135378
135379
135380
135381
135382
135383
135385
135386
135387
135388
135389
135390
135391
135392
135393
135394
135395
135396
135397
135398
135399
135400
135402
135403
135405
135406
135407
135408
135409
135410
135413
135414
135417
135418
135419
135421
135422
135423
135424
135427
135428
135429
135431
135432
135433
135434
135435
135438
135439
135440
135441
135443
135445
135446
135447
135448
135449
135450
135453
135454
135455
135457
135458
135459
135460
135461
135463
135464
135465
135466
135467
135468
135469
135470
135471
135472
135473
135475
135476
135478
135479
135480
135481
135482
135483
135484
135485
135488
135490
135493
135494
135496
135497
135498
135501
135502
135503
135504
135505
135509
135510
135511
135512
135513
135514
135515
135516
135517
135518
135519
135521
135522
135523
135524
135525
135527
135529
135530
135531
135532
135533
135534
135535
135536
135537
135538
135541
135542
135544
135545
135546
135548
135549
135550
135551
135552
135553
135554
135555
135556
135557
135558
135559
135561
135562
135563
135565
135567
135568
135569
135572
135573
135574
135575
135576
135577
135578
135579
135580
135581
135583
135584
135588
135589
135590
135592
135595
135596
135597
135598
135599
135600
135601
135603
135606
135607
135608
135609
135610
135613
135617
135618
135621
135622
135624
135625
135627
135628
135629
135632
135633
135634
135636
135637
135638
135639
135640
135642
135644
135645
135647
135648
135650
135651
135652
135653
135654
135655
135657
135658
135659
135660
135661
135662
135663
135664
135666
135668
135669
135671
135672
135673
135677
135678
135680
135681
135682
135683
135685
135687
135688
135690
135691
135692
135693
135694
135695
135696
135697
135698
135700
135701
135702
135703
135705
135707
135708
135709
135710
135712
135713
135714
135716
135718
135719
135720
135721
135722
135723
135724
135725
135726
135729
135730
135731
135734
135735
135736
135737
135738
135739
135740
135741
135743
135745
135746
135747
135748
135750
135751
135752
135753
135755
135756
135757
135758
135759
135760
135761
135762
135763
135764
135765
135766
135767
135768
135769
135771
135772
135773
135774
135775
135776
135777
135780
135781
135782
135783
135785
135786
135787
135789
135790
135791
135793
135795
135797
135798
135800
135801
135804
135805
135806
135807
135808
135811
135814
135815
135816
135817
135818
135819
135821
135822
135823
135824
135825
135826
135827
135828
135829
135830
135831
135832
135833
135835
135836
135837
135838
135840
135841
135842
135843
135844
135845
135846
135847
135848
135849
135850
135851
135852
135853
135854
135855
135856
135857
135858
135859
135860
135863
135864
135865
135866
135867
135868
135871
135872
135874
135875
135877
135878
135880
135881
135882
135883
135884
135885
135886
135889
135890
135891
135892
135893
135894
135895
135897
135898
135899
135900
135901
135902
135904
135905
135906
135907
135911
135913
135914
135915
135916
135917
135919
135920
135921
135922
135923
135924
135925
135928
135929
135930
135931
135932
135933
135934
135935
135937
135938
135939
135940
135942
135943
135944
135947
135948
135949
135950
135953
135954
135956
135957
135959
135960
135961
135962
135963
135964
135965
135966
135967
135968
135969
135970
135971
135972
135973
135974
135976
135977
135978
135979
135981
135983
135984
135985
135986
135988
135992
135993
135995
135996
135997
135999
136000
136001
136003
136004
136006
136007
136008
136009
136010
136011
136012
136013
136014
136015
136016
136018
136020
136021
136022
136023
136024
136026
136027
136030
136031
136032
136033
136035
136036
136037
136038
136039
136041
136042
136043
136044
136045
136046
136047
136048
136049
136050
136051
136052
136053
136055
136056
136058
136059
136060
136061
136062
136063
136065
136066
136070
136072
136073
136074
136075
136076
136077
136078
136079
136080
136081
136082
136083
136085
136086
136087
136089
136090
136091
136092
136093
136094
136095
136096
136098
136099
136100
136101
136102
136104
136106
136109
136111
136112
136114
136115
136118
136119
136121
136122
136123
136125
136126
136127
136128
136129
136130
136131
136132
136133
136134
136135
136136
136137
136138
136140
136141
136142
136143
136144
136145
136146
136147
136148
136150
136151
136152
136154
136155
136156
136157
136159
136160
136161
136162
136163
136164
136165
136166
136167
136168
136169
136170
136172
136173
136174
136176
136177
136180
136181
136183
136184
136185
136187
136189
136190
136193
136194
136195
136196
136197
136200
136201
136202
136203
136205
136206
136208
136209
136210
136212
136214
136215
136216
136217
136218
136219
136220
136221
136222
136224
136225
136227
136228
136229
136230
136231
136232
136233
136234
136235
136236
136237
136238
136239
136240
136241
136242
136243
136244
136245
136246
136247
136248
136249
136250
136251
136252
136253
136255
136256
136258
136259
136260
136261
136263
136264
136266
136268
136269
136270
136271
136273
136274
136275
136276
136277
136279
136280
136281
136282
136283
136284
136286
136287
136288
136294
136295
136298
136299
136301
136302
136303
136306
136308
136309
136310
136311
136312
136313
136315
136316
136317
136318
136320
136321
136322
136323
136324
136326
136328
136329
136330
136331
136333
136336
136337
136338
136339
136340
136341
136342
136344
136348
136349
136351
136354
136357
136358
136359
136360
136363
136365
136366
136367
136369
136371
136373
136374
136375
136379
136380
136381
136383
136384
136385
136386
136388
136389
136390
136391
136392
136394
136396
136397
136398
136400
136401
136403
136404
136405
136406
136408
136409
136410
136411
136412
136413
136414
136415
136416
136417
136418
136419
136420
136422
136423
136424
136425
136428
136429
136430
136431
136432
136433
136434
136435
136436
136437
136438
136439
136442
136443
136444
136445
136446
136447
136449
136450
136451
136452
136453
136454
136456
136457
136458
136459
136462
136464
136465
136466
136468
136471
136473
136474
136476
136477
136479
136480
136481
136482
136483
136484
136487
136488
136490
136491
136493
136494
136495
136497
136498
136499
136500
136502
136503
136504
136505
136506
136507
136512
136513
136515
136516
136517
136518
136519
136520
136521
136522
136523
136525
136526
136527
136529
136530
136531
136532
136534
136535
136537
136540
136544
136546
136547
136549
136551
136553
136556
136558
136559
136560
136561
136562
136565
136566
136567
136569
136570
136572
136573
136574
136575
136576
136577
136578
136579
136580
136581
136584
136585
136586
136587
136588
136590
136591
136592
136593
136594
136595
136596
136597
136598
136600
136601
136602
136603
136604
136605
136606
136607
136609
136610
136611
136612
136613
136615
136619
136621
136623
136625
136627
136628
136632
136636
136638
136639
136640
136641
136642
136643
136644
136645
136646
136647
136648
136649
136650
136651
136654
136656
136657
136658
136660
136662
136664
136665
136666
136667
136669
136670
136671
136672
136673
136674
136676
136677
136678
136679
136680
136682
136684
136685
136686
136687
136689
136691
136693
136694
136695
136700
136702
136703
136704
136705
136706
136707
136708
136709
136711
136712
136715
136718
136719
136720
136721
136722
136725
136728
136729
136734
136735
136736
136737
136738
136739
136742
136743
136744
136750
136751
136752
136756
136757
136758
136759
136760
136762
136763
136764
136765
136766
136767
136768
136769
136771
136775
136776
136777
136779
136780
136782
136783
136784
136786
136787
136788
136789
136790
136791
136792
136794
136796
136797
136798
136799
136800
136802
136803
136804
136805
136806
136807
136809
136812
136815
136816
136817
136820
136821
136822
136823
136826
136827
136828
136829
136830
136831
136832
136833
136834
136835
136837
136843
136844
136845
136846
136847
136848
136850
136852
136853
136854
136855
136856
136857
136858
136859
136860
136861
136863
136864
136865
136866
136867
136868
136870
136871
136873
136875
136876
136877
136878
136879
136881
136882
136883
136884
136885
136886
136887
136888
136889
136890
136891
136892
136893
136894
136895
136896
136898
136899
136901
136902
136903
136904
136905
136906
136907
136908
136911
136912
136913
136914
136915
136916
136918
136921
136922
136924
136925
136927
136928
136929
136930
136931
136932
136935
136936
136937
136938
136940
136941
136942
136943
136944
136945
136948
136949
136950
136952
136955
136956
136957
136959
136960
136963
136965
136967
136968
136970
136971
136972
136973
136975
136976
136977
136978
136979
136980
136984
136986
136987
136991
136992
136994
136996
136998
136999
137000
137001
137002
137003
137006
137007
137009
137010
137011
137012
137013
137014
137015
137016
137017
137018
137019
137020
137021
137025
137026
137028
137029
137031
137033
137034
137036
137039
137041
137042
137046
137047
137050
137054
137056
137058
137059
137060
137061
137063
137065
137067
137068
137070
137071
137072
137074
137075
137076
137079
137080
137081
137082
137083
137085
137086
137087
137088
137089
137090
137091
137092
137093
137094
137095
137097
137098
137100
137101
137102
137103
137105
137106
137107
137109
137110
137112
137113
137114
137115
137116
137117
137119
137121
137122
137123
137124
137127
137131
137133
137134
137135
137136
137137
137138
137139
137141
137142
137144
137145
137146
137148
137149
137150
137151
137152
137153
137154
137155
137156
137157
137160
137161
137162
137163
137164
137165
137167
137168
137171
137172
137173
137176
137177
137178
137179
137180
137181
137182
137183
137185
137186
137188
137189
137190
137192
137193
137194
137195
137196
137197
137200
137201
137202
137203
137204
137205
137207
137208
137209
137210
137211
137212
137213
137214
137215
137216
137218
137219
137220
137222
137223
137224
137225
137226
137227
137228
137229
137230
137231
137232
137233
137234
137235
137236
137237
137241
137242
137244
137245
137246
137247
137248
137249
137250
137251
137252
137253
137255
137256
137257
137258
137259
137260
137262
137263
137264
137265
137266
137267
137268
137270
137271
137272
137274
137276
137277
137278
137279
137280
137281
137283
137284
137285
137286
137287
137288
137289
137290
137291
137292
137296
137299
137301
137303
137304
137306
137307
137308
137309
137311
137312
137314
137315
137317
137319
137320
137321
137322
137323
137324
137326
137327
137328
137329
137330
137332
137334
137335
137337
137338
137339
137340
137343
137344
137345
137347
137348
137350
137351
137352
137353
137354
137355
137356
137357
137359
137361
137362
137363
137364
137366
137367
137368
137369
137370
137372
137373
137374
137375
137376
137377
137378
137380
137381
137382
137383
137384
137385
137386
137388
137389
137390
137391
137392
137394
137395
137396
137398
137399
137400
137401
137402
137403
137404
137405
137406
137408
137409
137411
137412
137413
137414
137415
137416
137417
137418
137419
137421
137422
137423
137424
137425
137426
137428
137429
137430
137431
137432
137433
137434
137437
137438
137439
137440
137441
137442
137443
137446
137447
137448
137449
137450
137451
137452
137453
137454
137455
137456
137457
137458
137459
137460
137461
137462
137463
137464
137465
137467
137468
137469
137470
137471
137473
137474
137475
137476
137477
137478
137479
137480
137481
137482
137485
137486
137487
137488
137489
137491
137492
137494
137495
137496
137497
137498
137499
137500
137501
137502
137503
137506
137507
137508
137509
137510
137511
137513
137514
137516
137517
137519
137520
137521
137522
137524
137526
137527
137528
137530
137531
137532
137533
137534
137536
137539
137540
137541
137542
137543
137544
137546
137547
137548
137549
137551
137553
137556
137559
137561
137563
137564
137565
137568
137569
137570
137571
137572
137573
137574
137575
137576
137578
137579
137580
137581
137583
137585
137586
137588
137589
137590
137591
137592
137594
137596
137597
137599
137601
137602
137603
137606
137607
137608
137609
137610
137611
137612
137613
137614
137615
137616
137618
137619
137621
137622
137623
137624
137625
137627
137629
137630
137631
137632
137634
137635
137636
137637
137638
137639
137640
137641
137642
137644
137645
137647
137648
137649
137650
137651
137652
137653
137658
137659
137660
137661
137662
137664
137665
137666
137667
137669
137670
137673
137674
137678
137682
137686
137687
137688
137689
137690
137691
137692
137694
137695
137697
137698
137699
137700
137701
137702
137704
137705
137708
137709
137710
137711
137712
137713
137714
137715
137717
137718
137721
137723
137724
137726
137728
137730
137731
137733
137734
137735
137736
137738
137739
137741
137745
137746
137749
137750
137751
137752
137753
137754
137756
137757
137758
137759
137760
137761
137762
137763
137765
137766
137768
137769
137771
137773
137775
137777
137778
137779
137780
137781
137782
137784
137785
137786
137787
137788
137790
137792
137794
137795
137797
137798
137803
137804
137807
137808
137809
137810
137811
137812
137816
137818
137819
137820
137821
137822
137824
137825
137826
137829
137833
137834
137835
137836
137837
137838
137840
137841
137842
137843
137844
137846
137847
137848
137849
137850
137851
137852
137853
137854
137855
137856
137858
137859
137860
137861
137862
137864
137865
137868
137872
137873
137874
137875
137876
137877
137878
137880
137881
137883
137884
137885
137886
137887
137888
137889
137890
137891
137892
137893
137894
137896
137897
137898
137900
137901
137902
137903
137904
137905
137908
137909
137910
137912
137913
137914
137915
137916
137917
137918
137919
137921
137922
137923
137927
137928
137929
137933
137934
137936
137937
137938
137939
137940
137942
137943
137946
137948
137949
137950
137951
137953
137955
137956
137957
137958
137959
137961
137962
137963
137964
137967
137968
137969
137971
137974
137975
137977
137979
137980
137981
137984
137988
137989
137990
137991
137992
137993
137995
137999
138001
138002
138003
138005
138006
138007
138009
138010
138011
138012
138014
138015
138016
138017
138019
138022
138023
138024
138025
138026
138027
138028
138029
138030
138032
138033
138036
138037
138039
138040
138042
138044
138046
138047
138048
138049
138051
138053
138054
138055
138056
138057
138058
138059
138060
138061
138063
138064
138065
138066
138068
138069
138071
138072
138073
138074
138076
138078
138080
138081
138083
138084
138085
138087
138088
138089
138092
138093
138094
138096
138097
138098
138099
138101
138102
138103
138105
138106
138107
138109
138110
138112
138114
138116
138117
138119
138122
138126
138128
138129
138130
138131
138134
138135
138137
138138
138139
138140
138141
138144
138145
138146
138147
138149
138150
138151
138152
138153
138156
138158
138159
138162
138163
138164
138166
138167
138168
138170
138171
138173
138174
138176
138177
138179
138180
138181
138182
138183
138185
138187
138189
138193
138194
138196
138199
138201
138202
138203
138204
138208
138210
138211
138212
138213
138214
138215
138217
138218
138219
138220
138221
138222
138223
138224
138225
138227
138228
138229
138230
138231
138232
138233
138234
138235
138236
138238
138239
138240
138241
138243
138244
138245
138246
138248
138249
138250
138251
138252
138254
138255
138257
138261
138262
138263
138264
138265
138266
138268
138269
138270
138271
138273
138274
138275
138277
138278
138279
138280
138281
138282
138284
138285
138286
138287
138288
138290
138291
138292
138294
138295
138296
138298
138300
138301
138302
138303
138304
138306
138307
138310
138311
138312
138313
138314
138315
138316
138317
138318
138319
138320
138322
138327
138328
138330
138331
138332
138334
138335
138336
138337
138339
138341
138342
138344
138345
138346
138347
138348
138349
138351
138353
138355
138358
138360
138361
138363
138364
138365
138366
138367
138368
138370
138371
138372
138374
138375
138378
138381
138382
138383
138384
138386
138388
138389
138390
138391
138392
138393
138394
138395
138397
138398
138399
138400
138401
138403
138406
138409
138413
138414
138415
138416
138417
138419
138420
138421
138422
138423
138424
138425
138426
138427
138428
138430
138433
138434
138435
138436
138438
138439
138440
138441
138443
138445
138446
138447
138448
138449
138451
138452
138453
138454
138455
138456
138457
138458
138461
138462
138464
138466
138467
138468
138470
138471
138472
138473
138475
138476
138477
138478
138479
138481
138486
138488
138490
138492
138493
138496
138497
138499
138500
138501
138503
138504
138505
138506
138507
138509
138510
138511
138512
138513
138515
138516
138517
138518
138519
138520
138527
138528
138529
138530
138531
138532
138533
138535
138536
138540
138541
138542
138543
138544
138545
138546
138547
138550
138551
138552
138554
138555
138556
138557
138558
138560
138561
138562
138563
138564
138565
138566
138567
138570
138571
138572
138573
138575
138576
138577
138578
138580
138581
138582
138583
138584
138585
138586
138587
138588
138590
138593
138594
138595
138597
138599
138601
138602
138603
138604
138605
138606
138607
138608
138609
138610
138611
138613
138614
138615
138618
138620
138621
138623
138624
138625
138626
138627
138630
138631
138632
138633
138634
138635
138636
138637
138638
138640
138641
138642
138643
138644
138645
138646
138647
138648
138649
138650
138651
138652
138653
138654
138655
138656
138657
138660
138661
138664
138665
138667
138669
138670
138671
138672
138673
138674
138675
138676
138677
138678
138680
138681
138683
138684
138685
138686
138687
138688
138689
138691
138692
138694
138695
138696
138697
138698
138699
138700
138701
138702
138703
138704
138707
138708
138709
138711
138712
138715
138717
138719
138720
138721
138722
138724
138725
138726
138729
138730
138731
138733
138737
138738
138739
138740
138741
138745
138748
138750
138752
138753
138755
138756
138757
138759
138761
138762
138763
138764
138765
138766
138767
138768
138769
138770
138772
138773
138775
138776
138777
138778
138779
138780
138781
138782
138783
138784
138785
138786
138787
138788
138789
138792
138793
138794
138795
138798
138799
138802
138803
138804
138806
138807
138808
138810
138812
138814
138816
138817
138818
138820
138823
138824
138825
138827
138828
138829
138831
138832
138833
138834
138835
138836
138837
138838
138840
138841
138842
138844
138845
138848
138849
138850
138853
138854
138855
138856
138858
138860
138861
138862
138864
138866
138867
138870
138871
138872
138873
138874
138876
138878
138879
138880
138881
138882
138884
138885
138886
138887
138888
138889
138890
138891
138892
138894
138895
138896
138897
138898
138899
138900
138901
138902
138905
138906
138907
138909
138910
138912
138913
138914
138915
138916
138917
138918
138919
138920
138921
138922
138923
138924
138926
138927
138928
138929
138930
138931
138932
138933
138934
138936
138938
138939
138940
138941
138942
138943
138944
138945
138946
138949
138950
138951
138952
138953
138954
138955
138956
138957
138958
138959
138960
138961
138962
138963
138964
138965
138966
138967
138969
138972
138973
138974
138975
138979
138980
138982
138984
138985
138986
138987
138988
138989
138990
138991
138993
138994
138995
138996
138997
138998
138999
139000
139001
139002
139003
139006
139007
139008
139010
139011
139012
139014
139016
139018
139019
139020
139021
139022
139023
139024
139025
139026
139027
139028
139029
139030
139031
139032
139034
139036
139037
139038
139039
139040
139041
139042
139043
139044
139045
139048
139049
139052
139053
139054
139055
139057
139058
139059
139061
139062
139063
139064
139065
139066
139067
139068
139069
139070
139071
139072
139073
139074
139075
139076
139077
139078
139079
139084
139085
139086
139087
139088
139090
139091
139092
139093
139094
139098
139099
139100
139102
139103
139104
139105
139107
139108
139109
139110
139111
139114
139115
139117
139122
139123
139124
139125
139127
139128
139129
139130
139131
139132
139134
139135
139136
139137
139138
139139
139140
139141
139142
139143
139145
139146
139147
139149
139150
139151
139153
139154
139156
139157
139159
139160
139161
139164
139165
139166
139167
139170
139172
139173
139175
139177
139178
139180
139181
139183
139184
139186
139187
139188
139189
139190
139191
139192
139193
139195
139197
139198
139199
139200
139201
139203
139204
139205
139206
139207
139210
139212
139213
139214
139215
139216
139217
139218
139219
139220
139221
139222
139223
139224
139225
139226
139227
139228
139229
139230
139231
139232
139233
139234
139235
139236
139237
139239
139241
139242
139244
139245
139246
139247
139248
139249
139251
139253
139254
139255
139257
139258
139259
139260
139261
139262
139264
139265
139266
139267
139268
139269
139270
139271
139273
139274
139277
139278
139279
139281
139282
139283
139284
139285
139286
139287
139290
139293
139294
139295
139296
139298
139299
139300
139301
139302
139304
139305
139306
139307
139309
139310
139311
139313
139314
139315
139317
139318
139320
139322
139323
139324
139325
139326
139327
139328
139329
139330
139331
139332
139334
139335
139336
139338
139341
139342
139343
139344
139346
139347
139348
139349
139351
139353
139355
139357
139358
139360
139361
139362
139364
139365
139367
139368
139369
139371
139372
139375
139376
139377
139379
139380
139381
139382
139383
139386
139387
139388
139389
139390
139391
139392
139393
139395
139396
139397
139398
139399
139400
139401
139402
139403
139405
139406
139408
139409
139410
139412
139413
139415
139416
139417
139418
139419
139421
139422
139423
139424
139426
139427
139428
139429
139431
139432
139433
139435
139436
139438
139439
139441
139442
139443
139444
139445
139447
139449
139450
139453
139454
139455
139456
139458
139459
139460
139461
139463
139464
139465
139466
139467
139469
139470
139471
139472
139473
139474
139477
139479
139480
139482
139483
139484
139485
139486
139489
139490
139491
139492
139493
139494
139495
139497
139498
139501
139502
139503
139504
139507
139508
139509
139510
139511
139512
139513
139514
139516
139517
139518
139520
139521
139522
139524
139525
139526
139527
139529
139530
139531
139532
139533
139534
139536
139537
139539
139540
139541
139542
139543
139544
139546
139548
139549
139550
139551
139552
139554
139555
139557
139559
139561
139563
139564
139565
139566
139569
139571
139572
139574
139575
139576
139577
139581
139582
139583
139584
139585
139592
139593
139595
139596
139597
139599
139600
139602
139604
139605
139606
139608
139609
139610
139611
139612
139613
139616
139617
139619
139623
139624
139625
139626
139628
139629
139630
139631
139632
139633
139634
139636
139637
139638
139640
139641
139642
139643
139644
139646
139647
139648
139649
139650
139651
139652
139653
139654
139656
139657
139658
139659
139660
139662
139663
139664
139665
139666
139667
139668
139669
139670
139672
139673
139674
139675
139677
139678
139679
139681
139682
139683
139686
139687
139688
139689
139690
139691
139693
139696
139697
139698
139701
139702
139707
139709
139710
139713
139714
139718
139722
139724
139728
139729
139730
139731
139734
139736
139737
139739
139741
139742
139743
139744
139745
139746
139747
139749
139750
139752
139753
139754
139755
139756
139757
139758
139759
139760
139761
139763
139764
139767
139768
139770
139771
139772
139773
139777
139778
139779
139780
139782
139783
139784
139785
139786
139787
139788
139789
139791
139792
139793
139795
139799
139800
139805
139806
139809
139810
139812
139814
139815
139819
139820
139821
139822
139826
139828
139830
139831
139832
139833
139834
139835
139836
139837
139840
139841
139843
139845
139846
139847
139848
139851
139853
139854
139856
139857
139858
139860
139861
139863
139864
139866
139869
139870
139871
139872
139874
139875
139876
139879
139880
139881
139883
139884
139886
139887
139889
139891
139892
139894
139897
139898
139900
139901
139903
139904
139905
139906
139907
139908
139909
139910
139911
139912
139913
139914
139915
139921
139923
139924
139925
139927
139929
139931
139934
139936
139937
139938
139939
139941
139942
139943
139944
139945
139947
139948
139949
139951
139952
139954
139956
139957
139958
139959
139960
139961
139963
139965
139966
139967
139968
139972
139973
139974
139975
139978
139980
139982
139983
139984
139985
139987
139989
139990
139992
139993
139994
139995
139996
139998
140002
140003
140004
140006
140007
140010
140012
140015
140016
140017
140018
140019
140020
140021
140022
140026
140027
140029
140030
140031
140032
140033
140034
140035
140037
140038
140040
140042
140044
140045
140047
140048
140049
140050
140051
140052
140055
140056
140057
140058
140059
140062
140063
140064
140065
140066
140069
140071
140072
140073
140074
140078
140079
140080
140081
140082
140084
140085
140088
140089
140092
140093
140094
140096
140097
140099
140100
140101
140102
140103
140104
140105
140106
140107
140108
140110
140111
140113
140116
140117
140118
140119
140120
140123
140126
140127
140129
140130
140132
140133
140134
140135
140136
140138
140139
140140
140142
140143
140144
140145
140146
140150
140152
140154
140159
140160
140161
140162
140164
140165
140166
140167
140168
140169
140170
140171
140172
140173
140174
140175
140177
140178
140180
140181
140182
140184
140185
140187
140189
140190
140191
140192
140194
140195
140196
140197
140198
140200
140201
140202
140204
140205
140206
140208
140209
140210
140212
140213
140214
140215
140217
140218
140219
140221
140223
140224
140225
140226
140227
140229
140230
140231
140232
140235
140236
140239
140240
140242
140244
140245
140246
140247
140248
140251
140253
140255
140257
140258
140260
140262
140263
140264
140266
140268
140269
140270
140271
140273
140274
140276
140278
140280
140283
140284
140285
140287
140290
140291
140292
140293
140294
140298
140299
140303
140304
140305
140306
140307
140308
140309
140315
140316
140317
140318
140320
140322
140323
140324
140325
140326
140327
140329
140332
140334
140335
140336
140338
140339
140341
140343
140346
140347
140348
140349
140352
140353
140354
140355
140356
140357
140358
140359
140360
140362
140363
140364
140365
140366
140367
140368
140369
140370
140373
140374
140376
140379
140380
140382
140383
140385
140387
140388
140389
140390
140391
140393
140394
140397
140400
140401
140402
140403
140404
140406
140407
140408
140409
140410
140411
140412
140413
140415
140416
140417
140418
140419
140421
140422
140424
140425
140426
140429
140430
140433
140434
140435
140437
140438
140439
140440
140441
140442
140443
140444
140445
140446
140447
140449
140450
140451
140453
140454
140458
140459
140462
140464
140465
140466
140468
140469
140470
140473
140474
140476
140478
140479
140481
140482
140483
140486
140487
140488
140491
140492
140494
140495
140496
140497
140498
140500
140501
140502
140504
140505
140506
140507
140510
140513
140514
140516
140518
140519
140523
140524
140525
140526
140527
140528
140529
140532
140533
140534
140535
140536
140537
140539
140540
140542
140543
140544
140546
140548
140551
140552
140553
140554
140555
140556
140559
140561
140562
140563
140565
140566
140568
140569
140570
140572
140573
140574
140575
140576
140577
140578
140580
140581
140584
140585
140586
140587
140591
140593
140594
140595
140596
140597
140598
140599
140604
140605
140606
140607
140609
140611
140612
140613
140614
140615
140616
140617
140618
140619
140620
140624
140625
140627
140629
140631
140632
140633
140635
140637
140640
140641
140642
140644
140645
140647
140648
140649
140650
140651
140652
140653
140654
140656
140657
140658
140659
140660
140662
140663
140664
140665
140666
140671
140673
140675
140676
140680
140681
140682
140683
140685
140686
140687
140688
140689
140693
140694
140697
140698
140700
140701
140702
140703
140704
140706
140708
140709
140710
140711
140714
140715
140716
140719
140721
140722
140725
140727
140731
140733
140734
140735
140736
140737
140738
140739
140740
140741
140744
140745
140746
140748
140749
140752
140754
140756
140757
140761
140762
140763
140764
140765
140766
140767
140768
140769
140770
140771
140772
140774
140775
140776
140780
140782
140783
140784
140785
140786
140787
140790
140792
140793
140794
140795
140796
140797
140799
140800
140803
140804
140806
140807
140811
140812
140813
140814
140815
140816
140817
140818
140819
140821
140822
140824
140825
140826
140827
140828
140830
140831
140834
140835
140836
140837
140839
140840
140842
140843
140844
140848
140849
140850
140851
140852
140854
140855
140858
140860
140861
140866
140867
140868
140869
140870
140871
140875
140876
140878
140879
140880
140882
140883
140885
140886
140887
140888
140889
140892
140894
140895
140896
140897
140898
140899
140900
140904
140905
140906
140907
140908
140909
140910
140911
140912
140914
140915
140916
140917
140918
140919
140921
140922
140923
140924
140925
140926
140927
140929
140931
140933
140934
140937
140938
140939
140940
140941
140942
140944
140945
140946
140947
140948
140949
140950
140951
140952
140954
140956
140958
140960
140962
140963
140964
140970
140971
140975
140976
140978
140979
140980
140981
140982
140984
140985
140986
140987
140988
140989
140990
140992
140994
140995
140996
140997
140998
140999
141000
141001
141002
141003
141006
141007
141008
141010
141011
141014
141015
141016
141017
141019
141020
141022
141024
141026
141027
141028
141030
141031
141032
141033
141034
141036
141037
141038
141041
141042
141043
141044
141045
141047
141048
141049
141050
141057
141059
141060
141062
141063
141066
141068
141069
141070
141071
141072
141074
141076
141077
141082
141084
141087
141088
141089
141090
141092
141093
141095
141098
141099
141101
141103
141104
141105
141106
141107
141109
141110
141111
141112
141113
141114
141115
141117
141118
141119
141120
141121
141122
141123
141124
141125
141127
141129
141130
141132
141135
141136
141138
141140
141145
141146
141147
141148
141149
141150
141151
141152
141153
141155
141156
141157
141158
141159
141160
141163
141164
141165
141166
141169
141170
141171
141172
141173
141174
141175
141176
141177
141178
141182
141183
141185
141186
141187
141188
141191
141192
141193
141194
141196
141197
141198
141199
141200
141201
141202
141206
141207
141208
141209
141210
141211
141212
141213
141215
141217
141218
141219
141221
141222
141223
141224
141225
141229
141230
141231
141232
141233
141234
141235
141237
141239
141242
141243
141244
141245
141247
141248
141250
141251
141253
141254
141258
141259
141260
141262
141264
141265
141271
141272
141273
141275
141276
141277
141278
141280
141281
141282
141283
141286
141290
141291
141292
141294
141295
141296
141298
141299
141300
141301
141303
141306
141309
141310
141311
141312
141313
141314
141316
141319
141323
141324
141325
141326
141327
141328
141330
141331
141333
141334
141335
141340
141341
141343
141345
141346
141349
141350
141352
141353
141357
141358
141361
141362
141363
141367
141370
141371
141372
141373
141375
141378
141379
141380
141382
141384
141385
141386
141388
141389
141390
141391
141392
141394
141395
141396
141397
141400
141401
141406
141407
141408
141411
141412
141413
141415
141416
141420
141421
141422
141423
141425
141433
141434
141436
141437
141439
141441
141442
141443
141445
141446
141448
141450
141451
141452
141453
141454
141455
141456
141457
141458
141460
141461
141467
141468
141470
141471
141472
141473
141474
141476
141477
141478
141481
141485
141486
141487
141489
141492
141493
141496
141499
141500
141501
141503
141505
141506
141507
141508
141509
141510
141512
141516
141517
141518
141519
141520
141522
141528
141532
141535
141536
141537
141538
141539
141540
141541
141542
141543
141545
141546
141547
141548
141549
141550
141551
141552
141553
141554
141555
141556
141558
141559
141561
141562
141563
141564
141565
141566
141567
141568
141569
141570
141571
141572
141574
141575
141576
141578
141579
141580
141581
141582
141583
141587
141588
141589
141590
141591
141592
141594
141596
141597
141598
141599
141600
141603
141604
141606
141607
141608
141609
141610
141611
141612
141613
141615
141616
141617
141618
141619
141620
141621
141622
141623
141624
141625
141626
141627
141628
141630
141631
141632
141633
141634
141635
141636
141637
141639
141640
141641
141642
141643
141644
141645
141646
141647
141649
141650
141651
141652
141653
141654
141655
141656
141657
141658
141659
141660
141661
141662
141663
141664
141665
141666
141667
141668
141669
141671
141672
141673
141674
141675
141676
141677
141678
141679
141680
141681
141682
141683
141684
141685
141686
141687
141688
141689
141692
141694
141695
141697
141698
141699
141700
141702
141703
141704
141705
141706
141707
141708
141709
141710
141711
141712
141713
141714
141715
141716
141718
141719
141720
141722
141723
141724
141725
141727
141728
141729
141730
141731
141732
141734
141735
141736
141737
141738
141739
141740
141741
141747
141748
141749
141750
141752
141753
141754
141755
141756
141758
141759
141760
141764
141769
141772
141774
141775
141776
141777
141780
141781
141784
141785
141786
141789
141790
141791
141792
141793
141794
141795
141797
141798
141799
141801
141804
141805
141806
141807
141809
141810
141812
141813
141814
141815
141817
141818
141821
141822
141823
141824
141826
141827
141828
141829
141830
141831
141832
141833
141834
141836
141837
141838
141841
141843
141845
141846
141847
141848
141849
141850
141852
141853
141854
141855
141856
141857
141860
141862
141865
141868
141876
141878
141881
141882
141883
141884
141887
141893
141894
141895
141898
141899
141900
141901
141902
141903
141904
141905
141906
141907
141908
141909
141910
141911
141912
141915
141916
141917
141918
141920
141921
141925
141927
141928
141930
141931
141933
141934
141935
141937
141940
141941
141943
141944
141945
141946
141947
141948
141949
141950
141951
141955
141956
141957
141959
141960
141964
141966
141967
141969
141971
141973
141974
141976
141978
141979
141981
141982
141983
141984
141986
141987
141988
141989
141991
141994
141995
141997
142002
142003
142004
142007
142009
142010
142011
142012
142014
142015
142016
142017
142018
142020
142021
142022
142023
142024
142025
142026
142027
142029
142030
142031
142033
142035
142036
142037
142038
142039
142041
142043
142045
142046
142047
142048
142049
142051
142056
142057
142059
142062
142065
142067
142069
142072
142073
142074
142075
142076
142077
142078
142080
142081
142083
142086
142087
142088
142089
142090
142092
142094
142096
142097
142098
142101
142102
142103
142104
142105
142107
142108
142109
142110
142111
142114
142115
142116
142118
142119
142121
142122
142123
142124
142127
142128
142129
142130
142132
142134
142135
142136
142138
142139
142141
142142
142144
142146
142148
142149
142151
142152
142155
142156
142157
142158
142159
142162
142163
142164
142167
142168
142170
142171
142172
142173
142176
142177
142178
142182
142184
142186
142190
142191
142192
142193
142194
142196
142197
142199
142200
142201
142202
142203
142204
142205
142207
142209
142212
142213
142215
142216
142217
142219
142220
142221
142223
142224
142225
142226
142227
142229
142230
142231
142232
142233
142234
142236
142237
142238
142239
142240
142242
142244
142245
142246
142248
142249
142250
142251
142252
142253
142254
142255
142256
142257
142258
142259
142261
142262
142263
142265
142266
142267
142268
142270
142271
142272
142274
142276
142277
142279
142280
142281
142282
142283
142284
142286
142287
142288
142290
142291
142293
142294
142295
142296
142299
142302
142303
142304
142306
142308
142309
142310
142311
142312
142314
142315
142317
142318
142321
142322
142323
142324
142326
142327
142330
142331
142333
142337
142338
142340
142342
142344
142347
142349
142350
142351
142352
142353
142354
142355
142356
142358
142359
142360
142362
142363
142366
142367
142368
142369
142370
142371
142372
142373
142374
142375
142376
142377
142378
142379
142380
142382
142384
142385
142387
142388
142389
142390
142391
142392
142393
142397
142398
142399
142401
142403
142404
142405
142406
142407
142408
142410
142411
142412
142413
142414
142415
142416
142417
142418
142419
142420
142422
142424
142426
142427
142430
142431
142433
142435
142436
142437
142439
142440
142442
142443
142444
142446
142447
142448
142449
142450
142451
142452
142453
142454
142456
142457
142460
142461
142462
142463
142465
142466
142467
142468
142469
142471
142473
142474
142475
142476
142477
142478
142479
142480
142481
142483
142484
142486
142487
142488
142491
142492
142494
142496
142498
142499
142500
142501
142502
142503
142504
142505
142506
142507
142509
142510
142511
142513
142514
142516
142517
142518
142519
142520
142521
142522
142524
142525
142526
142527
142528
142530
142531
142532
142533
142534
142535
142536
142538
142539
142540
142542
142543
142546
142547
142548
142549
142552
142553
142556
142557
142562
142565
142566
142569
142570
142571
142572
142573
142574
142576
142578
142579
142580
142582
142583
142584
142585
142586
142587
142588
142589
142590
142591
142592
142596
142598
142600
142602
142603
142604
142606
142609
142610
142613
142614
142615
142616
142617
142618
142619
142620
142621
142622
142623
142624
142625
142626
142627
142628
142629
142630
142631
142633
142634
142635
