384020
384021
384022
384023
384024
384025
384026
384027
384028
384029
384030
384032
384034
384037
384038
384039
384040
384041
384042
384043
384044
384045
384046
384047
384048
384049
384050
384051
384052
384054
384055
384057
384058
384059
384060
384061
384064
384065
384066
384067
384068
384070
384071
384073
384074
384076
384077
384079
384080
384081
384082
384083
384084
384087
384088
384089
384090
384091
384092
384093
384095
384096
384097
384098
384099
384100
384102
384103
384104
384105
384107
384108
384109
384110
384111
384112
384113
384114
384115
384116
384117
384118
384120
384121
384123
384124
384125
384126
384128
384129
384130
384131
384133
384134
384135
384136
384137
384138
384139
384141
384142
384148
384149
384150
384152
384153
384155
384156
384158
384159
384160
384161
384162
384163
384164
384165
384166
384167
384168
384171
384172
384173
384174
384175
384176
384177
384178
384179
384180
384182
384185
384186
384187
384188
384190
384193
384196
384198
384199
384200
384201
384202
384203
384204
384205
384206
384208
384209
384211
384212
384213
384216
384217
384218
384219
384221
384222
384223
384225
384226
384228
384229
384230
384232
384233
384234
384235
384236
384237
384238
384240
384241
384243
384244
384245
384246
384248
384249
384251
384252
384253
384255
384256
384257
384259
384260
384262
384263
384264
384265
384266
384272
384273
384274
384275
384276
384277
384278
384279
384280
384282
384283
384284
384285
384287
384288
384289
384290
384291
384292
384294
384295
384296
384297
384299
384300
384301
384302
384304
384305
384306
384308
384309
384310
384311
384312
384313
384315
384317
384319
384320
384321
384322
384323
384325
384326
384327
384329
384330
384331
384332
384333
384334
384335
384336
384337
384339
384340
384341
384344
384345
384346
384347
384348
384350
384351
384353
384356
384357
384358
384359
384362
384364
384365
384366
384367
384368
384369
384370
384371
384372
384373
384374
384375
384376
384377
384378
384379
384380
384383
384384
384385
384386
384387
384388
384390
384392
384393
384394
384395
384398
384399
384400
384401
384402
384407
384408
384409
384410
384411
384414
384416
384417
384418
384419
384420
384421
384422
384423
384424
384426
384427
384428
384429
384430
384431
384433
384435
384436
384437
384439
384440
384441
384442
384444
384445
384447
384448
384449
384450
384451
384452
384453
384454
384455
384456
384457
384458
384459
384460
384462
384463
384464
384465
384466
384467
384468
384469
384470
384471
384472
384473
384474
384476
384477
384478
384479
384480
384482
384484
384485
384486
384487
384488
384489
384490
384491
384494
384496
384499
384500
384501
384502
384503
384505
384506
384507
384509
384510
384511
384513
384514
384516
384518
384519
384520
384521
384522
384523
384524
384525
384526
384527
384528
384530
384531
384532
384533
384534
384535
384538
384539
384540
384542
384543
384544
384545
384547
384548
384549
384550
384551
384552
384554
384555
384557
384558
384559
384561
384562
384564
384565
384566
384567
384568
384569
384570
384572
384573
384574
384575
384576
384577
384578
384579
384584
384586
384588
384589
384590
384591
384592
384593
384595
384596
384598
384601
384605
384607
384608
384609
384610
384611
384613
384614
384615
384616
384617
384618
384619
384620
384621
384622
384623
384624
384626
384627
384628
384629
384630
384631
384632
384634
384635
384636
384637
384639
384640
384641
384642
384645
384646
384647
384648
384649
384651
384652
384653
384654
384655
384656
384657
384658
384659
384661
384662
384663
384664
384665
384666
384667
384669
384670
384671
384672
384673
384674
384676
384677
384678
384679
384681
384683
384684
384685
384686
384687
384688
384689
384690
384691
384692
384695
384696
384697
384698
384699
384702
384703
384705
384706
384707
384709
384711
384712
384713
384714
384715
384716
384717
384718
384720
384722
384724
384725
384726
384727
384728
384729
384730
384731
384733
384734
384735
384736
384737
384739
384740
384741
384742
384743
384744
384745
384746
384747
384749
384750
384751
384752
384756
384757
384758
384761
384762
384763
384765
384766
384768
384769
384770
384771
384773
384775
384778
384779
384780
384781
384782
384784
384785
384786
384787
384788
384789
384790
384791
384792
384793
384795
384796
384797
384798
384800
384802
384804
384805
384806
384807
384811
384812
384813
384815
384816
384817
384818
384819
384820
384821
384822
384823
384824
384827
384828
384829
384830
384831
384834
384836
384839
384840
384841
384842
384843
384844
384847
384848
384849
384850
384852
384853
384854
384855
384856
384857
384858
384859
384861
384864
384865
384866
384870
384871
384873
384874
384875
384876
384878
384879
384880
384881
384882
384883
384884
384885
384887
384888
384889
384890
384891
384892
384893
384894
384895
384896
384897
384898
384899
384900
384901
384903
384904
384906
384907
384908
384909
384911
384913
384915
384918
384920
384922
384924
384925
384926
384928
384929
384931
384932
384934
384935
384937
384938
384939
384940
384941
384942
384943
384944
384946
384947
384948
384949
384951
384952
384953
384955
384956
384957
384958
384959
384960
384961
384962
384963
384964
384965
384966
384967
384968
384972
384973
384979
384980
384981
384983
384984
384985
384986
384987
384988
384989
384990
384992
384993
384995
384996
384999
385000
385001
385002
385003
385005
385008
385010
385012
385013
385015
385016
385017
385018
385020
385021
385023
385024
385026
385028
385029
385030
385031
385032
385033
385034
385035
385037
385039
385040
385041
385042
385043
385045
385047
385048
385049
385050
385051
385053
385055
385056
385057
385059
385061
385062
385063
385065
385066
385067
385068
385069
385070
385071
385072
385073
385074
385075
385076
385077
385078
385079
385080
385082
385083
385084
385085
385086
385087
385088
385089
385090
385092
385093
385095
385096
385097
385098
385099
385100
385102
385103
385104
385105
385106
385108
385109
385110
385111
385112
385113
385114
385115
385116
385117
385121
385122
385123
385124
385127
385128
385130
385131
385133
385134
385135
385136
385137
385139
385141
385142
385143
385144
385145
385146
385147
385149
385150
385151
385154
385155
385156
385160
385162
385163
385164
385165
385166
385168
385169
385170
385172
385173
385174
385176
385177
385178
385180
385182
385183
385184
385187
385188
385189
385192
385193
385196
385198
385205
385206
385207
385208
385209
385210
385211
385214
385215
385216
385217
385218
385219
385220
385221
385222
385223
385225
385226
385227
385229
385230
385231
385233
385235
385237
385238
385242
385247
385248
385249
385251
385254
385255
385257
385258
385260
385261
385264
385265
385267
385271
385272
385273
385277
385280
385282
385283
385285
385286
385288
385289
385290
385291
385292
385293
385295
385297
385300
385301
385302
385303
385304
385308
385309
385311
385312
385313
385314
385315
385316
385317
385318
385319
385320
385321
385322
385323
385324
385326
385327
385329
385332
385333
385334
385335
385337
385338
385339
385341
385344
385346
385347
385348
385349
385350
385351
385352
385356
385357
385360
385361
385364
385366
385367
385371
385373
385374
385375
385376
385377
385383
385386
385388
385389
385390
385391
385392
385393
385396
385397
385398
385399
385400
385404
385405
385406
385407
385409
385411
385412
385414
385415
385420
385421
385422
385425
385426
385429
385431
385432
385433
385434
385435
385440
385441
385442
385443
385444
385448
385449
385450
385451
385452
385453
385454
385455
385456
385457
385459
385460
385461
385462
385463
385464
385467
385468
385470
385471
385472
385473
385474
385475
385477
385478
385479
385480
385481
385482
385483
385484
385486
385487
385488
385489
385490
385491
385495
385496
385498
385499
385502
385503
385504
385505
385506
385508
385509
385511
385512
385514
385516
385517
385518
385519
385520
385521
385522
385524
385525
385526
385529
385534
385539
385541
385542
385543
385544
385545
385546
385547
385553
385554
385556
385557
385558
385559
385561
385562
385563
385564
385565
385566
385567
385569
385570
385573
385574
385576
385577
385579
385582
385583
385584
385585
385586
385587
385589
385590
385591
385592
385593
385594
385595
385596
385597
385598
385600
385602
385603
385606
385608
385609
385610
385611
385613
385615
385616
385617
385618
385619
385620
385621
385623
385624
385625
385627
385628
385629
385630
385632
385633
385634
385635
385636
385638
385641
385642
385643
385645
385646
385647
385650
385651
385652
385653
385654
385655
385656
385657
385659
385660
385661
385664
385665
385670
385671
385672
385674
385676
385677
385678
385681
385682
385683
385684
385685
385686
385687
385688
385690
385692
385693
385694
385696
385697
385698
385700
385701
385702
385703
385707
385710
385711
385712
385715
385719
385720
385722
385725
385726
385728
385729
385731
385733
385736
385737
385740
385741
385742
385743
385744
385746
385749
385750
385751
385752
385753
385754
385755
385756
385757
385758
385761
385762
385763
385764
385765
385768
385770
385772
385773
385774
385777
385782
385784
385785
385786
385787
385788
385789
385790
385793
385794
385795
385796
385797
385798
385801
385802
385804
385805
385806
385807
385809
385810
385811
385813
385814
385815
385816
385817
385818
385819
385820
385821
385822
385823
385825
385826
385828
385830
385831
385832
385833
385835
385836
385837
385838
385839
385840
385841
385842
385844
385845
385846
385847
385849
385850
385851
385852
385853
385854
385855
385860
385861
385862
385863
385864
385865
385866
385868
385870
385871
385872
385873
385874
385876
385877
385878
385879
385880
385881
385882
385883
385885
385886
385888
385889
385890
385891
385893
385894
385896
385897
385898
385900
385901
385902
385903
385905
385906
385910
385911
385912
385913
385914
385915
385916
385917
385918
385919
385920
385921
385922
385923
385925
385926
385928
385929
385930
385931
385932
385933
385934
385935
385936
385937
385938
385939
385940
385941
385942
385943
385944
385945
385946
385947
385948
385949
385951
385952
385953
385954
385955
385956
385957
385958
385959
385960
385961
385962
385963
385964
385965
385966
385967
385969
385970
385971
385972
385973
385974
385975
385976
385977
385978
385979
385980
385981
385982
385983
385984
385985
385986
385987
385988
385989
385990
385991
385992
385995
385997
385998
385999
386000
386001
386002
386003
386004
386005
386007
386008
386009
386010
386011
386014
386015
386016
386017
386018
386019
386020
386021
386022
386023
386024
386025
386027
386028
386031
386032
386034
386035
386036
386037
386038
386040
386041
386044
386045
386047
386049
386050
386055
386059
386060
386061
386062
386064
386065
386067
386069
386071
386072
386073
386075
386076
386078
386079
386080
386082
386083
386085
386086
386087
386088
386089
386090
386091
386092
386093
386096
386097
386101
386102
386104
386105
386106
386107
386108
386110
386111
386112
386115
386118
386119
386120
386121
386124
386125
386126
386127
386128
386129
386130
386131
386132
386135
386136
386137
386138
386140
386141
386142
386143
386144
386145
386146
386147
386149
386150
386151
386153
386154
386155
386156
386157
386158
386159
386160
386161
386162
386163
386164
386165
386166
386167
386169
386170
386171
386173
386174
386176
386178
386180
386182
386183
386185
386186
386187
386188
386190
386191
386193
386194
386195
386196
386197
386199
386200
386204
386205
386206
386207
386208
386212
386214
386215
386216
386217
386219
386220
386221
386222
386223
386225
386226
386227
386228
386230
386232
386234
386235
386236
386238
386239
386240
386241
386242
386245
386246
386247
386248
386251
386252
386254
386255
386256
386260
386261
386262
386263
386264
386265
386266
386267
386268
386269
386270
386271
386272
386273
386274
386275
386276
386277
386278
386280
386282
386283
386284
386286
386288
386289
386290
386291
386294
386296
386297
386299
386300
386301
386302
386303
386304
386307
386310
386311
386312
386313
386314
386316
386318
386319
386322
386323
386324
386326
386328
386329
386330
386331
386332
386333
386335
386336
386337
386339
386341
386344
386345
386346
386347
386348
386350
386351
386352
386353
386354
386356
386357
386358
386360
386361
386362
386363
386364
386365
386366
386367
386369
386370
386371
386372
386373
386374
386377
386378
386379
386380
386381
386382
386383
386384
386385
386386
386387
386388
386389
386390
386391
386392
386393
386394
386395
386396
386398
386399
386400
386402
386403
386404
386405
386406
386407
386408
386410
386412
386414
386415
386417
386418
386419
386420
386421
386422
386423
386424
386425
386426
386427
386428
386429
386430
386431
386432
386433
386434
386435
386436
386438
386439
386440
386442
386443
386444
386446
386447
386448
386449
386450
386451
386452
386453
386455
386456
386457
386460
386461
386462
386463
386464
386465
386466
386467
386468
386469
386470
386471
386475
386476
386477
386479
386480
386481
386482
386483
386484
386487
386488
386489
386490
386491
386492
386493
386494
386496
386497
386498
386499
386501
386502
386503
386505
386506
386508
386509
386510
386512
386514
386515
386517
386519
386520
386521
386522
386523
386524
386525
386528
386530
386532
386533
386534
386536
386537
386538
386539
386541
386542
386543
386544
386545
386546
386547
386550
386551
386552
386554
386555
386556
386557
386559
386561
386563
386564
386565
386566
386567
386569
386570
386571
386572
386573
386575
386576
386577
386578
386580
386583
386585
386586
386588
386589
386590
386591
386593
386596
386597
386598
386599
386600
386601
386602
386603
386604
386605
386606
386607
386610
386611
386612
386613
386614
386615
386616
386617
386618
386619
386621
386622
386623
386624
386625
386626
386628
386629
386630
386631
386632
386634
386635
386636
386638
386641
386642
386643
386644
386646
386648
386650
386651
386652
386653
386654
386655
386657
386658
386659
386660
386661
386662
386663
386664
386665
386666
386667
386669
386671
386672
386673
386675
386676
386677
386678
386682
386683
386685
386688
386689
386690
386691
386692
386693
386696
386697
386699
386700
386702
386703
386705
386707
386708
386710
386711
386712
386713
386714
386715
386716
386717
386719
386722
386725
386726
386728
386729
386730
386731
386733
386734
386736
386738
386739
386740
386741
386742
386743
386745
386747
386748
386749
386752
386753
386755
386756
386757
386758
386759
386760
386761
386762
386764
386765
386766
386767
386769
386771
386772
386773
386774
386776
386777
386778
386780
386781
386782
386784
386785
386786
386788
386789
386790
386791
386792
386794
386795
386796
386797
386798
386799
386800
386802
386803
386805
386807
386808
386809
386811
386812
386814
386815
386817
386818
386819
386820
386821
386822
386823
386825
386826
386827
386829
386830
386831
386833
386834
386837
386839
386841
386843
386845
386850
386851
386858
386861
386862
386864
386865
386866
386867
386868
386869
386870
386872
386873
386874
386875
386876
386877
386878
386879
386880
386881
386882
386883
386884
386885
386886
386887
386888
386889
386890
386891
386892
386893
386894
386895
386896
386897
386898
386899
386900
386902
386903
386904
386905
386907
386908
386909
386910
386911
386912
386913
386914
386915
386916
386917
386919
386920
386921
386922
386924
386925
386926
386927
386928
386929
386931
386932
386933
386935
386936
386939
386940
386941
386942
386943
386944
386945
386947
386951
386952
386953
386954
386956
386957
386959
386960
386962
386963
386964
386965
386972
386973
386974
386976
386977
386978
386979
386981
386982
386983
386985
386986
386988
386989
386990
386991
386992
386993
386995
386996
386997
386998
386999
387000
387001
387002
387003
387005
387006
387009
387010
387013
387014
387015
387016
387018
387019
387020
387021
387022
387024
387026
387027
387029
387030
387031
387032
387033
387034
387035
387036
387037
387038
387039
387040
387041
387042
387045
387046
387047
387048
387049
387050
387053
387056
387059
387061
387062
387063
387064
387065
387067
387069
387070
387071
387073
387074
387075
387077
387078
387080
387081
387082
387083
387084
387086
387087
387089
387090
387091
387092
387093
387094
387095
387096
387098
387099
387101
387102
387103
387104
387105
387107
387108
387109
387110
387111
387114
387116
387117
387118
387119
387120
387122
387124
387125
387127
387129
387131
387133
387134
387136
387137
387138
387139
387141
387142
387143
387144
387145
387146
387147
387148
387149
387150
387151
387152
387153
387154
387155
387157
387159
387160
387163
387164
387165
387169
387170
387171
387172
387173
387174
387175
387176
387177
387178
387181
387182
387183
387184
387185
387188
387189
387190
387193
387195
387196
387200
387201
387203
387206
387207
387208
387209
387210
387211
387212
387213
387214
387218
387219
387222
387223
387224
387225
387226
387227
387228
387229
387230
387231
387232
387233
387234
387235
387236
387237
387238
387240
387241
387243
387245
387246
387248
387250
387252
387254
387255
387256
387257
387259
387260
387261
387264
387267
387268
387269
387272
387273
387274
387275
387276
387277
387278
387279
387280
387282
387283
387284
387285
387286
387287
387289
387290
387291
387292
387293
387294
387297
387298
387301
387302
387304
387306
387308
387310
387311
387312
387313
387314
387316
387317
387318
387320
387321
387322
387324
387325
387327
387328
387329
387331
387332
387334
387335
387336
387337
387339
387342
387343
387344
387345
387346
387348
387350
387351
387355
387357
387358
387359
387360
387361
387362
387363
387364
387365
387366
387368
387369
387370
387372
387374
387375
387376
387377
387378
387379
387387
387395
387399
387400
387401
387402
387403
387404
387405
387406
387409
387410
387411
387412
387414
387416
387417
387420
387421
387423
387424
387425
387427
387428
387429
387430
387431
387432
387433
387434
387435
387437
387438
387439
387440
387443
387444
387445
387446
387447
387448
387449
387450
387451
387452
387453
387454
387455
387456
387458
387459
387461
387462
387463
387466
387468
387469
387471
387472
387473
387475
387476
387477
387478
387480
387481
387482
387483
387484
387486
387487
387488
387489
387490
387491
387492
387493
387494
387495
387497
387498
387500
387501
387502
387504
387506
387507
387508
387510
387511
387512
387513
387514
387515
387517
387518
387521
387522
387523
387524
387525
387527
387528
387529
387530
387533
387534
387535
387537
387538
387540
387542
387543
387547
387548
387549
387551
387553
387555
387557
387559
387560
387561
387562
387563
387564
387565
387567
387568
387569
387570
387572
387574
387575
387576
387577
387579
387580
387582
387583
387584
387586
387587
387588
387589
387590
387591
387592
387593
387594
387595
387596
387597
387598
387599
387600
387601
387602
387603
387604
387606
387609
387610
387611
387612
387613
387614
387615
387616
387617
387618
387619
387620
387621
387623
387624
387625
387626
387627
387628
387630
387631
387634
387635
387636
387637
387638
387639
387641
387642
387643
387644
387646
387647
387649
387650
387652
387654
387655
387657
387658
387660
387662
387663
387664
387665
387666
387667
387670
387673
387675
387676
387677
387678
387679
387680
387681
387684
387686
387687
387688
387689
387690
387691
387692
387693
387695
387696
387697
387702
387703
387705
387706
387708
387709
387711
387712
387714
387715
387718
387719
387720
387721
387722
387723
387726
387727
387728
387729
387731
387732
387734
387735
387738
387739
387740
387741
387742
387743
387744
387745
387747
387749
387750
387751
387752
387753
387754
387755
387756
387757
387759
387760
387762
387763
387764
387765
387766
387768
387769
387770
387771
387773
387774
387775
387776
387777
387778
387780
387781
387782
387783
387784
387785
387786
387787
387788
387789
387790
387794
387795
387796
387797
387798
387799
387803
387804
387805
387806
387807
387808
387809
387810
387811
387813
387815
387817
387818
387820
387821
387822
387823
387824
387825
387826
387828
387829
387830
387831
387832
387833
387835
387836
387837
387838
387839
387840
387842
387843
387844
387845
387846
387851
387852
387853
387854
387855
387856
387857
387860
387863
387866
387867
387869
387870
387873
387876
387878
387879
387880
387881
387884
387886
387887
387890
387891
387895
387896
387897
387898
387900
387901
387902
387903
387904
387905
387907
387908
387909
387911
387912
387913
387914
387916
387918
387919
387920
387921
387922
387924
387925
387926
387927
387929
387930
387931
387932
387933
387935
387936
387937
387938
387940
387941
387942
387943
387944
387945
387946
387947
387948
387952
387955
387956
387957
387958
387961
387962
387963
387964
387965
387966
387967
387970
387972
387973
387976
387977
387979
387980
387981
387984
387985
387986
387987
387988
387989
387990
387991
387992
387994
387995
387996
387997
387998
387999
388000
388001
388003
388005
388006
388008
388009
388010
388012
388013
388014
388015
388016
388017
388020
388022
388023
388024
388025
388026
388027
388028
388029
388030
388031
388032
388033
388035
388036
388038
388039
388040
388041
388042
388043
388044
388045
388047
388048
388050
388051
388052
388053
388054
388055
388056
388057
388059
388060
388061
388063
388064
388065
388068
388069
388070
388071
388072
388073
388074
388076
388077
388078
388079
388080
388081
388082
388084
388085
388086
388087
388089
388091
388092
388093
388097
388098
388099
388100
388101
388102
388104
388106
388107
388108
388109
388111
388112
388114
388117
388120
388122
388125
388126
388128
388130
388131
388133
388134
388135
388136
388138
388141
388144
388145
388146
388147
388148
388149
388150
388151
388153
388154
388155
388156
388157
388158
388159
388163
388166
388167
388168
388169
388170
388171
388174
388175
388176
388177
388180
388181
388182
388186
388187
388190
388191
388192
388193
388194
388196
388197
388198
388199
388200
388203
388204
388206
388207
388208
388209
388211
388212
388213
388214
388215
388217
388218
388219
388220
388222
388223
388224
388225
388226
388228
388230
388231
388232
388234
388235
388236
388237
388238
388239
388240
388241
388242
388243
388244
388245
388246
388247
388248
388249
388250
388252
388253
388254
388255
388256
388257
388258
388261
388262
388264
388266
388267
388270
388271
388272
388273
388274
388276
388277
388278
388279
388280
388281
388282
388284
388285
388286
388287
388290
388291
388292
388295
388297
388298
388299
388300
388301
388302
388303
388304
388306
388307
388309
388310
388311
388312
388314
388315
388316
388317
388318
388319
388320
388321
388322
388324
388325
388326
388327
388328
388330
388332
388335
388337
388338
388340
388341
388342
388343
388344
388345
388346
388347
388348
388349
388350
388352
388353
388354
388355
388356
388357
388358
388359
388360
388361
388362
388364
388365
388366
388367
388368
388369
388370
388371
388373
388374
388376
388378
388379
388382
388383
388385
388387
388389
388390
388391
388394
388395
388396
388399
388400
388401
388402
388403
388404
388406
388407
388409
388410
388413
388414
388415
388416
388417
388418
388419
388420
388421
388422
388423
388424
388425
388427
388428
388429
388430
388431
388432
388433
388434
388436
388438
388439
388440
388441
388442
388443
388444
388445
388446
388447
388448
388449
388450
388451
388452
388454
388455
388456
388457
388458
388459
388460
388461
388462
388463
388464
388465
388466
388467
388469
388470
388471
388472
388473
388474
388475
388476
388477
388479
388481
388482
388483
388484
388485
388486
388487
388488
388489
388490
388491
388493
388496
388497
388498
388499
388500
388501
388502
388503
388504
388505
388506
388507
388509
388511
388513
388514
388515
388519
388521
388523
388524
388527
388528
388531
388532
388533
388534
388535
388536
388537
388538
388539
388541
388542
388543
388544
388545
388546
388548
388551
388552
388554
388555
388556
388557
388560
388561
388562
388564
388565
388566
388568
388569
388570
388572
388574
388575
388576
388577
388578
388579
388580
388581
388582
388583
388585
388591
388592
388594
388595
388596
388598
388600
388601
388602
388604
388606
388607
388608
388609
388611
388612
388613
388615
388616
388617
388619
388620
388621
388622
388623
388624
388625
388626
388631
388632
388634
388635
388636
388637
388639
388641
388644
388645
388646
388647
388648
388649
388650
388651
388654
388656
388657
388658
388660
388662
388663
388665
388671
388673
388675
388677
388679
388680
388682
388683
388684
388685
388686
388688
388689
388691
388692
388694
388695
388696
388697
388698
388700
388705
388707
388708
388709
388710
388711
388713
388716
388717
388718
388719
388720
388722
388723
388725
388726
388728
388729
388730
388732
388733
388734
388736
388738
388739
388740
388741
388742
388744
388745
388748
388750
388751
388752
388754
388755
388756
388757
388758
388759
388760
388761
388764
388765
388766
388767
388768
388769
388770
388771
388773
388775
388776
388778
388780
388781
388783
388784
388787
388788
388789
388790
388791
388792
388793
388794
388795
388796
388800
388801
388803
388804
388805
388807
388809
388810
388811
388812
388813
388815
388816
388817
388818
388819
388820
388821
388822
388824
388825
388826
388827
388828
388831
388832
388833
388834
388835
388836
388837
388840
388841
388842
388843
388844
388845
388846
388847
388849
388851
388852
388853
388854
388856
388857
388858
388859
388860
388861
388862
388863
388864
388865
388866
388867
388868
388869
388870
388871
388872
388875
388878
388880
388881
388882
388883
388886
388888
388890
388892
388894
388895
388896
388899
388900
388901
388902
388904
388905
388906
388907
388908
388909
388910
388912
388913
388914
388915
388917
388918
388919
388921
388923
388925
388926
388928
388929
388931
388933
388934
388938
388939
388942
388943
388946
388947
388948
388950
388952
388953
388954
388955
388957
388959
388961
388963
388966
388967
388969
388970
388971
388973
388974
388975
388977
388979
388980
388981
388983
388984
388985
388986
388988
388990
388994
388998
388999
389001
389002
389003
389004
389005
389006
389007
389008
389009
389010
389011
389012
389013
389015
389016
389017
389019
389020
389021
389022
389023
389024
389025
389026
389028
389029
389032
389033
389034
389035
389036
389037
389039
389040
389041
389042
389043
389044
389045
389046
389048
389049
389050
389051
389052
389053
389054
389056
389057
389059
389060
389061
389062
389063
389064
389065
389069
389070
389071
389072
389073
389074
389077
389078
389079
389080
389082
389083
389084
389085
389086
389087
389088
389089
389090
389091
389092
389094
389095
389097
389098
389100
389101
389106
389107
389108
389109
389111
389113
389114
389115
389116
389117
389118
389119
389121
389122
389123
389124
389125
389127
389128
389129
389130
389131
389132
389133
389134
389137
389138
389141
389142
389143
389144
389146
389147
389150
389152
389154
389155
389160
389161
389163
389164
389165
389167
389168
389169
389170
389172
389173
389176
389177
389178
389179
389180
389183
389184
389185
389189
389191
389194
389195
389196
389197
389198
389199
389200
389201
389202
389204
389205
389206
389207
389212
389213
389214
389215
389216
389218
389220
389224
389225
389226
389227
389229
389231
389233
389234
389237
389239
389240
389241
389243
389245
389248
389249
389250
389251
389252
389253
389255
389257
389259
389261
389262
389263
389266
389268
389269
389270
389272
389273
389274
389275
389278
389279
389280
389281
389282
389284
389285
389287
389288
389291
389292
389294
389295
389296
389297
389299
389300
389303
389306
389308
389311
389312
389315
389319
389324
389325
389329
389330
389333
389339
389340
389343
389344
389345
389346
389349
389350
389351
389352
389354
389357
389361
389363
389364
389365
389366
389367
389368
389369
389370
389373
389375
389377
389378
389379
389380
389381
389382
389383
389384
389385
389386
389387
389388
389389
389390
389391
389392
389393
389394
389395
389397
389402
389404
389405
389406
389407
389409
389410
389411
389413
389414
389415
389417
389419
389420
389421
389422
389424
389426
389427
389428
389429
389430
389432
389433
389434
389436
389437
389438
389439
389440
389442
389443
389444
389445
389447
389448
389449
389450
389452
389453
389454
389455
389456
389457
389458
389460
389461
389462
389463
389464
389465
389466
389471
389473
389474
389475
389476
389477
389479
389480
389481
389482
389483
389484
389485
389486
389487
389489
389490
389491
389492
389493
389494
389495
389496
389497
389498
389500
389502
389503
389504
389505
389507
389508
389509
389510
389511
389513
389514
389515
389516
389517
389518
389519
389520
389521
389522
389523
389524
389526
389527
389528
389530
389531
389532
389533
389534
389535
389536
389537
389540
389542
389543
389544
389545
389547
389549
389550
389551
389554
389555
389557
389576
389581
389582
389583
389584
389585
389586
389587
389588
389589
389590
389591
389592
389593
389594
389595
389596
389597
389599
389600
389601
389602
389603
389604
389605
389606
389607
389608
389610
389612
389613
389615
389616
389617
389618
389619
389620
389621
389622
389623
389624
389625
389626
389627
389628
389629
389630
389631
389633
389634
389635
389636
389637
389638
389639
389640
389641
389642
389644
389646
389647
389648
389649
389650
389651
389652
389653
389655
389656
389658
389659
389661
389663
389664
389665
389666
389668
389671
389672
389673
389675
389676
389677
389678
389679
389681
389682
389683
389684
389685
389686
389689
389690
389691
389692
389696
389697
389698
389700
389702
389703
389704
389705
389706
389707
389708
389709
389711
389713
389715
389717
389719
389720
389722
389723
389724
389726
389727
389728
389729
389731
389732
389736
389737
389739
389740
389742
389744
389745
389746
389747
389749
389750
389751
389753
389754
389755
389756
389757
389758
389760
389761
389762
389763
389765
389766
389767
389769
389770
389771
389773
389775
389776
389777
389778
389779
389780
389781
389782
389784
389785
389786
389787
389788
389789
389790
389791
389793
389796
389797
389798
389801
389803
389805
389806
389807
389808
389809
389812
389813
389815
389817
389818
389828
389830
389831
389832
389834
389835
389838
389840
389841
389842
389844
389845
389846
389848
389849
389850
389851
389852
389854
389856
389858
389859
389860
389861
389862
389863
389864
389865
389866
389867
389868
389869
389871
389872
389873
389875
389876
389877
389878
389879
389881
389883
389884
389885
389886
389887
389888
389890
389891
389892
389893
389894
389895
389896
389897
389899
389900
389901
389903
389904
389905
389906
389907
389908
389909
389910
389911
389912
389913
389914
389918
389919
389920
389922
389925
389926
389928
389930
389932
389933
389934
389935
389936
389937
389938
389939
389940
389941
389942
389943
389944
389945
389947
389949
389950
389951
389953
389954
389955
389956
389957
389958
389959
389960
389963
389964
389965
389966
389967
389969
389970
389971
389972
389973
389974
389975
389976
389977
389978
389979
389982
389983
389985
389986
389987
389988
389989
389990
389991
389992
389993
389994
389996
389997
389998
390000
390001
390002
390003
390006
390009
390010
390011
390012
390013
390014
390016
390020
390021
390022
390023
390024
390027
390028
390029
390030
390031
390032
390033
390034
390035
390036
390037
390039
390040
390042
390044
390045
390046
390049
390052
390053
390054
390055
390056
390057
390058
390059
390060
390062
390063
390064
390065
390066
390067
390068
390069
390070
390071
390072
390073
390075
390076
390077
390078
390080
390081
390082
390083
390084
390085
390086
390087
390088
390089
390091
390093
390094
390095
390096
390100
390102
390103
390104
390105
390106
390107
390109
390111
390112
390113
390115
390116
390117
390118
390119
390120
390122
390123
390124
390126
390127
390128
390130
390131
390132
390133
390136
390137
390138
390140
390143
390144
390145
390147
390148
390149
390151
390152
390153
390155
390157
390159
390160
390162
390163
390164
390165
390166
390167
390168
390169
390170
390171
390172
390173
390174
390175
390176
390177
390178
390181
390182
390183
390184
390185
390186
390187
390188
390189
390190
390191
390193
390194
390195
390196
390197
390198
390199
390201
390202
390203
390205
390206
390207
390208
390210
390211
390212
390213
390214
390215
390219
390220
390221
390222
390223
390224
390225
390226
390228
390229
390230
390231
390232
390233
390235
390236
390237
390238
390239
390240
390241
390242
390243
390244
390247
390250
390251
390253
390255
390256
390257
390260
390261
390262
390263
390264
390265
390266
390267
390268
390269
390270
390271
390273
390274
390275
390276
390277
390278
390281
390282
390283
390284
390286
390287
390289
390290
390291
390292
390293
390294
390295
390297
390298
390299
390302
390305
390307
390310
390312
390313
390318
390319
390321
390324
390332
390335
390342
390355
390356
390359
390364
390365
390366
390367
390368
390370
390372
390373
390374
390375
390376
390378
390379
390380
390382
390383
390385
390387
390390
390391
390392
390393
390394
390399
390400
390401
390403
390404
390405
390406
390409
390411
390413
390414
390415
390417
390418
390419
390420
390421
390423
390424
390425
390426
390428
390429
390430
390431
390432
390433
390434
390435
390436
390437
390438
390439
390441
390442
390444
390445
390446
390447
390448
390449
390451
390452
390453
390454
390456
390457
390458
390459
390460
390461
390464
390465
390466
390468
390469
390470
390471
390472
390474
390475
390477
390478
390479
390481
390482
390483
390484
390485
390486
390487
390488
390489
390491
390493
390495
390496
390499
390500
390501
390502
390503
390504
390505
390506
390507
390509
390510
390511
390512
390514
390515
390517
390518
390519
390520
390523
390524
390525
390526
390527
390530
390531
390532
390533
390534
390535
390537
390538
390539
390541
390543
390544
390545
390547
390548
390549
390550
390551
390552
390554
390555
390558
390559
390560
390562
390563
390564
390565
390566
390568
390569
390571
390572
390574
390575
390576
390577
390578
390579
390580
390583
390584
390586
390589
390590
390591
390593
390594
390595
390596
390597
390599
390602
390603
390604
390605
390606
390607
390608
390609
390610
390611
390613
390614
390619
390620
390623
390624
390625
390626
390627
390628
390629
390631
390632
390633
390634
390635
390637
390640
390641
390642
390643
390644
390645
390646
390647
390648
390649
390651
390652
390654
390655
390656
390657
390658
390659
390660
390661
390662
390663
390664
390665
390667
390670
390671
390674
390676
390677
390680
390681
390685
390687
390688
390690
390691
390692
390696
390697
390698
390699
390700
390701
390702
390703
390704
390705
390707
390708
390709
390711
390712
390713
390714
390715
390716
390719
390721
390722
390723
390724
390726
390727
390729
390731
390732
390734
390735
390736
390737
390738
390740
390741
390742
390744
390745
390746
390747
390748
390749
390751
390752
390753
390754
390755
390756
390757
390758
390759
390760
390761
390762
390765
390766
390767
390768
390769
390770
390771
390772
390775
390777
390779
390780
390781
390782
390783
390784
390785
390786
390787
390788
390790
390791
390792
390793
390794
390795
390798
390799
390800
390801
390802
390803
390804
390805
390806
390807
390809
390810
390811
390814
390815
390816
390817
390818
390821
390822
390823
390824
390825
390826
390829
390830
390831
390832
390833
390834
390835
390836
390837
390838
390839
390841
390842
390844
390845
390846
390847
390850
390851
390852
390853
390854
390855
390858
390859
390860
390861
390862
390863
390864
390865
390866
390867
390868
390869
390870
390871
390872
390874
390876
390877
390880
390883
390885
390886
390887
390889
390890
390891
390892
390893
390894
390895
390897
390898
390899
390901
390902
390903
390904
390905
390906
390908
390910
390911
390912
390913
390914
390915
390916
390917
390918
390919
390921
390922
390923
390924
390925
390926
390930
390931
390932
390934
390937
390938
390939
390942
390943
390944
390945
390946
390947
390948
390949
390950
390952
390953
390954
390955
390956
390957
390958
390959
390960
390962
390963
390964
390965
390966
390967
390968
390969
390970
390973
390974
390977
390978
390979
390980
390981
390982
390985
390986
390987
390988
390990
390991
390992
390993
390994
390995
390996
390997
390999
391000
391001
391002
391003
391004
391005
391006
391007
391008
391009
391010
391011
391013
391014
391015
391016
391017
391019
391021
391022
391023
391025
391026
391027
391028
391029
391030
391031
391034
391035
391036
391037
391038
391039
391040
391041
391042
391043
391044
391045
391047
391048
391049
391050
391051
391053
391054
391055
391056
391058
391059
391060
391063
391067
391068
391069
391072
391073
391074
391075
391077
391078
391079
391080
391081
391082
391083
391084
391085
391087
391088
391089
391090
391092
391093
391096
391097
391098
391099
391100
391101
391102
391103
391107
391108
391110
391113
391115
391116
391117
391118
391119
391120
391121
391122
391124
391126
391127
391131
391132
391134
391135
391136
391139
391142
391143
391145
391146
391147
391148
391149
391150
391153
391154
391157
391159
391160
391161
391162
391163
391164
391165
391166
391168
391172
391173
391174
391175
391177
391178
391180
391181
391182
391183
391186
391188
391189
391190
391191
391193
391194
391195
391196
391198
391200
391201
391203
391205
391206
391207
391208
391209
391210
391212
391213
391215
391216
391217
391218
391221
391222
391223
391224
391225
391226
391228
391229
391230
391231
391232
391234
391235
391236
391237
391238
391239
391240
391242
391244
391246
391248
391251
391253
391255
391256
391258
391259
391260
391261
391263
391264
391265
391266
391267
391268
391269
391270
391277
391279
391280
391281
391282
391283
391284
391285
391286
391287
391289
391290
391291
391292
391293
391294
391295
391296
391297
391299
391300
391301
391303
391304
391306
391308
391309
391310
391311
391312
391313
391314
391315
391316
391317
391318
391319
391321
391322
391323
391327
391329
391330
391331
391332
391335
391338
391339
391340
391341
391342
391343
391344
391345
391348
391349
391350
391351
391352
391353
391354
391356
391357
391358
391359
391360
391361
391362
391363
391364
391365
391366
391367
391368
391369
391370
391371
391373
391374
391376
391378
391379
391380
391382
391383
391384
391385
391387
391388
391389
391390
391391
391393
391394
391395
391396
391397
391398
391399
391400
391401
391402
391403
391404
391405
391406
391407
391409
391410
391411
391412
391413
391414
391415
391417
391419
391420
391421
391423
391424
391425
391426
391427
391429
391430
391431
391432
391433
391434
391435
391436
391437
391438
391439
391440
391441
391442
391443
391444
391445
391446
391447
391450
391453
391454
391455
391457
391458
391460
391461
391463
391464
391466
391467
391468
391469
391470
391472
391473
391474
391475
391476
391477
391478
391479
391480
391481
391482
391483
391484
391488
391489
391490
391491
391492
391493
391494
391496
391498
391499
391500
391501
391504
391507
391510
391511
391512
391513
391514
391515
391516
391517
391518
391519
391520
391522
391523
391524
391525
391526
391529
391530
391532
391533
391534
391535
391538
391539
391540
391541
391543
391544
391546
391548
391549
391550
391551
391552
391553
391554
391558
391559
391560
391561
391563
391564
391565
391566
391567
391568
391569
391571
391573
391574
391575
391576
391577
391578
391580
391583
391585
391586
391587
391589
391590
391592
391594
391597
391598
391599
391600
391601
391603
391604
391605
391606
391607
391608
391610
391611
391613
391614
391615
391616
391617
391618
391619
391623
391625
391626
391627
391630
391632
391633
391634
391639
391640
391644
391645
391646
391647
391648
391651
391652
391653
391654
391655
391659
391660
391661
391663
391664
391665
391667
391669
391670
391672
391673
391676
391678
391680
391681
391682
391683
391684
391685
391686
391687
391688
391689
391691
391692
391693
391695
391697
391698
391699
391700
391701
391703
391704
391705
391706
391707
391710
391712
391713
391714
391715
391716
391718
391719
391720
391722
391723
391726
391730
391732
391733
391735
391736
391737
391739
391741
391743
391744
391745
391747
391748
391749
391750
391751
391752
391753
391754
391755
391757
391759
391760
391761
391762
391764
391765
391766
391767
391768
391769
391771
391772
391773
391774
391775
391776
391777
391778
391779
391780
391781
391782
391783
391785
391786
391787
391789
391791
391793
391795
391796
391797
391798
391799
391801
391803
391805
391807
391808
391809
391811
391812
391814
391815
391816
391817
391818
391819
391821
391823
391824
391825
391826
391827
391828
391829
391830
391831
391832
391833
391834
391835
391836
391837
391838
391839
391840
391841
391842
391843
391847
391848
391849
391853
391854
391856
391857
391858
391859
391860
391861
391862
391863
391865
391866
391867
391868
391869
391871
391873
391875
391878
391879
391881
391883
391884
391885
391886
391887
391889
391890
391891
391893
391894
391895
391896
391897
391898
391899
391901
391902
391903
391905
391906
391908
391910
391912
391913
391914
391915
391916
391917
391918
391919
391920
391921
391922
391923
391924
391925
391927
391928
391929
391930
391931
391932
391933
391934
391935
391936
391937
391938
391940
391941
391942
391943
391944
391947
391948
391949
391950
391951
391952
391954
391955
391957
391958
391959
391961
391962
391963
391964
391965
391966
391967
391968
391969
391970
391971
391972
391973
391974
391975
391976
391977
391978
391980
391982
391983
391984
391985
391986
391988
391991
391992
391993
391994
391995
391996
391997
391998
392000
392001
392002
392003
392005
392006
392007
392008
392010
392011
392012
392013
392014
392016
392017
392018
392019
392020
392021
392023
392026
392027
392028
392029
392031
392032
392033
392034
392035
392036
392037
392038
392039
392040
392041
392042
392043
392044
392045
392046
392048
392050
392052
392054
392056
392058
392059
392060
392061
392062
392063
392064
392065
392066
392067
392068
392069
392070
392071
392072
392074
392076
392077
392078
392080
392081
392083
392084
392085
392086
392089
392091
392094
392095
392096
392098
392100
392102
392106
392107
392108
392111
392112
392114
392117
392118
392119
392121
392122
392123
392124
392129
392130
392131
392132
392133
392134
392135
392137
392138
392141
392142
392147
392148
392149
392150
392151
392152
392153
392154
392155
392157
392159
392160
392162
392163
392164
392165
392167
392169
392171
392172
392173
392175
392176
392178
392179
392181
392182
392183
392186
392187
392190
392191
392194
392212
392213
392215
392218
392225
392228
392229
392231
392232
392233
392234
392235
392236
392237
392240
392241
392243
392244
392245
392247
392248
392249
392251
392252
392253
392254
392255
392256
392257
392258
392259
392260
392261
392265
392266
392267
392268
392269
392270
392271
392272
392273
392274
392275
392276
392277
392279
392284
392285
392286
392288
392290
392292
392293
392294
392296
392297
392301
392302
392303
392305
392306
392307
392308
392310
392311
392312
392313
392315
392316
392317
392320
392321
392323
392325
392326
392327
392328
392329
392330
392332
392333
392334
392335
392336
392337
392338
392339
392340
392342
392343
392344
392346
392347
392348
392349
392350
392351
392352
392353
392354
392355
392356
392358
392361
392362
392363
392364
392366
392368
392369
392370
392372
392373
392374
392376
392377
392378
392379
392380
392381
392382
392383
392384
392385
392386
392387
392388
392389
392391
392392
392393
392394
392395
392396
392398
392400
392401
392403
392404
392405
392409
392410
392411
392413
392414
392415
392416
392417
392418
392419
392420
392421
392422
392423
392424
392425
392426
392427
392428
392429
392431
392432
392433
392434
392435
392436
392437
392438
392440
392442
392445
392448
392450
392463
392464
392467
392468
392470
392472
392473
392474
392475
392477
392478
392479
392480
392481
392482
392483
392484
392485
392486
392487
392488
392489
392490
392491
392492
392493
392494
392495
392497
392498
392500
392502
392503
392505
392506
392507
392508
392509
392510
392511
392512
392518
392520
392521
392522
392524
392525
392526
392527
392529
392531
392533
392534
392535
392536
392539
392540
392541
392542
392543
392544
392545
392546
392547
392548
392549
392550
392551
392553
392554
392557
392561
392562
392563
392564
392565
392566
392567
392568
392569
392572
392573
392574
392576
392577
392578
392581
392583
392584
392585
392587
392588
392590
392591
392592
392595
392596
392598
392599
392600
392601
392605
392606
392607
392608
392609
392611
392612
392613
392614
392615
392616
392617
392618
392619
392620
392621
392622
392625
392626
392627
392629
392631
392634
392636
392637
392638
392639
392640
392641
392642
392643
392644
392646
392647
392649
392651
392653
392655
392657
392658
392662
392664
392665
392666
392667
392668
392669
392670
392671
392672
392673
392674
392676
392677
392678
392679
392680
392681
392682
392683
392685
392687
392688
392689
392692
392694
392696
392698
392705
392706
392708
392709
392710
392711
392713
392714
392715
392717
392719
392723
392724
392725
392730
392732
392733
392734
392737
392738
392740
392741
392742
392743
392744
392746
392747
392748
392749
392750
392751
392752
392756
392757
392759
392761
392763
392764
392765
392766
392768
392769
392770
392771
392772
392774
392775
392776
392777
392778
392779
392780
392781
392782
392783
392787
392789
392790
392793
392794
392795
392796
392797
392798
392799
392800
392802
392803
392804
392806
392807
392809
392810
392812
392813
392814
392815
392817
392819
392820
392821
392822
392823
392824
392825
392826
392827
392830
392831
392832
392833
392834
392835
392836
392837
392838
392839
392840
392841
392842
392843
392844
392845
392846
392847
392848
392849
392852
392853
392854
392855
392856
392857
392858
392862
392863
392865
392866
392868
392869
392870
392871
392872
392873
392874
392875
392876
392877
392879
392880
392881
392882
392884
392885
392886
392887
392888
392890
392891
392892
392893
392895
392897
392898
392899
392900
392902
392903
392904
392905
392906
392907
392908
392909
392910
392911
392912
392913
392914
392917
392918
392920
392922
392923
392924
392926
392929
392930
392931
392932
392933
392934
392935
392936
392937
392938
392939
392940
392941
392942
392943
392945
392946
392947
392948
392949
392950
392954
392956
392958
392959
392960
392961
392963
392964
392965
392968
392970
392974
392976
392977
392978
392979
392981
392982
392984
392985
392986
392987
392988
392990
392992
392993
392995
392997
393000
393001
393003
393004
393006
393008
393009
393010
393011
393012
393013
393014
393015
393016
393017
393018
393019
393021
393022
393023
393024
393025
393026
393028
393029
393030
393031
393033
393034
393035
393036
393037
393039
393040
393041
393042
393044
393045
393046
393047
393048
393049
393052
393053
393054
393055
393060
393061
393062
393064
393066
393068
393069
393070
393071
393073
393074
393075
393077
393078
393079
393082
393083
393084
393085
393086
393087
393088
393089
393090
393091
393092
393094
393095
393096
393101
393103
393105
393106
393110
393111
393112
393114
393115
393116
393117
393118
393119
393120
393121
393122
393123
393124
393125
393126
393127
393128
393129
393131
393132
393133
393137
393138
393141
393142
393143
393145
393146
393147
393148
393151
393153
393154
393159
393160
393161
393163
393164
393167
393172
393173
393178
393179
393181
393183
393185
393187
393188
393189
393190
393191
393194
393195
393196
393197
393198
393201
393203
393204
393207
393210
393212
393213
393214
393217
393218
393219
393220
393221
393222
393226
393227
393228
393229
393230
393231
393233
393235
393236
393238
393239
393240
393241
393242
393243
393245
393246
393247
393248
393250
393253
393254
393255
393257
393258
393259
393260
393261
393262
393263
393264
393265
393266
393267
393268
393269
393270
393273
393274
393276
393277
393278
393279
393280
393281
393283
393287
393288
393289
393290
393292
393293
393295
393296
393297
393299
393300
393303
393306
393307
393310
393312
393313
393314
393315
393316
393317
393318
393319
393320
393321
393322
393325
393326
393327
393329
393330
393331
393333
393334
393335
393336
393337
393338
393339
393341
393342
393343
393344
393345
393346
393347
