344009
344011
344012
344013
344017
344018
344020
344021
344022
344023
344024
344026
344028
344029
344030
344031
344033
344034
344036
344037
344038
344040
344041
344042
344043
344044
344046
344047
344049
344050
344051
344052
344053
344054
344055
344062
344063
344064
344066
344068
344069
344070
344071
344073
344075
344077
344078
344079
344080
344081
344086
344087
344088
344089
344090
344094
344095
344096
344097
344100
344101
344102
344103
344104
344106
344107
344109
344111
344113
344114
344115
344117
344118
344120
344121
344123
344124
344127
344128
344129
344130
344131
344134
344135
344136
344137
344138
344139
344141
344142
344148
344149
344152
344153
344154
344155
344156
344157
344159
344160
344162
344163
344164
344165
344166
344168
344169
344173
344174
344175
344176
344178
344179
344180
344181
344182
344186
344187
344188
344189
344190
344191
344192
344193
344195
344196
344199
344202
344203
344204
344207
344208
344209
344210
344211
344213
344214
344215
344216
344217
344218
344219
344220
344222
344223
344225
344226
344227
344228
344229
344231
344232
344233
344234
344235
344236
344237
344238
344240
344241
344242
344243
344244
344245
344246
344247
344249
344256
344257
344258
344259
344265
344266
344268
344269
344270
344273
344274
344275
344276
344277
344279
344280
344281
344282
344283
344284
344285
344286
344287
344288
344293
344294
344298
344299
344301
344303
344304
344305
344306
344309
344311
344312
344313
344314
344315
344316
344319
344321
344322
344323
344324
344325
344326
344328
344329
344330
344334
344336
344341
344344
344348
344349
344350
344352
344353
344357
344359
344362
344365
344369
344373
344376
344377
344379
344381
344382
344383
344384
344385
344386
344389
344390
344391
344392
344393
344394
344395
344396
344397
344398
344399
344402
344403
344404
344405
344408
344409
344410
344411
344412
344413
344414
344415
344416
344418
344419
344420
344421
344422
344423
344424
344425
344426
344429
344430
344431
344432
344433
344436
344437
344438
344439
344440
344441
344442
344443
344444
344445
344446
344447
344448
344449
344450
344451
344452
344454
344456
344457
344458
344459
344460
344462
344463
344464
344465
344466
344467
344468
344469
344470
344471
344472
344475
344477
344482
344483
344484
344485
344486
344487
344488
344489
344490
344492
344493
344494
344495
344496
344497
344499
344500
344502
344503
344504
344505
344506
344507
344508
344509
344510
344511
344513
344514
344515
344517
344518
344519
344520
344521
344522
344524
344525
344526
344527
344529
344531
344533
344534
344537
344538
344539
344540
344541
344542
344543
344544
344545
344546
344547
344548
344549
344550
344552
344553
344554
344555
344557
344558
344559
344560
344561
344562
344563
344564
344565
344566
344567
344568
344570
344571
344572
344574
344575
344576
344577
344578
344579
344580
344581
344582
344583
344584
344585
344586
344587
344588
344590
344591
344592
344593
344594
344595
344597
344598
344599
344600
344601
344602
344605
344606
344607
344608
344610
344611
344612
344618
344619
344620
344622
344623
344625
344626
344627
344634
344635
344637
344638
344639
344640
344641
344642
344643
344645
344646
344647
344648
344651
344652
344653
344654
344657
344658
344659
344661
344662
344663
344664
344665
344666
344667
344668
344669
344670
344671
344673
344674
344675
344676
344677
344678
344679
344682
344683
344684
344685
344686
344687
344688
344689
344690
344692
344693
344694
344695
344697
344698
344699
344700
344701
344702
344703
344704
344705
344706
344707
344708
344709
344710
344713
344715
344716
344717
344718
344719
344720
344721
344722
344723
344724
344725
344728
344729
344730
344731
344732
344733
344734
344735
344737
344738
344739
344740
344743
344744
344746
344747
344748
344749
344751
344752
344753
344754
344755
344757
344758
344759
344760
344761
344765
344766
344767
344769
344770
344771
344773
344774
344775
344776
344777
344779
344782
344783
344784
344785
344786
344789
344790
344791
344792
344794
344795
344796
344797
344798
344799
344802
344803
344804
344805
344807
344809
344810
344812
344813
344814
344815
344816
344817
344818
344819
344820
344822
344823
344825
344826
344827
344829
344830
344831
344832
344833
344834
344835
344836
344838
344839
344840
344841
344842
344843
344844
344846
344847
344848
344849
344850
344851
344852
344853
344856
344857
344859
344860
344863
344867
344869
344870
344871
344872
344873
344874
344875
344876
344877
344878
344879
344880
344883
344885
344887
344888
344889
344890
344892
344894
344895
344896
344897
344898
344900
344901
344902
344905
344906
344908
344909
344910
344912
344914
344916
344917
344919
344923
344925
344926
344928
344929
344930
344931
344934
344936
344937
344938
344939
344940
344941
344942
344943
344944
344945
344946
344947
344948
344949
344950
344951
344952
344955
344956
344957
344958
344960
344961
344962
344964
344965
344966
344967
344969
344971
344972
344973
344974
344975
344976
344977
344978
344979
344981
344983
344984
344985
344986
344987
344989
344990
344991
344992
344995
344996
344997
344998
345000
345001
345003
345005
345006
345007
345008
345009
345010
345014
345016
345017
345018
345019
345020
345021
345022
345023
345024
345025
345026
345027
345028
345029
345030
345032
345033
345034
345036
345037
345038
345040
345041
345042
345043
345044
345046
345047
345048
345049
345051
345052
345056
345057
345058
345060
345061
345062
345063
345064
345066
345067
345068
345069
345070
345071
345073
345075
345078
345079
345081
345082
345083
345085
345086
345087
345088
345089
345090
345091
345092
345093
345094
345095
345096
345098
345099
345100
345101
345103
345104
345105
345106
345107
345108
345109
345111
345112
345113
345114
345115
345116
345117
345118
345119
345120
345122
345123
345124
345125
345126
345128
345129
345132
345133
345134
345135
345136
345138
345139
345140
345141
345142
345143
345144
345147
345148
345149
345150
345151
345152
345153
345154
345155
345156
345157
345158
345159
345160
345161
345162
345163
345165
345166
345167
345168
345169
345170
345172
345173
345174
345175
345176
345177
345180
345181
345182
345183
345184
345185
345186
345187
345188
345189
345190
345191
345192
345193
345194
345196
345197
345198
345199
345200
345201
345202
345203
345204
345205
345206
345207
345208
345209
345211
345212
345213
345214
345215
345216
345217
345219
345220
345221
345222
345224
345225
345227
345228
345229
345230
345232
345235
345236
345237
345238
345239
345241
345242
345244
345245
345246
345247
345248
345249
345250
345251
345252
345255
345257
345258
345259
345261
345263
345264
345265
345266
345267
345268
345269
345270
345272
345273
345274
345276
345278
345279
345280
345281
345282
345283
345284
345285
345287
345288
345290
345291
345292
345293
345294
345295
345296
345297
345298
345299
345300
345302
345304
345308
345310
345312
345314
345315
345316
345317
345318
345319
345321
345323
345326
345327
345328
345330
345332
345336
345337
345338
345339
345340
345341
345342
345343
345347
345349
345351
345353
345354
345355
345356
345357
345359
345360
345361
345368
345369
345370
345372
345373
345374
345377
345379
345380
345381
345384
345385
345386
345387
345389
345392
345393
345394
345395
345396
345398
345399
345400
345401
345403
345408
345409
345412
345413
345415
345418
345419
345421
345422
345423
345424
345426
345427
345428
345429
345430
345431
345432
345433
345436
345437
345438
345441
345442
345443
345444
345447
345448
345449
345450
345451
345452
345453
345455
345456
345457
345458
345459
345460
345461
345462
345464
345465
345466
345467
345468
345469
345470
345471
345473
345474
345477
345478
345479
345480
345481
345483
345484
345486
345487
345488
345490
345491
345492
345493
345494
345495
345496
345498
345499
345500
345501
345502
345503
345504
345505
345506
345507
345508
345509
345511
345513
345514
345516
345517
345520
345521
345523
345524
345525
345527
345529
345530
345532
345533
345535
345536
345537
345539
345540
345541
345542
345543
345545
345547
345549
345550
345551
345552
345553
345554
345555
345556
345559
345560
345561
345562
345564
345565
345566
345568
345571
345572
345573
345574
345575
345577
345578
345579
345580
345582
345583
345584
345586
345587
345588
345589
345590
345591
345597
345598
345600
345601
345602
345603
345604
345605
345606
345609
345610
345611
345612
345613
345614
345615
345616
345620
345621
345623
345625
345626
345627
345628
345629
345630
345631
345632
345633
345637
345638
345640
345641
345642
345643
345644
345645
345649
345650
345651
345652
345653
345654
345655
345656
345657
345658
345661
345662
345663
345664
345665
345666
345669
345671
345673
345675
345676
345677
345678
345679
345680
345683
345684
345685
345686
345687
345688
345689
345690
345691
345692
345693
345694
345696
345698
345699
345700
345701
345702
345703
345704
345706
345708
345709
345712
345714
345715
345716
345717
345718
345719
345720
345721
345723
345724
345725
345726
345727
345728
345730
345731
345732
345733
345734
345735
345736
345738
345741
345742
345743
345744
345746
345747
345748
345749
345750
345751
345754
345755
345756
345757
345758
345759
345761
345762
345763
345764
345765
345766
345767
345768
345769
345771
345773
345774
345776
345777
345778
345779
345781
345782
345783
345784
345785
345786
345787
345788
345789
345791
345792
345793
345795
345797
345798
345799
345801
345802
345803
345804
345805
345806
345807
345808
345809
345811
345812
345814
345816
345818
345819
345820
345821
345823
345824
345825
345829
345830
345832
345833
345834
345836
345837
345838
345840
345841
345842
345844
345845
345847
345848
345849
345850
345852
345854
345855
345856
345857
345858
345859
345861
345862
345864
345866
345868
345869
345870
345871
345872
345873
345874
345875
345876
345878
345879
345881
345883
345884
345885
345886
345887
345888
345889
345890
345891
345892
345893
345894
345895
345896
345897
345898
345901
345902
345903
345906
345907
345908
345909
345911
345913
345916
345917
345918
345919
345920
345922
345923
345926
345928
345929
345930
345931
345933
345935
345937
345938
345939
345940
345941
345942
345943
345944
345946
345948
345949
345950
345951
345952
345954
345955
345957
345960
345962
345963
345964
345968
345969
345970
345973
345974
345975
345978
345979
345980
345982
345983
345984
345986
345987
345988
345989
345991
345992
345993
345994
345995
345999
346000
346001
346004
346005
346006
346008
346009
346010
346011
346012
346013
346014
346015
346017
346018
346019
346020
346022
346023
346025
346027
346028
346029
346030
346032
346033
346034
346035
346036
346037
346038
346039
346041
346044
346045
346046
346048
346050
346051
346052
346053
346055
346056
346057
346058
346060
346061
346062
346063
346066
346067
346069
346070
346071
346072
346073
346075
346076
346079
346080
346081
346082
346083
346084
346085
346086
346087
346088
346089
346091
346092
346093
346094
346097
346098
346099
346100
346101
346102
346103
346104
346105
346107
346108
346109
346110
346111
346112
346113
346114
346115
346118
346119
346121
346123
346124
346125
346126
346127
346128
346129
346130
346131
346132
346134
346135
346137
346138
346139
346140
346141
346143
346144
346145
346146
346148
346151
346152
346153
346154
346155
346156
346157
346160
346161
346162
346164
346167
346170
346171
346172
346173
346174
346176
346177
346178
346179
346180
346181
346182
346183
346185
346186
346187
346189
346190
346191
346192
346193
346195
346197
346198
346199
346200
346201
346202
346203
346205
346206
346207
346209
346210
346211
346213
346214
346215
346219
346220
346221
346223
346224
346225
346229
346230
346231
346232
346233
346235
346236
346237
346238
346240
346241
346242
346243
346244
346246
346247
346250
346253
346254
346256
346259
346260
346261
346262
346266
346269
346271
346272
346273
346275
346276
346279
346280
346282
346283
346284
346285
346287
346288
346289
346290
346292
346293
346295
346296
346298
346299
346301
346307
346309
346311
346312
346315
346317
346318
346319
346320
346321
346322
346324
346325
346327
346328
346329
346330
346331
346332
346334
346335
346338
346339
346340
346341
346343
346344
346345
346346
346347
346348
346349
346350
346353
346354
346355
346356
346357
346358
346359
346360
346361
346365
346366
346367
346368
346369
346371
346372
346374
346377
346378
346379
346380
346381
346383
346384
346386
346387
346388
346389
346390
346392
346393
346394
346397
346398
346400
346402
346404
346406
346407
346408
346409
346410
346411
346412
346413
346415
346418
346419
346421
346422
346423
346424
346425
346426
346427
346428
346431
346432
346433
346434
346435
346437
346438
346439
346441
346442
346445
346446
346448
346449
346450
346452
346453
346455
346456
346457
346459
346460
346461
346462
346465
346466
346467
346468
346469
346470
346471
346472
346474
346475
346477
346478
346480
346481
346482
346483
346484
346485
346486
346487
346489
346490
346493
346494
346495
346496
346497
346498
346499
346500
346501
346502
346503
346504
346505
346507
346508
346509
346511
346512
346513
346514
346515
346516
346517
346518
346519
346520
346521
346523
346525
346526
346528
346530
346531
346532
346533
346535
346536
346537
346538
346539
346540
346541
346542
346543
346544
346545
346546
346547
346548
346549
346550
346551
346552
346553
346554
346555
346557
346558
346560
346561
346562
346564
346565
346566
346567
346568
346569
346570
346571
346572
346573
346575
346576
346577
346580
346581
346582
346584
346585
346587
346588
346589
346590
346592
346593
346594
346596
346597
346598
346600
346601
346602
346603
346604
346606
346607
346609
346610
346611
346612
346614
346615
346617
346618
346619
346620
346621
346622
346623
346624
346625
346626
346627
346629
346630
346632
346634
346635
346636
346637
346638
346640
346641
346642
346643
346644
346645
346646
346647
346648
346650
346651
346652
346654
346655
346656
346658
346659
346661
346662
346663
346664
346665
346666
346667
346668
346669
346671
346672
346673
346674
346675
346677
346680
346681
346683
346685
346686
346687
346688
346689
346690
346692
346695
346696
346698
346699
346700
346701
346702
346703
346705
346707
346708
346709
346711
346715
346716
346717
346719
346720
346721
346722
346723
346724
346725
346726
346729
346732
346733
346734
346735
346736
346737
346738
346741
346742
346743
346744
346745
346751
346753
346754
346755
346757
346758
346760
346761
346762
346764
346765
346768
346769
346770
346771
346772
346775
346776
346778
346779
346781
346782
346783
346785
346786
346789
346791
346793
346794
346795
346798
346799
346801
346802
346803
346804
346805
346807
346808
346811
346812
346815
346816
346817
346819
346821
346823
346825
346826
346827
346828
346829
346830
346831
346832
346833
346836
346837
346838
346839
346841
346842
346843
346845
346846
346847
346848
346849
346850
346851
346853
346854
346856
346857
346859
346860
346862
346863
346866
346867
346868
346869
346870
346871
346873
346876
346877
346879
346881
346884
346887
346890
346891
346892
346893
346894
346895
346896
346898
346899
346901
346904
346907
346908
346909
346910
346911
346912
346913
346914
346915
346918
346919
346920
346922
346923
346924
346925
346926
346927
346928
346929
346930
346931
346932
346933
346934
346935
346936
346937
346938
346939
346940
346941
346942
346943
346944
346945
346946
346947
346948
346949
346950
346952
346953
346954
346956
346958
346959
346960
346962
346963
346964
346965
346967
346968
346969
346970
346971
346972
346973
346974
346975
346976
346977
346979
346980
346981
346984
346986
346987
346988
346989
346990
346992
346993
346994
346995
346997
346998
347000
347001
347002
347003
347005
347006
347007
347009
347011
347012
347015
347016
347017
347018
347019
347020
347021
347022
347023
347024
347025
347026
347027
347030
347032
347033
347034
347035
347038
347039
347042
347043
347044
347045
347047
347048
347049
347050
347051
347052
347053
347055
347056
347057
347058
347059
347061
347062
347064
347067
347068
347069
347070
347072
347073
347074
347075
347076
347078
347079
347080
347082
347083
347086
347087
347089
347090
347091
347092
347093
347094
347095
347097
347100
347101
347103
347104
347105
347106
347108
347109
347110
347111
347113
347114
347115
347116
347119
347122
347123
347124
347126
347127
347128
347129
347130
347132
347133
347135
347136
347137
347138
347139
347140
347141
347143
347144
347145
347146
347147
347149
347151
347152
347153
347154
347155
347156
347157
347160
347161
347162
347163
347164
347165
347166
347167
347169
347171
347177
347178
347179
347181
347186
347187
347188
347189
347191
347192
347194
347197
347198
347199
347200
347201
347202
347203
347204
347205
347206
347207
347208
347209
347211
347212
347213
347215
347216
347218
347219
347220
347221
347222
347223
347224
347225
347226
347227
347229
347230
347233
347235
347236
347237
347239
347240
347241
347242
347243
347244
347245
347246
347247
347248
347249
347250
347251
347252
347253
347254
347255
347256
347257
347258
347259
347260
347264
347265
347266
347267
347268
347269
347271
347272
347273
347274
347275
347276
347277
347278
347279
347280
347283
347284
347285
347287
347288
347289
347291
347292
347293
347295
347297
347298
347300
347303
347305
347306
347307
347308
347309
347311
347312
347316
347319
347320
347321
347322
347323
347324
347325
347326
347329
347331
347332
347334
347335
347338
347339
347340
347341
347342
347343
347344
347346
347347
347349
347350
347351
347352
347353
347355
347356
347358
347360
347361
347362
347364
347365
347366
347371
347372
347374
347376
347377
347378
347379
347380
347385
347386
347387
347388
347389
347391
347392
347393
347394
347395
347396
347398
347399
347400
347401
347402
347404
347405
347406
347408
347409
347411
347414
347415
347416
347417
347418
347419
347421
347422
347423
347425
347426
347430
347431
347432
347433
347434
347435
347437
347438
347440
347443
347444
347445
347447
347448
347450
347453
347454
347458
347459
347460
347461
347463
347465
347466
347467
347469
347470
347471
347472
347474
347476
347477
347478
347479
347480
347481
347482
347484
347485
347487
347488
347489
347490
347492
347493
347494
347495
347496
347497
347498
347500
347501
347502
347503
347506
347507
347510
347515
347516
347518
347519
347520
347521
347523
347524
347525
347527
347528
347531
347532
347533
347535
347536
347537
347539
347544
347545
347547
347548
347549
347550
347551
347552
347553
347554
347555
347557
347558
347559
347562
347564
347566
347568
347569
347570
347571
347573
347575
347576
347577
347579
347580
347581
347582
347583
347585
347586
347587
347588
347589
347590
347591
347592
347596
347597
347598
347600
347601
347602
347603
347604
347605
347607
347609
347610
347611
347612
347613
347614
347615
347616
347617
347618
347619
347620
347621
347622
347623
347624
347625
347627
347629
347630
347632
347633
347635
347636
347637
347638
347639
347641
347643
347645
347646
347647
347648
347649
347650
347651
347652
347653
347654
347655
347656
347658
347660
347661
347662
347663
347664
347665
347666
347667
347668
347669
347670
347671
347672
347673
347674
347675
347676
347677
347678
347679
347680
347681
347682
347683
347688
347690
347693
347694
347695
347696
347697
347699
347700
347702
347703
347704
347705
347708
347709
347710
347711
347712
347713
347714
347715
347716
347717
347719
347720
347721
347722
347723
347724
347725
347726
347727
347728
347729
347731
347734
347736
347737
347739
347741
347742
347744
347745
347748
347749
347750
347751
347752
347755
347758
347759
347761
347762
347763
347764
347765
347766
347767
347768
347769
347770
347771
347772
347774
347775
347776
347777
347779
347780
347781
347782
347785
347786
347787
347788
347789
347791
347792
347794
347795
347796
347797
347798
347799
347802
347804
347805
347806
347810
347814
347815
347816
347817
347818
347819
347820
347821
347823
347824
347826
347827
347828
347830
347832
347834
347835
347837
347838
347840
347841
347842
347843
347844
347845
347846
347847
347848
347849
347851
347854
347855
347857
347858
347860
347861
347862
347863
347864
347867
347868
347870
347874
347875
347876
347877
347880
347882
347883
347885
347886
347887
347889
347890
347891
347892
347893
347896
347897
347898
347899
347900
347902
347903
347904
347906
347908
347909
347910
347911
347912
347913
347915
347916
347918
347919
347920
347921
347922
347923
347924
347926
347927
347929
347930
347931
347932
347933
347934
347935
347936
347937
347939
347940
347941
347942
347945
347946
347948
347949
347950
347952
347953
347955
347956
347958
347959
347960
347963
347965
347966
347967
347968
347969
347970
347971
347973
347974
347976
347977
347979
347981
347982
347983
347984
347985
347986
347987
347988
347989
347991
347992
347993
347994
347995
347996
347997
347998
347999
348000
348001
348002
348003
348005
348007
348008
348009
348010
348012
348013
348014
348015
348016
348017
348018
348019
348020
348021
348022
348023
348024
348025
348026
348027
348029
348030
348031
348032
348033
348035
348036
348037
348038
348039
348040
348041
348043
348044
348045
348046
348047
348049
348050
348051
348052
348053
348055
348058
348060
348061
348063
348064
348065
348066
348068
348069
348070
348071
348075
348076
348077
348079
348080
348081
348083
348085
348086
348087
348088
348089
348090
348091
348092
348094
348095
348096
348097
348099
348100
348101
348103
348104
348107
348108
348109
348110
348111
348112
348113
348114
348116
348117
348119
348120
348121
348122
348123
348124
348125
348126
348127
348128
348129
348130
348131
348132
348133
348135
348136
348137
348138
348139
348142
348143
348144
348145
348146
348147
348148
348149
348151
348153
348154
348155
348156
348158
348160
348161
348162
348163
348166
348167
348168
348170
348171
348172
348174
348175
348177
348178
348180
348181
348182
348183
348184
348185
348186
348187
348188
348189
348190
348191
348192
348194
348195
348196
348197
348198
348200
348201
348202
348204
348205
348206
348209
348211
348212
348215
348217
348218
348219
348221
348222
348224
348225
348226
348229
348230
348231
348232
348233
348234
348235
348236
348237
348238
348240
348241
348242
348243
348244
348245
348247
348250
348251
348253
348254
348256
348257
348258
348260
348261
348262
348263
348265
348266
348267
348268
348269
348270
348271
348273
348274
348275
348276
348277
348278
348280
348282
348283
348284
348285
348286
348288
348289
348290
348291
348292
348293
348294
348296
348298
348299
348300
348301
348305
348308
348309
348310
348311
348313
348315
348316
348317
348318
348320
348321
348323
348324
348326
348327
348328
348332
348333
348335
348336
348337
348338
348340
348341
348342
348344
348345
348347
348348
348351
348352
348353
348354
348355
348356
348357
348358
348360
348361
348363
348364
348365
348367
348368
348369
348370
348372
348374
348375
348377
348378
348379
348380
348381
348384
348385
348387
348388
348390
348393
348394
348395
348396
348397
348398
348399
348403
348405
348409
348410
348411
348412
348413
348414
348415
348417
348418
348420
348421
348422
348423
348424
348425
348426
348427
348428
348429
348430
348431
348432
348433
348435
348436
348437
348438
348440
348441
348442
348443
348444
348445
348446
348447
348448
348449
348450
348451
348453
348454
348455
348456
348457
348459
348460
348462
348463
348464
348465
348466
348467
348468
348469
348470
348472
348473
348474
348475
348476
348477
348478
348479
348480
348481
348482
348485
348486
348487
348488
348489
348491
348492
348493
348494
348495
348496
348497
348498
348499
348500
348501
348502
348503
348505
348506
348507
348508
348509
348510
348511
348512
348513
348514
348515
348516
348517
348518
348519
348520
348521
348522
348523
348524
348525
348526
348528
348529
348530
348531
348532
348533
348535
348536
348537
348538
348539
348540
348542
348543
348544
348545
348546
348547
348548
348549
348550
348551
348552
348554
348555
348556
348557
348558
348559
348560
348561
348562
348563
348564
348565
348566
348567
348568
348569
348571
348572
348573
348574
348575
348576
348577
348578
348579
348580
348581
348582
348583
348584
348585
348586
348588
348589
348591
348592
348593
348596
348597
348598
348599
348600
348601
348603
348605
348606
348607
348608
348609
348610
348614
348615
348616
348617
348618
348619
348620
348621
348622
348624
348626
348628
348629
348630
348631
348632
348634
348637
348638
348639
348640
348644
348645
348646
348647
348648
348649
348650
348652
348653
348654
348655
348656
348660
348662
348663
348664
348665
348666
348667
348668
348669
348671
348672
348673
348674
348678
348681
348682
348687
348690
348692
348693
348696
348697
348698
348701
348702
348703
348707
348708
348710
348711
348712
348713
348714
348715
348716
348717
348718
348719
348722
348723
348724
348727
348728
348729
348731
348732
348733
348734
348735
348736
348738
348739
348740
348741
348742
348744
348745
348746
348747
348748
348749
348750
348751
348753
348754
348755
348757
348758
348759
348760
348762
348763
348764
348766
348767
348768
348770
348771
348772
348773
348774
348775
348777
348778
348779
348780
348781
348782
348783
348784
348785
348786
348788
348789
348790
348791
348792
348793
348794
348795
348796
348797
348798
348799
348800
348802
348803
348804
348807
348808
348809
348810
348811
348812
348813
348814
348816
348819
348823
348825
348828
348829
348830
348832
348833
348834
348835
348836
348837
348838
348839
348842
348843
348845
348846
348847
348848
348850
348851
348853
348854
348855
348857
348858
348859
348860
348861
348863
348864
348865
348867
348868
348869
348870
348872
348873
348875
348876
348877
348878
348880
348881
348882
348883
348884
348887
348888
348890
348891
348892
348893
348894
348895
348896
348898
348899
348904
348905
348906
348907
348908
348909
348910
348911
348912
348913
348914
348915
348916
348917
348918
348919
348920
348921
348922
348923
348926
348927
348928
348929
348930
348932
348933
348934
348935
348936
348938
348939
348940
348941
348942
348943
348944
348945
348946
348949
348950
348951
348952
348953
348956
348957
348959
348966
348968
348969
348970
348971
348972
348973
348974
348976
348977
348978
348979
348981
348982
348984
348985
348986
348987
348988
348990
348991
348992
348993
348994
348995
348997
348998
349000
349001
349003
349004
349006
349007
349009
349010
349011
349012
349014
349015
349016
349017
349018
349019
349020
349022
349023
349025
349027
349029
349030
349031
349032
349033
349034
349035
349039
349041
349042
349043
349044
349045
349046
349047
349048
349049
349052
349053
349054
349055
349056
349057
349058
349059
349060
349061
349064
349065
349066
349067
349069
349071
349072
349073
349075
349076
349077
349078
349079
349080
349081
349082
349083
349084
349085
349086
349087
349088
349090
349092
349093
349094
349095
349096
349097
349098
349099
349100
349104
349105
349106
349107
349108
349114
349116
349117
349118
349119
349120
349121
349124
349125
349126
349128
349129
349131
349135
349138
349139
349140
349141
349142
349144
349146
349147
349150
349151
349152
349154
349157
349158
349159
349160
349161
349163
349164
349165
349166
349167
349169
349171
349172
349174
349175
349176
349177
349179
349180
349181
349182
349183
349184
349185
349186
349187
349190
349191
349192
349193
349194
349195
349196
349197
349198
349199
349200
349201
349202
349203
349204
349205
349206
349207
349209
349210
349212
349213
349214
349216
349217
349218
349221
349222
349223
349225
349226
349227
349228
349229
349231
349232
349233
349234
349235
349236
349239
349240
349241
349242
349244
349245
349246
349247
349248
349249
349250
349252
349253
349254
349256
349257
349258
349259
349260
349262
349263
349267
349268
349272
349273
349275
349277
349278
349279
349280
349281
349282
349283
349286
349287
349288
349289
349290
349291
349293
349295
349296
349297
349298
349299
349300
349301
349302
349303
349304
349305
349309
349310
349311
349313
349315
349316
349318
349319
349320
349322
349323
349324
349326
349327
349328
349329
349330
349333
349334
349335
349337
349340
349341
349342
349343
349345
349346
349347
349349
349351
349352
349354
349355
349361
349362
349363
349364
349365
349366
349368
349369
349370
349372
349373
349375
349376
349377
349378
349379
349380
349381
349382
349383
349386
349388
349390
349391
349392
349393
349394
349395
349397
349398
349401
349404
349405
349407
349408
349409
349411
349412
349413
349414
349415
349416
349417
349419
349422
349423
349426
349427
349430
349431
349432
349433
349435
349436
349437
349438
349439
349441
349442
349444
349445
349446
349447
349448
349449
349451
349452
349454
349455
349456
349457
349458
349459
349461
349462
349463
349464
349465
349468
349469
349471
349472
349473
349475
349477
349478
349479
349480
349482
349483
349486
349487
349489
349490
349493
349494
349495
349497
349498
349499
349500
349502
349503
349504
349505
349506
349510
349511
349512
349514
349515
349517
349519
349520
349521
349522
349524
349525
349526
349527
349528
349529
349530
349531
349532
349533
349534
349535
349536
349537
349538
349539
349540
349541
349543
349544
349545
349546
349547
349548
349551
349552
349553
349554
349556
349557
349558
349559
349560
349562
349564
349566
349567
349568
349569
349570
349572
349573
349575
349577
349580
349581
349583
349585
349586
349588
349589
349593
349594
349597
349598
349599
349600
349601
349602
349603
349604
349607
349608
349610
349611
349612
349613
349614
349615
349616
349618
349620
349621
349622
349623
349624
349626
349627
349628
349629
349632
349633
349634
349635
349636
349637
349638
349639
349640
349641
349644
349645
349646
349647
349648
349649
349651
349652
349653
349654
349656
349658
349659
349660
349661
349662
349663
349664
349667
349668
349669
349670
349671
349673
349675
349676
349677
349679
349680
349681
349682
349683
349684
349685
349686
349687
349688
349689
349691
349692
349693
349697
349698
349699
349700
349702
349704
349705
349706
349707
349708
349709
349710
349713
349714
349715
349716
349717
349718
349720
349721
349722
349723
349725
349726
349727
349730
349732
349734
349735
349736
349737
349740
349741
349742
349745
349750
349751
349754
349757
349758
349759
349760
349761
349764
349765
349766
349768
349769
349772
349773
349774
349775
349776
349777
349779
349780
349781
349784
349785
349789
349791
349792
349794
349795
349797
349798
349800
349801
349802
349803
349804
349805
349806
349807
349808
349809
349810
349811
349812
349814
349815
349816
349817
349820
349821
349822
349823
349824
349825
349827
349828
349829
349832
349833
349834
349836
349837
349839
349841
349842
349843
349844
349845
349846
349847
349848
349849
349850
349851
349852
349853
349854
349856
349857
349858
349859
349862
349863
349864
349865
349867
349868
349869
349870
349871
349872
349873
349874
349875
349876
349877
349878
349879
349880
349881
349882
349883
349884
349885
349886
349887
349888
349890
349891
349893
349895
349896
349897
349898
349899
349900
349901
349902
349903
349904
349905
349908
349910
349911
349912
349913
349914
349917
349921
349926
349927
349931
349935
349936
349937
349938
349939
349940
349941
349942
349943
349944
349945
349946
349948
349950
349951
349952
349953
349955
349956
349957
349958
349959
349960
349961
349963
349965
349966
349967
349968
349969
349970
349971
349972
349973
349975
349976
349978
349979
349980
349981
349982
349983
349985
349986
349987
349988
349989
349990
349991
349992
349993
349995
349996
349997
349998
349999
350000
350001
350002
350004
350007
350008
350010
350011
350012
350013
350014
350015
350016
350018
350019
350020
350023
350024
350026
350027
350029
350030
350032
350033
350034
350035
350036
350037
350038
350039
350040
350041
350042
350044
350046
350049
350050
350056
350058
350062
350064
350065
350066
350068
350070
350071
350072
350073
350074
350084
350085
350086
350087
350088
350089
350090
350091
350093
350094
350095
350096
350097
350098
350099
350101
350103
350104
350106
350111
350114
350115
350116
350117
350120
350121
350122
350124
350125
350126
350127
350128
350130
350131
350132
350133
350134
350135
350136
350139
350140
350141
350142
350143
350144
350145
350147
350149
350150
350151
350153
350154
350155
350156
350157
350158
350159
350160
350161
350162
350163
350164
350165
350168
350170
350172
350173
350176
350177
350178
350180
350181
350182
350183
350184
350185
350186
350187
350189
350195
350197
350203
350204
350205
350206
350207
350208
350210
350211
350213
350214
350216
350217
350218
350219
350220
350223
350225
350226
350228
350229
350230
350231
350233
350236
350237
350239
350240
350241
350242
350243
350246
350247
350248
350249
350251
350252
350253
350254
350255
350256
350257
350258
350259
350260
350261
350262
350263
350264
350265
350266
350267
350268
350269
350270
350272
350273
350274
350275
350278
350280
350282
350283
350284
350286
350287
350288
350289
350291
350292
350293
350295
350297
350299
350300
350301
350302
350303
350304
350305
350306
350307
350309
350312
350314
350315
350316
350317
350319
350320
350322
350323
350324
350326
350328
350329
350330
350331
350332
350333
350334
350337
350338
350339
350340
350341
350342
350343
350344
350345
350346
350347
350348
350349
350351
350352
350353
350354
350355
350356
350357
350358
350359
350361
350362
350363
350364
350365
350366
350367
350368
350369
350370
350371
350372
350376
350377
350378
350379
350380
350382
350383
350385
350388
350390
350391
350392
350393
350394
350395
350397
350398
350399
350400
350401
350403
350404
350405
350407
350408
350409
350410
350411
350412
350413
350414
350415
350416
350417
350419
350420
350421
350422
350423
350424
350425
350426
350427
350428
350430
350431
350433
350434
350435
350437
350438
350439
350441
350442
350445
350446
350447
350448
350450
350453
350454
350456
350459
350461
350463
350464
350465
350467
350469
350470
350471
350472
350474
350475
350477
350479
350481
350484
350485
350486
350487
350489
350490
350491
350492
350494
350495
350497
350498
350499
350500
350502
350504
350506
350508
350509
350510
350511
350514
350516
350517
350519
350520
350521
350522
350526
350527
350528
350530
350531
350532
350533
350534
350535
350537
350538
350539
350542
350543
350544
350546
350547
350550
350551
350555
350556
350557
350558
350560
350561
350562
350563
350564
350565
350566
350567
350568
350569
350570
350571
350572
350575
350576
350577
350578
350579
350580
350581
350584
350585
350589
350590
350592
350594
350595
350597
350598
350600
350601
350602
350603
350604
350605
350606
350607
350608
350611
350612
350613
350614
350615
350617
350618
350619
350620
350621
350622
350623
350625
350627
350629
350632
350634
350635
350636
350637
350639
350640
350641
350642
350643
350644
350646
350647
350648
350649
350650
350651
350652
350653
350656
350657
350658
350659
350660
350661
350662
350663
350664
350665
350668
350669
350670
350671
350673
350674
350675
350676
350679
350680
350681
350683
350685
350689
350691
350692
350693
350695
350697
350699
350700
350701
350702
350703
350704
350705
350706
350709
350710
350711
350712
350714
350715
350717
350718
350719
350721
350722
350725
350728
350730
350731
350734
350735
350736
350737
350738
350739
350740
350742
350744
350745
350747
350748
350754
350756
350758
350759
350761
350763
350764
350765
350766
350768
350770
350771
350772
350774
350777
350778
350781
350782
350783
350784
350785
350787
350790
350793
350795
350796
350797
350798
350800
350802
350803
350805
350808
350809
350810
350811
350812
350813
350814
350818
350820
350821
350824
350826
350827
350828
350829
350831
350833
350834
350835
350837
350838
350839
350840
350841
350842
350843
350844
350845
350846
350849
350851
350852
350853
350854
350855
350856
350857
350861
350862
350863
350864
350865
350866
350868
350869
350870
350871
350874
350876
350877
350880
350882
350883
350884
350885
350886
350887
350888
350890
350891
350892
350893
350894
350895
350896
350897
350898
350899
350900
350901
350902
350903
350904
350905
350906
350907
350908
350909
350910
350911
350912
350914
350916
350917
350918
350919
350920
350922
350923
350925
350926
350927
350928
350929
350930
350932
350933
350934
350935
350937
350940
350941
350942
350943
350944
350946
350947
350948
350949
350951
350952
350953
350954
350957
350958
350960
350961
350962
350965
350967
350968
350969
350971
350972
350974
350975
350976
350977
350979
350980
350981
350982
350983
350984
350985
350986
350991
350992
350993
350994
350995
350996
350997
351000
351001
351002
351004
351006
351007
351008
351009
351011
351012
351013
351015
351017
351018
351019
351021
351023
351024
351025
351026
351027
351028
351029
351030
351032
351034
351035
351036
351038
351040
351041
351043
351044
351045
351046
351047
351048
351049
351050
351051
351052
351053
351054
351055
351057
351058
351060
351061
351062
351063
351066
351067
351070
351074
351075
351077
351078
351079
351081
351083
351085
351086
351087
351088
351089
351092
351093
351094
351095
351097
351098
351100
351101
351102
351104
351106
351107
351109
351110
351112
351113
351114
351115
351116
351117
351118
351119
351120
351121
351122
351123
351126
351127
351128
351129
351130
351131
351132
351134
351135
351139
351140
351141
351142
351143
351144
351146
351147
351150
351151
351153
351154
351155
351156
351158
351159
351160
351161
351162
351163
351165
351166
351171
351172
351173
351176
351177
351178
351179
351180
351182
351184
351185
351186
351187
351189
351190
351191
351193
351194
351195
351197
351198
351199
351200
351201
351202
351203
351204
351206
351207
351208
351211
351212
351213
351214
351215
351216
351218
351219
351220
351221
351222
351223
351224
351225
351227
351228
351229
351230
351232
351233
351234
351235
351236
351237
351238
351239
351240
351242
351243
351244
351246
351247
351249
351250
351251
351252
351253
351255
351257
351258
351259
351260
351261
351262
351263
351264
351267
351268
351269
351270
351273
351274
351275
351276
351277
351281
351282
351285
351286
351289
351291
351293
351294
351295
351296
351297
351298
351299
351300
351301
351302
351304
351305
351307
351308
351310
351311
351314
351315
351316
351317
351318
351320
351321
351322
351323
351324
351325
351326
351328
351329
351330
351332
351333
351334
351336
351337
351338
351341
351342
351343
351344
351346
351347
351350
351351
351352
351353
351354
351355
351356
351357
351358
351359
351361
351363
351364
351366
351367
351369
351371
351372
351373
351374
351375
351376
351379
351381
351382
351384
351385
351389
351390
351392
351393
351394
351396
351397
351398
351400
351401
351402
351403
351404
351405
351406
351407
351408
351409
351412
351413
351414
351415
351416
351417
351418
351419
351420
351421
351422
351423
351424
351425
351426
351427
351428
351429
351430
351431
351432
351433
351434
351435
351436
351437
351438
351439
351440
351441
351442
351443
351444
351445
351446
351448
351450
351451
351452
351453
351455
351456
351457
351458
351459
351460
351461
351463
351464
351465
351466
351468
351469
351470
351471
351472
351474
351475
351476
351477
351478
351479
351481
351482
351483
351485
351486
351488
351490
351491
351492
351494
351495
351496
351497
351498
351499
351500
351501
351502
351503
351504
351506
351507
351509
351510
351511
351512
351513
351514
351515
351516
351517
351518
351519
351520
351521
351522
351523
351524
351525
351526
351527
351528
351529
351530
351531
351533
351534
351535
351537
351538
351539
351540
351541
351542
351543
351544
351546
351547
351548
351550
351552
351553
351554
351555
351557
351558
351559
351560
351561
351562
351563
351564
351565
351566
351567
351568
351570
351571
351572
351573
351574
351575
351576
351577
351578
351579
351580
351581
351582
351583
351584
351585
351586
351587
351589
351590
351591
351592
351593
351594
351595
351596
351599
351600
351601
351602
351603
351604
351605
351606
351607
351608
351609
351610
351611
351612
351613
351614
351615
351616
351617
351618
351619
351620
351621
351622
351623
351624
351625
351626
351627
351628
351629
351630
351632
351633
351635
351637
351638
351639
351640
351641
351642
351644
351646
351647
351648
351649
351650
351651
351652
351653
351655
351656
351657
351658
351660
351661
351662
351663
351664
351665
351666
351667
351669
351670
351671
351672
351673
351674
351676
351677
351678
351679
351680
351681
351684
351686
351688
351689
351690
351691
351692
351694
351695
351697
351698
351699
351700
351702
351703
351705
351706
351707
351708
351709
351711
351712
351713
351714
351715
351716
351718
351719
351720
351722
351723
351725
351728
351730
351732
351734
351735
351736
351737
351738
351740
351741
351745
351747
351748
351749
351750
351751
351753
351754
351755
351757
351758
351759
351760
351761
351762
351763
351766
351767
351768
351769
351770
351776
351778
351780
351782
351783
351784
351785
351786
351787
351788
351789
351790
351791
351792
351793
351794
351795
351796
351798
351799
351801
351803
351804
351805
351806
351807
351808
351809
351811
351812
351813
351816
351817
351818
351819
351820
351821
351825
351826
351827
351830
351831
351832
351833
351836
351837
351839
351840
351841
351842
351843
351844
351846
351847
351848
351849
351850
351852
351853
351854
351855
351856
351857
351858
351859
351860
351862
351863
351864
351866
351867
351869
351871
351873
351875
351876
351878
351879
351880
351881
351882
351884
351886
351887
351889
351890
351891
351893
351894
351895
351896
351899
351902
351903
351905
351906
351907
351908
351911
351912
351914
351915
351917
351918
351919
351920
351921
351922
351923
351924
351925
351927
351928
351929
351933
351934
351935
351937
351938
351940
351941
351942
351943
351944
351946
351947
351948
351950
351951
351952
351954
351955
351956
351958
351959
351960
351961
351962
351963
351964
351965
351966
351968
351970
351971
351972
351975
351976
351977
351978
351979
351980
351981
351983
351984
351985
351986
351988
351990
351991
351992
351993
351994
351995
351996
351997
351998
352001
352003
352004
352005
352006
352007
352009
352012
352014
352015
352016
352017
352018
352019
352021
352022
352025
352026
352027
352030
352031
352032
352033
352034
352035
352036
352038
352039
352040
352041
352042
352043
352044
352046
352047
352048
352049
352051
352052
352054
352056
352057
352059
352060
352062
352063
352064
352065
352066
352067
352068
352069
352070
352071
352073
352074
352075
352076
352077
352078
352079
352080
352081
352082
352084
352085
352088
352089
352092
352093
352094
352095
352096
352097
352098
352099
352100
352101
352104
352105
352106
352107
352108
352109
352110
352113
352114
352115
352116
352117
352119
352120
352121
352122
352124
352125
352126
352127
352128
352129
352130
352132
352133
352135
352136
352137
352138
352139
352140
352141
352142
352144
352145
352146
352148
352149
352150
352151
352152
352153
352154
352156
352157
352159
352160
352161
352162
352163
352164
352165
352166
352167
352169
352170
352171
352172
352173
352174
352175
352178
352179
352180
352181
352182
352183
352184
352185
352186
352187
352188
352190
352191
352192
352194
352196
352198
352199
352200
352201
352202
352203
352205
352207
352208
352209
352211
352212
352213
352214
352215
352216
352217
352219
352220
352221
352222
352224
352225
352227
352228
352229
352230
352231
352232
352233
352234
352235
352236
352237
352238
352239
352240
352242
352243
352245
352246
352247
352248
352249
352251
352252
352253
352254
352255
352256
352257
352258
352259
352260
352261
352262
352263
352264
352265
352266
352267
352268
352270
352271
352272
352273
352274
352275
352276
352277
352278
352279
352280
352281
352282
352283
352284
352285
352286
352287
352288
352289
352290
352291
352292
352293
352295
352296
352297
352298
352299
352300
352301
352302
352303
352304
352305
352306
352308
352309
352311
352312
352313
352314
352315
352316
352317
352318
352320
352321
352322
352323
352325
352326
352327
352328
352329
352330
352331
352333
352334
352335
352336
352338
352340
352341
352342
352343
352344
352345
352346
352347
352348
352350
352351
352353
352354
352355
352356
352357
352358
352359
352360
352361
352363
352364
352365
352366
352367
352369
352370
352371
352372
352374
352375
352376
352377
352378
352379
352380
352381
352382
352383
352385
352386
352388
352389
352390
352391
352393
352394
352395
352396
352397
352398
352399
352401
352403
352404
352405
352406
352407
352409
352410
352412
352413
352414
352415
352416
352417
352418
352420
352421
352426
352427
352428
352429
352430
352431
352432
352434
352435
352436
352437
352438
352439
352442
352443
352444
352445
352447
352448
352450
352451
352452
352453
352454
352456
352457
352459
352460
352461
352463
352464
352465
352466
352469
352471
352473
352474
352475
352476
352479
352481
352482
352483
352485
352487
352488
352489
352490
352492
352494
352496
352497
352498
352499
352501
352502
352503
352505
352506
352507
352508
352509
352510
352514
352515
352516
352517
352518
352519
352520
352521
352522
352523
352524
352525
352526
352527
352528
352529
352530
352532
352533
352535
352536
352537
352538
352541
352543
352545
352546
352547
352548
352549
352551
352552
352553
352555
352556
352561
352562
352563
352565
352566
352567
352569
352571
352572
352573
352574
352576
352577
352578
352581
352583
352584
352585
352586
352587
352589
352590
352591
352592
352594
352595
352596
352597
352598
352599
352601
352602
352603
352604
352605
352606
352608
352609
352610
352612
352613
352614
352615
352616
352617
352618
352619
352620
352624
352627
352628
352629
352630
352631
352635
352636
352637
352640
352641
352643
352644
352645
352646
352647
352648
352650
352651
352652
352653
352654
352656
352657
352661
352663
352664
352665
352667
352670
352672
352673
352675
352677
352679
352680
352681
352682
352683
352684
352686
352687
352688
352689
352691
352693
352694
352695
352696
352697
352698
352701
352702
352703
352704
352705
352706
352707
352708
352709
352710
352711
352712
352713
352715
352717
352719
352720
352722
352723
352725
352726
352727
352728
352729
352731
352732
352733
352734
352735
352736
352737
352738
352739
352741
352742
352743
352744
352745
352746
352747
352748
352750
352751
352752
352753
352754
352755
352756
352757
352758
352759
352761
352762
352763
352764
352765
352766
352767
352769
352771
352773
352774
352775
352776
352777
352778
352779
352780
352782
352783
352784
352786
352787
352790
352791
352795
352796
352798
352799
352800
352801
352802
352803
352804
352805
352806
352807
352808
352809
352810
352811
352812
352815
352817
352819
352820
352823
352824
352826
352827
352828
352829
352830
352831
352834
352836
352837
352839
352840
352841
352842
352843
352844
352845
352847
352848
352849
352853
352854
352855
352856
352857
352858
352860
352861
352862
352865
352866
352867
352869
352870
352871
352872
352873
352874
352875
352878
352879
352881
352882
352883
352884
352885
352886
352887
352888
352889
352890
352891
352892
352893
352894
352895
352896
352897
352898
352899
352900
352901
352902
352904
352905
352906
352907
352908
352909
352910
352911
352912
352913
352915
352916
352917
352921
352923
352925
352927
352928
352929
352930
352931
352933
352934
352935
352936
352937
352938
352939
352940
352941
352942
352944
352945
352946
352948
352949
352951
352952
352953
352954
352955
352956
352957
352958
352959
352960
352961
352962
352963
352964
352968
352969
352970
352971
352972
352973
352974
352975
352976
352977
352978
352979
352980
352981
352982
352983
352984
352985
352986
352987
352988
352989
352990
352992
352993
352994
352995
352997
352999
353000
353001
353002
353003
353004
353005
353006
353008
353009
353011
353013
353014
353015
353016
353017
353018
353019
353020
353021
353022
353023
353024
353025
353026
353027
353028
353029
353030
353031
353032
353033
353034
353035
353036
353037
353038
353039
353040
353041
353042
353043
353044
353045
353046
353047
353048
353049
353050
353051
353052
353053
353054
353055
353056
353057
353058
353059
353060
353061
353062
353063
353065
353066
353067
353068
353069
353070
353071
353072
353073
353074
353075
353076
353077
353078
353080
353081
353082
353083
353085
353086
353087
353088
353089
353090
353091
353092
353093
353094
353096
353097
353100
353102
353103
353104
353106
353108
353109
353110
353111
353112
353113
353114
353115
353116
353117
353118
353120
353121
353122
353125
353127
353128
353129
353131
353132
353135
353136
353137
353138
353139
353141
353142
353143
353144
353145
353147
353148
353149
353151
353153
353156
353157
353158
353160
353161
353162
353163
353164
353165
353168
353169
353170
353171
353172
353173
353174
353175
353216
353220
353224
353225
353226
353229
353231
353232
353233
353234
353235
353236
353237
353238
353239
353240
353242
353243
353244
353245
353246
353247
353248
353249
353250
353251
353252
353253
353255
353256
353259
353260
353261
353262
353263
353264
353265
353266
353267
353268
353269
353272
353273
353274
353275
353276
353278
353279
353280
353281
353282
353283
353284
353285
353286
353287
353288
353290
353291
353292
353293
353295
353296
353297
353298
353299
353300
353303
353304
353306
353307
353308
353309
353310
353311
353312
353313
353316
353317
353318
353320
353321
353322
353323
353325
353326
353327
353328
353329
353331
353332
353333
353335
353337
353338
353339
353340
353341
353345
353365
353366
353370
353372
353373
353375
353377
353378
353379
353381
353384
353385
353386
353387
353388
353390
353391
353392
353393
353394
353395
353396
353397
353399
353400
353401
353403
353404
353405
353406
353407
353409
353410
353411
353412
353413
353414
353415
353416
353418
353420
353422
353423
353425
353426
353428
353429
353431
353432
353433
353435
353437
353438
353439
353440
353441
353442
353443
353444
353446
353447
353449
353450
353451
353453
353454
353455
353456
353457
353458
353459
353460
353461
353463
353466
353467
353468
353469
353471
353472
353473
353474
353475
353477
353478
353482
353484
353486
353487
353488
353490
353491
353492
353493
353494
353495
353496
353497
353499
353500
353502
353503
353504
353505
353506
353509
353511
353512
353514
353515
353516
353517
353518
353519
353521
353522
353524
353525
353527
353530
353532
353537
353539
353540
353542
353543
353545
353547
353548
353549
353552
353554
353555
353556
353557
353559
353561
353562
353563
353564
353565
353567
353570
353572
353573
353574
353575
353576
353577
353578
353579
353581
353583
353584
353585
353586
353589
353590
353591
353592
353595
353596
353597
353598
353599
353600
353601
353602
353605
353606
353607
353609
353610
353611
353613
353614
353615
353616
353619
353622
353626
353627
353629
353630
353631
353633
353634
353637
353640
353641
353642
353643
353645
353646
353647
353648
353650
353653
353654
353655
353656
353659
353661
353662
353663
353664
353665
353667
353668
353669
353670
353673
353676
353678
353681
353683
353684
353685
353687
353689
353690
353691
353692
353694
353695
353696
353697
353698
353699
353701
353702
353704
353705
353706
353707
353708
353709
353711
353712
353713
353714
353716
353717
353718
353719
353720
353722
353723
353724
353725
353728
353729
353730
353731
353732
353733
353741
353746
353750
353751
353752
353754
353756
353757
353760
353767
353769
353771
353773
353774
353775
353776
353777
353779
353780
353781
353782
353783
353784
353786
353787
353788
353790
353793
353795
353797
353798
353799
353800
353802
353805
353808
353809
353811
353812
353813
353814
353815
353817
353818
353820
353821
353822
353823
353824
353825
353826
353827
353828
353829
353830
353831
353832
353833
353834
353835
353836
353839
353841
353842
353843
353844
353845
353846
353847
353848
353849
353850
353852
353853
353854
353855
353856
353857
353858
353860
353861
353862
353863
353864
353865
353866
353867
353869
353871
353873
353875
353876
353877
353878
353879
353883
353886
353887
353888
353889
353891
353892
353893
353894
353896
353897
353898
353899
353900
353902
353904
353905
353906
353907
353908
353910
353911
353913
353914
353915
353916
353917
353918
353919
353920
353922
353924
353925
353926
353927
353928
353929
353931
353932
353933
353934
353936
353937
353939
353940
353942
353943
353944
353945
353948
353949
353950
353951
353952
353953
353954
353958
353960
353963
353964
353965
353966
353969
353972
353973
353975
353976
353977
353978
353981
353983
353984
353986
353987
353988
353989
353991
353992
353993
353994
353995
353998
353999
354000
354001
354002
354003
354005
354007
354009
354010
354011
354012
354014
354015
354016
354017
354018
354019
354020
354022
354023
354026
354028
354029
354032
354033
354034
354035
354036
354037
354039
354040
354042
354043
354044
354045
354046
354049
354050
354052
354053
354055
354057
354059
354061
354063
354064
354065
354066
354067
354068
354069
354070
354071
354072
354073
354074
354075
354076
354077
354078
354079
354080
354082
354083
354084
354085
354086
354087
354088
354089
354090
354091
354092
354094
354095
354096
354097
354098
354099
354100
354102
354103
354104
354105
354106
354108
354109
354111
354112
354114
354115
354116
354118
354121
354122
354123
354124
354126
354128
354129
354130
354131
354132
354133
354135
354136
354137
354138
354139
354140
354141
354142
354145
354146
354148
354149
354152
354154
354155
354156
354160
354161
354162
354164
354165
354167
354168
354169
354170
354171
354175
354177
354179
354181
354184
354185
354186
354187
354188
354190
354191
354192
354193
354194
354195
354196
354198
354200
354201
354203
354204
354206
354207
354208
354210
354215
354217
354218
354219
354221
354222
354225
354226
354227
354228
354229
354230
354231
354232
354233
354234
354235
354236
354237
354238
354240
354241
354242
354243
354244
354245
354246
354247
354249
354250
354251
354252
354254
354257
354259
354260
354261
354263
354264
354267
354268
354269
354270
354271
354272
354275
354276
354277
354278
354280
354281
354282
354283
354285
354287
354288
354289
354290
354291
354293
354295
354297
354298
354300
354301
354302
354303
354304
354305
354306
354307
354309
354311
354312
354313
354316
354317
354320
354321
354322
354324
354325
354326
354328
354329
354330
354331
354333
354334
354335
354336
354337
354339
354340
354341
354343
354344
354345
354346
354347
354348
354349
354352
354355
354356
354358
354359
354360
354362
354363
354366
354368
354369
354370
354371
354372
354375
354376
354378
354380
354381
354382
354383
354387
354388
354389
354391
354394
354396
354397
354398
354399
354400
354401
354403
354404
354405
354407
354409
354410
354411
354412
354413
354414
354415
354416
354419
354420
354421
354422
354423
354424
354425
354427
354428
354429
354430
354432
354433
354434
354435
354436
354437
354438
354439
354441
354442
354443
354444
354446
354447
354449
354450
354452
354454
354455
354456
354457
354458
354459
354460
354461
354463
354464
354465
354466
354470
354471
354473
354474
354475
354476
354477
354478
354479
354480
354481
354482
354483
354485
354486
354487
354488
354489
354490
354492
354493
354494
354495
354497
354498
354499
354500
354501
354502
354503
354504
354505
354506
354508
354509
354510
354511
354512
354513
354514
354515
354516
354517
354518
354521
354522
354523
354525
354526
354527
354528
354529
354530
354532
354533
354534
354536
354539
354540
354542
354544
354545
354546
354548
354549
354550
354552
354553
354554
354559
354560
354561
354567
354569
354570
354571
354572
354573
354574
354577
354578
354580
354582
354583
354584
354585
354587
354590
354591
354594
354595
354596
354599
354600
354601
354604
354605
354607
354608
354611
354612
354613
354615
354616
354617
354619
354620
354621
354622
354623
354624
354625
354629
354630
354631
354632
354634
354636
354638
354639
354640
354641
354642
354643
354645
354646
354648
354649
354651
354652
354653
354654
354655
354656
354657
354658
354660
354661
354662
354664
354665
354666
354667
354668
354669
354670
354671
354672
354673
354674
354677
354678
354679
354681
354684
354685
354686
354687
354688
354689
354691
354692
354693
354694
354695
354697
354700
354701
354704
354705
354707
354709
354711
354712
354714
354715
354716
354717
354718
354719
354720
354722
354725
354726
354727
354728
354729
354731
354732
354733
354734
354735
354738
354739
354740
354742
354743
354744
354745
354746
354747
354748
354749
354750
354752
354753
354755
354757
354759
354760
354761
354762
354763
354764
354766
354767
354768
354770
354772
354773
354774
354775
354776
354777
354778
354780
354781
354782
354783
354784
354785
354786
354787
354788
354789
354790
354791
354792
354793
354794
354795
354796
354798
354799
354800
354801
354802
354804
354805
354806
354808
354809
354811
354812
354813
354814
354815
354816
354817
354818
354819
354820
354821
354822
354823
354824
354825
354826
354827
354828
354829
354830
354831
354832
354833
354834
354835
354836
354837
354838
354839
354840
354841
354842
354843
354844
354845
354846
354847
354848
354849
354850
354851
354853
354854
354855
354856
354857
354858
354859
354860
354861
354862
354863
354864
354865
354866
354867
354868
354870
354871
354872
354873
354874
354875
354878
354879
354880
354881
354882
354883
354884
354885
354886
354887
354889
354890
354891
354892
354893
354895
354896
354897
354898
354899
354900
354901
354902
354903
354904
354905
354906
354907
354908
354909
354910
354911
354912
354913
354915
354916
354917
354919
354921
354922
354924
354925
354927
354928
354930
354932
354935
354936
354937
354938
354940
354941
354942
354944
354946
354947
354948
354949
354950
354951
354953
354954
354955
354958
354960
354961
354965
354966
354967
354968
354969
354970
354973
354974
354977
354978
354979
354980
354981
354985
354987
354988
354989
354991
354993
354994
354997
354998
354999
355001
355004
355005
355007
355010
355011
355012
355013
355014
355015
355016
355017
355018
355019
355021
355023
355024
355026
355029
355030
355031
355032
355035
355036
355037
355038
355040
355041
355042
355043
355044
355047
355048
355049
355052
355055
355056
355058
355060
355062
355063
355065
355067
355069
355070
355071
355072
355074
355075
355076
355077
355080
355081
355082
355085
355086
355087
355088
355089
355090
355092
355093
355095
355096
355097
355098
355099
355102
355103
355104
355105
355106
355108
355110
355112
355113
355114
355117
355119
355121
355122
355123
355124
355125
355128
355129
355130
355131
355133
355135
355137
355138
355140
355143
355144
355146
355149
355150
355151
355152
355153
355155
355159
355160
355161
355163
355165
355168
355169
355171
355174
355175
355176
355177
355178
355179
355181
355182
355183
355184
355186
355187
355189
355190
355193
355194
355195
355196
355198
355199
355202
355203
355205
355206
355208
355210
355211
355212
355213
355214
355215
355216
355218
355219
355221
355223
355224
355225
355226
355228
355229
355230
355231
355232
355233
355235
355236
355237
355238
355240
355243
355244
355246
355247
355248
355249
355250
355251
355252
355253
355254
355255
355257
355258
355259
355260
355262
355263
355264
355265
355266
355267
355268
355272
355273
355274
355275
355276
355277
355278
355279
355280
355281
355282
355283
355285
355289
355290
355292
355293
355294
355295
355296
355298
355299
355300
355302
355303
355304
355305
355307
355308
355309
355311
355312
355313
355315
355316
355317
355318
355319
355320
355321
355322
355323
355324
355326
355327
355328
355329
355331
355332
355333
355334
355335
355336
355337
355338
355339
355341
355342
355343
355345
355346
355348
355349
355351
355353
355354
355358
355359
355361
355362
355363
355364
355365
355366
355367
355368
355369
355370
355373
355374
355376
355378
355379
355380
355381
355382
355384
355385
355388
355389
355390
355392
355393
355394
355395
355396
355397
355400
355401
355402
355403
355404
355405
355406
355407
355408
355409
355410
355411
355412
355413
355414
355415
355416
355417
355418
355419
355420
355422
355423
355425
355426
355430
355432
355433
355434
355435
355436
355437
355438
355439
355441
355442
355445
355446
355447
355448
355450
355451
355453
355454
355455
355457
355458
355459
355460
355461
355462
355463
355464
355466
355467
355468
355470
355472
355473
355474
355476
355477
355478
355479
355481
355482
355483
355484
355485
355486
355487
355488
355489
355490
355492
355493
355494
355495
355496
355497
355498
355502
355503
355504
355505
355506
355507
355509
355510
355511
355512
355514
355516
355517
355518
355519
355520
355521
355522
355523
355525
355528
355530
355531
355532
355533
355534
355535
355536
355537
355538
355539
355540
355541
355543
355545
355546
355549
355550
355551
355553
355554
355556
355559
355560
355562
355563
355564
355566
355568
355569
355570
355571
355573
355575
355576
355577
355581
355582
355583
355587
355588
355589
355591
355593
355594
355595
355596
355597
355598
355600
355601
355602
355603
355604
355605
355606
355607
355609
355610
355611
355613
355614
355616
355618
355619
355620
355622
355623
355624
355625
355626
355627
355628
355631
355632
355633
355634
355635
355637
355638
355639
355641
355643
355644
355645
355646
355647
355648
355649
355651
355652
355654
355655
355656
355657
355658
355659
355660
355661
355662
355663
355665
355666
355667
355668
355669
355670
355671
355672
355673
355674
355675
355676
355678
355680
355681
355682
355685
355687
355688
355689
355690
355691
355692
355697
355700
355703
355704
355708
355710
355712
355713
355714
355716
355717
355718
355719
355720
355721
355722
355723
355724
355725
355726
355727
355728
355729
355730
355733
355734
355735
355736
355737
355738
355739
355740
355741
355742
355743
355745
355746
355749
355750
355753
355754
355759
355763
355764
355767
355771
355772
355783
355784
355785
355786
355787
355789
355790
355792
355793
355794
355795
355796
355798
355799
355800
355801
355802
355803
355804
355805
355806
355807
355812
355815
355817
355819
355821
355823
355824
355825
355826
355827
355828
355829
355831
355832
355833
355834
355837
355838
355839
355840
355841
355843
355844
355845
355846
355847
355848
355850
355851
355852
355853
355854
355855
355856
355858
355859
355861
355862
355863
355865
355866
355867
355868
355869
355870
355871
355872
355874
355875
355877
355878
355879
355880
355881
355882
355885
355886
355888
355889
355890
355891
355892
355893
355895
355898
355902
355904
355905
355906
355907
355908
355909
355911
355913
355914
355915
355916
355917
355918
355919
355920
355921
355923
355924
355929
355931
355934
355936
355937
355938
355939
355941
355944
355945
355947
355948
355949
355950
355952
355953
355954
355955
355956
355957
355958
355959
355960
355964
355966
355967
355968
355969
355970
355971
355972
355973
355974
355975
355977
355978
355979
355980
355982
355983
355984
355985
355986
355987
355988
355989
355990
355991
355992
355993
355994
355996
355997
356000
356002
356003
356004
356005
356006
356007
356008
356009
356010
356012
356013
356014
356015
356016
356017
356018
356019
356020
356021
356022
356023
356024
356026
356027
356028
356029
356030
356031
356032
356033
356034
356036
356037
356038
356039
356040
356041
356042
356043
356044
356045
356047
356048
356050
356051
356052
356053
356054
356056
356058
356059
356060
356061
356062
356063
356067
356069
356070
356071
356072
356073
356074
356075
356076
356078
356079
356080
356081
356082
356083
356084
356085
356087
356088
356089
356090
356091
356092
356093
356096
356097
356098
356099
356100
356102
356103
356104
356105
356108
356109
356110
356111
356112
356114
356115
356116
356117
356119
356121
356122
356123
356125
356127
356128
356130
356131
356133
356134
356135
356136
356138
356139
356140
356141
356144
356145
356146
356147
356148
356150
356151
356153
356154
356155
356156
356157
356158
356159
356161
356162
356163
356164
356165
356167
356168
356169
356171
356172
356173
356174
356175
356176
356177
356178
356179
356180
356181
356182
356184
356185
356186
356187
356188
356189
356190
356191
356192
356193
356194
356195
356196
356197
356200
356201
356202
356204
356230
356278
356281
356282
356283
356286
356287
356288
356289
356290
356291
356292
356293
356294
356295
356296
356297
356298
356299
356301
356303
356304
356305
356306
356307
356308
356309
356310
356311
356312
356313
356314
356315
356317
356318
356319
356320
356321
356322
356323
356325
356326
356328
356330
356331
356332
356333
356334
356335
356336
356339
356340
356341
356342
356344
356345
356346
356347
356349
356351
356352
356353
356355
356356
356358
356359
356360
356361
356362
356363
356366
356367
356368
356369
356370
356371
356372
356373
356374
356375
356376
356377
356378
356379
356380
356381
356382
356383
356385
356386
356387
356388
356389
356390
356391
356392
356393
356395
356396
356397
356398
356399
356400
356401
356403
356404
356405
356406
356407
356408
356409
356410
356411
356412
356413
356414
356415
356416
356420
356434
356454
356456
356457
356460
356461
356462
356463
356464
356465
356466
356467
356468
356469
356470
356471
356472
356473
356474
356475
356476
356477
356478
356479
356480
356481
356483
356484
356485
356486
356487
356489
356490
356491
356492
356493
356494
356496
356497
356498
356499
356500
356501
356502
356503
356504
356505
356506
356507
356508
356509
356510
356512
356516
356517
356519
356520
356522
356524
356525
356526
356527
356528
356529
356530
356531
356532
356533
356534
356536
356537
356538
356541
356542
356543
356544
356545
356546
356547
356548
356549
356550
356552
356553
356554
356555
356556
356557
356559
356560
356562
356563
356564
356565
356566
356570
356571
356572
356573
356574
356575
356576
356577
356578
356580
356581
356582
356584
356585
356587
356589
356592
356593
356594
356596
356597
356598
356599
356601
356602
356604
356605
356606
356607
356608
356609
356610
356611
356612
356613
356614
356615
356616
356617
356618
356619
356620
356621
356622
356623
356624
356625
356626
356627
356628
356629
356630
356633
356634
356635
356636
356637
356638
356639
356640
356641
356644
356645
356646
356648
356649
356650
356651
356655
356657
356658
356659
356660
356661
356663
356664
356665
356666
356667
356668
356670
356671
356672
356673
356674
356675
356676
356677
356678
356679
356680
356681
356683
356684
356685
356686
356687
356688
356689
356690
356691
356692
356693
356694
356695
356696
356697
356698
356699
356700
356701
356704
356707
356708
356709
356711
356713
356714
356717
356719
356720
356721
356722
356723
356724
356725
356726
356727
356728
356729
356730
356732
356736
356738
356739
356740
356741
356742
356743
356744
356745
356746
356747
356748
356749
356750
356751
356752
356753
356755
356756
356758
356759
356760
356762
356764
356765
356766
356768
356770
356772
356773
356774
356775
356776
356780
356781
356782
356783
356784
356785
356788
356789
356790
356793
356796
356798
356799
356801
356802
356803
356804
356805
356807
356808
356809
356810
356811
356812
356813
356814
356815
356817
356818
356819
356821
356822
356824
356825
356826
356828
356830
356831
356832
356833
356834
356835
356840
356841
356843
356844
356845
356846
356847
356851
356852
356853
356854
356855
356857
356858
356862
356863
356865
356866
356869
356870
356871
356872
356873
356874
356875
356876
356877
356878
356879
356880
356881
356883
356884
356886
356887
356888
356890
356891
356892
356894
356908
356917
356920
356921
356923
356924
356925
356926
356927
356928
356929
356933
356935
356936
356937
356938
356939
356940
356941
356942
356944
356946
356947
356953
356955
356956
356957
356959
356960
356964
356965
356967
356969
356970
356972
356973
356975
356977
356978
356979
356981
356982
356983
356984
356985
356986
356988
356989
356992
356993
356994
356995
356997
356999
357000
357001
357003
357006
357007
357008
357010
357011
357012
357013
357015
357017
357018
357019
357020
357025
357026
357027
357030
357031
357032
357036
357038
357040
357041
357042
357043
357044
357045
357046
357047
357048
357050
357051
357052
357053
357054
357055
357056
357057
357059
357060
357061
357062
357066
357067
357070
357071
357072
357074
357075
357076
357077
357079
357082
357083
357084
357085
357086
357087
357088
357089
357090
357092
357093
357096
357097
357098
357099
357100
357101
357102
357103
357104
357105
357106
357107
357108
357109
357110
357112
357113
357114
357115
357116
357118
357119
357120
357122
357124
357125
357126
357127
357128
357130
357131
357133
357135
357138
357139
357140
357141
357142
357144
357145
357146
357149
357151
357154
357155
357156
357157
357158
357159
357160
357161
357162
357163
357164
357167
357169
357170
357171
357172
357178
357179
357180
357181
357182
357185
357186
357188
357189
357193
357194
357195
357196
357197
357198
357199
357201
357202
357203
357205
357206
357207
357208
357209
357210
357211
357212
357219
357220
357222
357223
357224
357225
357226
357228
357229
357230
357231
357232
357233
357235
357237
357238
357239
357240
357241
357242
357244
357245
357247
357249
357250
357251
357253
357254
357256
357257
357258
357259
357260
357261
357262
357263
357265
357266
357268
357269
357270
357272
357273
357274
357275
357279
357281
357282
357284
357285
357286
357288
357289
357290
357291
357292
357293
357294
357295
357296
357297
357298
357299
357300
357301
357302
357303
357305
357306
357307
357309
357310
357312
357313
357314
357315
357316
357317
357318
357320
357321
357322
357323
357324
357325
357326
357329
357331
357335
357336
357337
357338
357340
357341
357342
357345
357346
357347
357350
357352
357353
357356
357358
357359
357360
357361
357362
357363
357364
357365
357367
357368
357369
357371
357373
357374
357376
357377
357378
357379
357380
357381
357382
357385
357386
357387
357388
357389
357390
357391
357392
357393
357394
357396
357397
357399
357401
357402
357403
357404
357405
357407
357408
357409
357410
357411
357415
357417
357420
357421
357422
357423
357424
357425
357426
357427
357428
357429
357431
357432
357433
357434
357435
357436
357438
357441
357442
357443
357444
357445
357446
357447
357448
357449
357450
357451
357453
357455
357456
357457
357459
357460
357461
357462
357463
357465
357466
357467
357468
357469
357474
357475
357476
357477
357478
357479
357480
357481
357482
357483
357484
357485
357486
357487
357489
357490
357491
357492
357493
357494
357495
357496
357498
357499
357500
357501
357502
357504
357505
357506
357507
357508
357509
357510
357511
357512
357513
357514
357515
357516
357517
357518
357519
357523
357524
357525
357526
357527
357528
357529
357530
357532
357533
357535
357536
357537
357538
357539
357540
357541
357542
357543
357544
357545
357547
357549
357550
357551
357552
357553
357555
357556
357557
357558
357559
357560
357561
357562
357563
357564
357565
357566
357567
357568
357569
357570
357571
357572
357573
357574
357575
357576
357577
357578
357579
357581
357582
357584
357585
357587
357588
357590
357591
357592
357593
357595
357596
357598
357601
357602
357605
357606
357607
357608
357609
357610
357620
357623
357625
357627
357628
357630
357631
357632
357633
357634
357636
357637
357638
357640
357641
357642
357643
357645
357647
357648
357649
357650
357651
357652
357653
357654
357655
357657
357658
357659
357660
357661
357662
357664
357665
357666
357667
357668
357669
357671
357677
357678
357679
357681
357682
