290299
290301
290302
290304
290305
290308
290309
290310
290311
290312
290313
290314
290316
290320
290321
290322
290323
290325
290326
290327
290328
290329
290330
290332
290333
290335
290336
290338
290339
290340
290341
290342
290343
290345
290346
290348
290349
290352
290353
290354
290355
290357
290358
290359
290361
290363
290364
290365
290366
290367
290368
290372
290373
290375
290376
290377
290379
290380
290381
290382
290383
290384
290385
290387
290388
290391
290392
290393
290394
290395
290396
290398
290400
290401
290404
290405
290409
290410
290415
290416
290417
290418
290419
290421
290423
290424
290425
290426
290427
290428
290429
290430
290431
290432
290434
290437
290442
290443
290444
290445
290447
290448
290449
290451
290452
290454
290456
290458
290459
290460
290461
290465
290466
290467
290468
290469
290472
290473
290474
290475
290476
290477
290478
290479
290480
290481
290483
290485
290486
290487
290488
290489
290490
290492
290493
290494
290495
290496
290498
290500
290501
290502
290503
290504
290505
290506
290507
290509
290510
290511
290514
290515
290517
290518
290519
290520
290521
290522
290523
290525
290526
290527
290528
290529
290531
290532
290534
290535
290536
290538
290539
290541
290542
290543
290544
290545
290548
290549
290550
290551
290552
290553
290554
290555
290556
290558
290560
290561
290562
290563
290564
290565
290566
290572
290573
290574
290575
290576
290577
290578
290579
290580
290582
290584
290585
290586
290587
290589
290590
290592
290593
290595
290596
290597
290598
290599
290602
290603
290604
290605
290606
290607
290608
290610
290612
290613
290615
290617
290620
290621
290623
290624
290625
290626
290629
290630
290631
290632
290633
290635
290638
290639
290642
290643
290644
290646
290647
290648
290649
290650
290651
290652
290653
290655
290656
290657
290658
290659
290662
290663
290664
290669
290670
290673
290676
290677
290678
290679
290680
290681
290682
290683
290686
290687
290688
290689
290690
290692
290694
290695
290696
290697
290698
290700
290701
290703
290704
290706
290707
290710
290713
290714
290715
290716
290717
290718
290719
290720
290722
290723
290724
290725
290726
290727
290728
290729
290731
290733
290734
290736
290737
290738
290740
290741
290742
290743
290744
290745
290747
290748
290749
290750
290751
290752
290755
290757
290760
290761
290762
290763
290764
290765
290767
290769
290770
290774
290775
290776
290778
290779
290780
290781
290782
290784
290786
290787
290788
290790
290792
290793
290795
290796
290798
290799
290801
290802
290803
290805
290806
290807
290810
290811
290812
290813
290815
290817
290818
290820
290821
290822
290825
290826
290831
290832
290833
290834
290837
290838
290839
290840
290841
290842
290843
290844
290845
290847
290848
290852
290854
290856
290857
290858
290860
290861
290864
290866
290867
290868
290869
290870
290871
290872
290876
290879
290882
290884
290886
290887
290888
290889
290890
290891
290892
290893
290894
290895
290898
290901
290903
290904
290906
290907
290908
290910
290911
290912
290914
290915
290916
290917
290918
290919
290921
290924
290926
290927
290929
290930
290931
290932
290933
290934
290936
290937
290939
290940
290941
290942
290944
290946
290948
290949
290952
290953
290954
290956
290957
290958
290960
290961
290962
290964
290965
290966
290968
290969
290971
290972
290973
290974
290975
290976
290978
290979
290980
290981
290982
290983
290984
290985
290986
290988
290990
290991
290993
290994
290995
290996
290999
291001
291002
291003
291004
291005
291006
291007
291008
291010
291011
291012
291015
291016
291017
291018
291019
291020
291022
291023
291025
291028
291029
291030
291031
291032
291033
291034
291036
291037
291038
291039
291040
291041
291043
291046
291047
291049
291050
291051
291052
291053
291054
291056
291060
291062
291063
291064
291065
291066
291067
291068
291070
291071
291072
291073
291074
291075
291076
291077
291080
291081
291082
291083
291084
291085
291086
291087
291088
291089
291090
291091
291092
291093
291094
291096
291097
291098
291099
291101
291102
291103
291104
291105
291106
291107
291110
291111
291112
291113
291114
291115
291116
291120
291122
291124
291125
291127
291129
291130
291132
291133
291134
291135
291136
291140
291142
291144
291145
291146
291148
291152
291153
291155
291157
291160
291161
291162
291164
291167
291168
291170
291171
291172
291173
291174
291177
291178
291179
291181
291182
291183
291186
291188
291190
291191
291192
291193
291195
291198
291199
291200
291201
291204
291206
291207
291208
291209
291210
291211
291212
291214
291216
291217
291219
291220
291221
291223
291224
291225
291226
291227
291228
291229
291230
291231
291232
291233
291234
291235
291237
291238
291239
291241
291242
291244
291246
291248
291249
291250
291253
291254
291256
291258
291259
291261
291262
291263
291265
291267
291268
291269
291270
291271
291272
291273
291274
291275
291279
291281
291282
291283
291284
291285
291286
291287
291288
291289
291290
291292
291293
291295
291296
291298
291302
291303
291304
291305
291307
291308
291309
291310
291313
291314
291315
291317
291321
291322
291324
291325
291326
291328
291329
291331
291334
291335
291336
291337
291338
291339
291341
291342
291343
291344
291345
291346
291351
291352
291353
291354
291355
291357
291358
291359
291360
291362
291363
291364
291365
291366
291369
291370
291372
291374
291375
291378
291379
291380
291382
291384
291386
291387
291388
291389
291391
291395
291396
291397
291398
291399
291400
291401
291402
291403
291404
291405
291406
291408
291410
291412
291413
291415
291416
291418
291419
291421
291422
291423
291427
291430
291431
291432
291434
291435
291436
291438
291440
291441
291442
291443
291444
291445
291446
291447
291448
291451
291453
291454
291455
291459
291460
291461
291463
291464
291466
291467
291468
291469
291470
291472
291474
291476
291477
291478
291479
291480
291481
291483
291486
291487
291489
291490
291491
291492
291496
291498
291499
291500
291502
291503
291507
291508
291509
291510
291514
291515
291516
291517
291521
291522
291523
291524
291526
291528
291529
291530
291531
291532
291533
291534
291536
291537
291538
291539
291541
291543
291544
291545
291546
291547
291549
291550
291551
291552
291553
291554
291555
291556
291558
291559
291560
291563
291564
291565
291566
291568
291569
291570
291571
291572
291573
291574
291575
291576
291577
291578
291580
291581
291583
291584
291585
291586
291587
291588
291589
291590
291591
291593
291594
291596
291598
291601
291602
291603
291604
291606
291608
291609
291610
291611
291613
291614
291615
291617
291618
291619
291620
291621
291622
291623
291624
291625
291626
291627
291628
291629
291631
291632
291633
291635
291636
291637
291638
291639
291641
291642
291643
291645
291646
291648
291649
291650
291652
291653
291655
291656
291657
291658
291659
291660
291662
291664
291665
291666
291667
291668
291669
291670
291671
291672
291673
291674
291675
291676
291677
291679
291680
291681
291685
291689
291691
291692
291695
291699
291700
291701
291702
291703
291704
291706
291707
291708
291709
291710
291711
291712
291714
291715
291716
291717
291718
291719
291720
291721
291722
291724
291726
291727
291728
291729
291730
291731
291734
291735
291736
291737
291738
291740
291741
291742
291743
291745
291746
291747
291748
291749
291750
291751
291752
291753
291755
291756
291757
291758
291759
291762
291763
291764
291765
291766
291768
291769
291770
291771
291774
291775
291776
291777
291778
291781
291782
291783
291784
291785
291786
291787
291788
291790
291792
291793
291794
291795
291796
291797
291798
291800
291802
291803
291804
291805
291806
291808
291810
291812
291813
291814
291815
291816
291817
291818
291820
291822
291823
291824
291825
291826
291827
291829
291830
291831
291832
291833
291834
291836
291837
291838
291839
291842
291843
291844
291846
291847
291848
291849
291850
291851
291852
291854
291856
291857
291858
291859
291861
291862
291863
291864
291865
291868
291869
291870
291871
291872
291873
291874
291875
291876
291877
291879
291880
291881
291883
291884
291888
291890
291891
291892
291893
291895
291896
291898
291901
291902
291903
291904
291905
291907
291908
291910
291911
291913
291914
291916
291917
291918
291919
291920
291924
291925
291926
291927
291928
291929
291931
291932
291933
291934
291936
291938
291939
291940
291941
291943
291944
291945
291946
291947
291948
291949
291950
291951
291952
291953
291954
291955
291956
291957
291958
291959
291960
291961
291962
291963
291964
291965
291966
291967
291969
291971
291972
291973
291975
291976
291977
291978
291979
291983
291984
291985
291986
291987
291988
291989
291990
291991
291992
291993
291995
291997
291998
291999
292000
292001
292002
292003
292005
292006
292007
292008
292009
292010
292011
292012
292014
292017
292018
292019
292020
292024
292025
292026
292027
292029
292030
292032
292033
292034
292035
292036
292038
292040
292041
292043
292044
292045
292046
292048
292050
292052
292053
292054
292055
292056
292057
292058
292060
292063
292064
292065
292066
292067
292068
292069
292070
292071
292072
292075
292076
292077
292079
292080
292081
292082
292083
292084
292085
292086
292087
292089
292090
292091
292092
292094
292095
292096
292097
292098
292100
292101
292102
292103
292106
292108
292111
292112
292113
292114
292115
292116
292117
292119
292120
292121
292126
292127
292128
292129
292130
292131
292132
292133
292134
292135
292137
292140
292142
292145
292148
292149
292152
292153
292154
292155
292156
292157
292158
292159
292161
292163
292166
292167
292168
292169
292170
292171
292172
292173
292174
292175
292176
292177
292178
292179
292181
292182
292183
292185
292186
292187
292188
292189
292190
292192
292193
292195
292196
292197
292199
292202
292204
292207
292208
292209
292213
292214
292215
292216
292217
292221
292223
292224
292225
292227
292228
292229
292230
292231
292233
292234
292235
292236
292237
292238
292240
292242
292243
292244
292245
292246
292247
292248
292249
292250
292252
292253
292255
292257
292259
292261
292262
292263
292265
292266
292267
292268
292274
292277
292278
292280
292281
292282
292286
292288
292289
292290
292291
292292
292293
292294
292295
292296
292297
292298
292299
292301
292302
292303
292304
292305
292306
292307
292309
292310
292311
292312
292313
292316
292318
292319
292320
292321
292322
292323
292324
292325
292327
292328
292329
292332
292333
292334
292335
292336
292338
292339
292341
292342
292343
292344
292345
292347
292349
292350
292351
292352
292354
292355
292356
292357
292358
292359
292360
292361
292362
292364
292366
292368
292369
292371
292373
292375
292378
292382
292383
292384
292386
292389
292390
292391
292392
292393
292394
292395
292397
292398
292399
292400
292401
292403
292404
292407
292409
292410
292412
292414
292415
292416
292417
292418
292420
292422
292423
292424
292426
292427
292428
292432
292434
292436
292438
292439
292440
292441
292442
292443
292444
292446
292447
292448
292450
292451
292452
292453
292454
292456
292457
292458
292460
292462
292465
292466
292467
292468
292469
292470
292471
292472
292473
292475
292476
292477
292479
292480
292481
292482
292483
292484
292485
292486
292487
292488
292489
292491
292493
292494
292495
292496
292497
292498
292499
292500
292501
292502
292503
292504
292505
292506
292507
292508
292509
292510
292511
292512
292513
292514
292515
292516
292517
292518
292519
292520
292522
292523
292529
292530
292531
292534
292538
292539
292540
292541
292543
292546
292548
292550
292551
292553
292554
292555
292556
292557
292558
292559
292560
292563
292564
292565
292566
292567
292568
292569
292570
292571
292572
292574
292575
292576
292577
292578
292579
292580
292581
292582
292583
292586
292587
292588
292589
292591
292593
292596
292597
292598
292599
292601
292602
292603
292604
292606
292608
292609
292610
292611
292612
292613
292615
292617
292619
292621
292622
292623
292625
292626
292627
292628
292629
292631
292635
292636
292637
292639
292640
292642
292643
292644
292645
292646
292647
292648
292650
292651
292652
292653
292654
292655
292657
292658
292660
292661
292662
292663
292666
292667
292668
292669
292670
292673
292674
292675
292676
292677
292679
292681
292682
292683
292684
292685
292686
292687
292690
292691
292692
292693
292694
292695
292696
292697
292698
292699
292702
292703
292704
292705
292706
292707
292708
292709
292711
292713
292714
292715
292716
292718
292719
292721
292723
292725
292728
292731
292734
292736
292737
292739
292740
292741
292742
292743
292744
292747
292748
292749
292752
292753
292754
292755
292756
292759
292760
292761
292762
292763
292764
292766
292767
292768
292769
292770
292771
292772
292773
292775
292776
292778
292779
292780
292781
292782
292783
292784
292786
292788
292790
292792
292793
292794
292795
292796
292797
292798
292799
292800
292801
292802
292803
292804
292805
292806
292807
292809
292810
292811
292812
292813
292814
292815
292816
292817
292818
292819
292823
292824
292825
292827
292828
292829
292830
292832
292833
292834
292836
292837
292838
292839
292840
292841
292843
292844
292846
292847
292849
292850
292851
292852
292853
292854
292856
292857
292858
292859
292860
292861
292862
292863
292864
292865
292866
292867
292869
292870
292871
292873
292874
292876
292877
292879
292881
292882
292883
292885
292888
292891
292892
292894
292895
292896
292897
292901
292902
292904
292905
292906
292907
292908
292909
292910
292911
292912
292914
292916
292917
292918
292919
292921
292923
292924
292925
292926
292927
292929
292931
292932
292934
292935
292936
292938
292939
292940
292941
292942
292943
292945
292946
292947
292948
292950
292951
292952
292953
292954
292956
292957
292958
292960
292961
292962
292963
292964
292965
292966
292967
292968
292969
292970
292971
292972
292973
292974
292975
292977
292979
292980
292981
292983
292986
292989
292990
292992
292993
292994
292995
292996
292999
293001
293002
293003
293004
293006
293007
293008
293009
293010
293011
293012
293013
293014
293015
293016
293017
293019
293020
293021
293023
293025
293026
293027
293028
293029
293034
293036
293037
293039
293040
293041
293043
293044
293045
293046
293047
293049
293051
293052
293053
293055
293056
293057
293060
293062
293063
293064
293065
293066
293069
293070
293071
293072
293074
293075
293076
293077
293079
293081
293082
293083
293084
293085
293087
293088
293090
293091
293092
293094
293097
293099
293101
293102
293103
293104
293105
293106
293109
293111
293112
293113
293115
293116
293117
293120
293124
293125
293126
293127
293128
293131
293132
293133
293134
293135
293136
293137
293138
293139
293140
293141
293142
293143
293144
293145
293146
293147
293149
293150
293153
293154
293155
293156
293157
293158
293159
293160
293161
293162
293163
293164
293167
293168
293169
293170
293171
293173
293175
293176
293177
293178
293179
293180
293181
293183
293184
293185
293186
293187
293189
293191
293192
293193
293195
293198
293199
293201
293202
293206
293207
293208
293211
293212
293213
293214
293215
293216
293218
293219
293220
293221
293222
293224
293225
293227
293228
293229
293231
293232
293233
293234
293237
293238
293239
293241
293242
293243
293244
293245
293246
293248
293251
293253
293254
293255
293257
293260
293261
293262
293263
293264
293265
293267
293269
293271
293272
293273
293274
293275
293276
293278
293279
293280
293281
293282
293283
293285
293286
293287
293289
293291
293292
293293
293295
293296
293297
293298
293299
293300
293301
293303
293304
293305
293306
293308
293309
293311
293313
293314
293315
293316
293317
293318
293319
293320
293321
293322
293323
293324
293325
293326
293327
293328
293330
293332
293333
293335
293336
293339
293342
293343
293344
293345
293346
293347
293348
293349
293353
293354
293355
293356
293358
293359
293360
293361
293365
293366
293368
293369
293372
293374
293375
293376
293377
293379
293381
293382
293383
293384
293385
293387
293389
293391
293392
293393
293394
293395
293396
293397
293399
293400
293401
293402
293404
293405
293406
293408
293410
293412
293413
293414
293415
293417
293420
293421
293422
293423
293424
293425
293426
293427
293428
293429
293430
293431
293433
293435
293436
293437
293438
293439
293440
293442
293444
293445
293446
293448
293449
293450
293451
293453
293455
293459
293460
293461
293462
293465
293466
293467
293468
293469
293470
293471
293473
293474
293475
293476
293477
293478
293479
293480
293481
293482
293483
293488
293489
293490
293491
293492
293495
293496
293498
293500
293501
293504
293505
293506
293507
293509
293510
293511
293512
293513
293515
293517
293518
293519
293523
293524
293525
293526
293527
293528
293529
293530
293531
293532
293533
293534
293535
293536
293537
293539
293540
293541
293542
293543
293544
293546
293547
293548
293549
293551
293552
293553
293554
293555
293558
293559
293560
293561
293562
293563
293564
293565
293566
293567
293568
293570
293573
293574
293576
293578
293579
293580
293581
293582
293583
293584
293585
293586
293587
293588
293589
293590
293591
293592
293594
293595
293596
293598
293599
293600
293601
293602
293603
293604
293605
293606
293607
293608
293609
293610
293611
293612
293614
293615
293616
293617
293618
293619
293620
293621
293622
293623
293624
293625
293626
293627
293629
293630
293631
293633
293634
293635
293637
293639
293640
293642
293643
293644
293646
293647
293648
293652
293653
293654
293655
293656
293658
293659
293662
293663
293666
293667
293668
293669
293670
293671
293672
293674
293676
293678
293679
293680
293681
293682
293683
293684
293686
293687
293689
293690
293691
293692
293693
293694
293695
293696
293697
293698
293699
293700
293701
293703
293704
293706
293708
293710
293711
293713
293714
293715
293716
293717
293719
293720
293721
293723
293724
293725
293727
293728
293729
293730
293731
293732
293734
293735
293736
293737
293739
293740
293741
293742
293744
293745
293746
293747
293748
293749
293750
293751
293752
293753
293754
293755
293756
293758
293759
293760
293761
293762
293763
293765
293766
293767
293768
293769
293771
293774
293776
293777
293780
293781
293782
293783
293784
293785
293788
293791
293792
293794
293795
293798
293799
293800
293801
293802
293803
293804
293805
293806
293808
293809
293810
293811
293812
293813
293814
293815
293816
293817
293818
293819
293820
293821
293823
293824
293826
293829
293830
293831
293833
293834
293836
293837
293838
293839
293840
293841
293842
293843
293844
293845
293846
293848
293849
293851
293853
293854
293856
293857
293859
293860
293861
293862
293863
293864
293867
293868
293869
293870
293872
293873
293874
293875
293876
293877
293878
293879
293881
293883
293884
293885
293886
293888
293890
293892
293893
293894
293895
293896
293897
293898
293899
293900
293901
293902
293903
293904
293906
293908
293909
293910
293911
293912
293916
293917
293919
293920
293921
293922
293923
293924
293926
293927
293928
293929
293932
293934
293935
293936
293937
293938
293939
293940
293941
293942
293943
293944
293945
293948
293949
293950
293951
293953
293954
293955
293956
293957
293959
293961
293962
293964
293965
293966
293968
293969
293970
293971
293973
293974
293976
293977
293978
293979
293981
293982
293983
293985
293986
293987
293988
293989
293991
293992
293993
293996
293997
293998
293999
294000
294001
294004
294005
294006
294010
294011
294012
294013
294014
294015
294017
294018
294019
294020
294021
294022
294023
294024
294025
294027
294029
294030
294031
294032
294033
294034
294036
294037
294038
294040
294042
294044
294045
294046
294047
294048
294050
294051
294052
294053
294054
294055
294058
294060
294061
294063
294065
294066
294067
294068
294069
294070
294071
294072
294073
294075
294076
294077
294078
294079
294081
294084
294085
294086
294087
294088
294089
294090
294091
294093
294094
294095
294096
294097
294098
294100
294101
294102
294104
294105
294106
294109
294111
294112
294113
294114
294115
294116
294118
294119
294120
294121
294122
294124
294125
294126
294128
294129
294131
294133
294134
294135
294136
294137
294138
294139
294140
294142
294143
294144
294145
294146
294147
294148
294149
294150
294151
294154
294155
294156
294157
294161
294163
294165
294167
294168
294169
294170
294172
294174
294175
294177
294182
294183
294185
294186
294187
294188
294189
294190
294191
294192
294194
294195
294197
294199
294200
294201
294203
294204
294205
294206
294207
294208
294209
294210
294211
294212
294213
294214
294215
294216
294217
294220
294221
294222
294223
294225
294227
294228
294229
294230
294232
294233
294235
294236
294237
294238
294239
294240
294242
294243
294245
294246
294248
294249
294251
294252
294253
294254
294255
294256
294259
294260
294261
294263
294265
294267
294268
294269
294270
294271
294272
294273
294274
294275
294276
294277
294279
294280
294281
294282
294283
294284
294285
294286
294287
294288
294289
294290
294291
294293
294294
294296
294297
294298
294299
294300
294301
294305
294307
294308
294309
294310
294311
294312
294313
294314
294315
294316
294317
294319
294320
294321
294324
294325
294328
294329
294330
294331
294333
294334
294336
294337
294338
294340
294341
294342
294343
294345
294346
294348
294349
294350
294351
294352
294354
294355
294357
294358
294359
294360
294362
294363
294365
294366
294367
294368
294369
294370
294371
294374
294375
294376
294377
294379
294381
294383
294384
294385
294386
294387
294388
294389
294390
294391
294393
294394
294395
294396
294397
294400
294401
294402
294403
294404
294405
294406
294407
294408
294410
294411
294412
294413
294414
294415
294416
294417
294418
294420
294421
294422
294424
294425
294427
294428
294429
294430
294431
294432
294434
294435
294436
294438
294439
294441
294444
294447
294448
294449
294451
294453
294454
294455
294456
294457
294458
294460
294461
294462
294463
294464
294465
294466
294467
294469
294470
294471
294472
294474
294475
294476
294477
294478
294479
294480
294481
294482
294483
294484
294485
294486
294488
294489
294490
294491
294492
294493
294496
294497
294498
294499
294500
294501
294502
294503
294504
294505
294506
294507
294508
294510
294511
294512
294514
294515
294516
294517
294521
294522
294524
294526
294527
294529
294530
294531
294532
294533
294534
294535
294536
294538
294539
294541
294542
294543
294544
294546
294547
294548
294549
294551
294552
294553
294555
294556
294557
294558
294559
294560
294561
294562
294564
294566
294567
294569
294570
294571
294574
294576
294577
294578
294579
294580
294583
294584
294585
294586
294587
294590
294591
294594
294598
294599
294600
294601
294602
294605
294606
294607
294608
294609
294610
294611
294612
294614
294615
294617
294618
294619
294620
294621
294622
294623
294624
294625
294627
294629
294630
294633
294634
294635
294637
294638
294639
294641
294642
294643
294644
294645
294646
294647
294649
294652
294654
294655
294656
294657
294658
294659
294660
294664
294665
294666
294668
294669
294670
294672
294673
294675
294676
294677
294678
294680
294681
294682
294683
294684
294685
294686
294687
294689
294690
294691
294692
294693
294694
294695
294696
294697
294698
294699
294700
294701
294702
294703
294704
294706
294707
294708
294710
294711
294713
294714
294715
294716
294717
294718
294720
294721
294722
294724
294725
294726
294727
294729
294730
294731
294734
294735
294736
294738
294740
294742
294743
294744
294745
294746
294747
294749
294750
294751
294752
294753
294754
294757
294758
294760
294761
294763
294764
294765
294766
294771
294772
294775
294776
294778
294779
294780
294781
294782
294784
294785
294786
294787
294788
294789
294790
294791
294792
294795
294797
294798
294799
294802
294803
294805
294806
294808
294809
294810
294811
294812
294813
294814
294815
294816
294818
294819
294821
294823
294824
294825
294826
294827
294829
294830
294831
294832
294833
294836
294837
294838
294839
294840
294841
294842
294843
294844
294846
294847
294848
294849
294852
294855
294857
294859
294860
294861
294863
294864
294867
294868
294869
294871
294872
294874
294875
294876
294877
294878
294879
294880
294881
294883
294884
294886
294887
294888
294889
294890
294891
294892
294893
294894
294895
294896
294897
294899
294902
294904
294905
294906
294907
294908
294909
294910
294912
294913
294915
294918
294919
294921
294922
294923
294925
294926
294928
294929
294930
294932
294933
294934
294935
294936
294937
294938
294940
294941
294942
294945
294946
294947
294948
294949
294950
294953
294954
294955
294956
294958
294959
294960
294962
294963
294964
294965
294966
294968
294969
294971
294972
294973
294974
294975
294976
294977
294978
294981
294982
294983
294984
294985
294988
294989
294990
294991
294992
294993
294994
294995
294996
294997
294998
294999
295001
295002
295004
295005
295009
295011
295012
295013
295014
295015
295016
295018
295019
295022
295023
295025
295028
295029
295030
295031
295032
295033
295034
295035
295037
295039
295040
295041
295042
295043
295044
295045
295046
295047
295050
295051
295052
295053
295056
295057
295058
295061
295062
295065
295067
295068
295069
295070
295072
295073
295075
295078
295080
295081
295083
295084
295085
295087
295088
295091
295092
295093
295095
295097
295098
295099
295100
295101
295102
295104
295106
295107
295110
295112
295114
295116
295117
295119
295120
295122
295126
295127
295129
295130
295132
295133
295134
295136
295137
295138
295139
295141
295142
295143
295144
295145
295146
295148
295149
295154
295156
295157
295158
295159
295160
295161
295162
295164
295165
295166
295167
295168
295172
295174
295175
295176
295177
295178
295179
295181
295182
295184
295185
295187
295188
295190
295191
295193
295194
295195
295196
295197
295198
295200
295201
295202
295203
295208
295210
295211
295212
295215
295220
295221
295222
295223
295224
295225
295227
295228
295231
295233
295234
295236
295237
295238
295240
295241
295242
295243
295244
295245
295247
295248
295249
295250
295252
295253
295254
295255
295257
295259
295260
295261
295262
295263
295264
295266
295267
295268
295269
295270
295271
295272
295274
295276
295277
295279
295280
295282
295283
295284
295285
295286
295287
295288
295289
295290
295291
295292
295293
295294
295295
295296
295297
295298
295300
295302
295303
295304
295305
295306
295309
295310
295311
295312
295314
295316
295317
295319
295320
295321
295322
295325
295327
295328
295331
295332
295333
295335
295339
295341
295344
295345
295346
295348
295349
295351
295352
295353
295354
295355
295356
295357
295358
295359
295360
295361
295363
295365
295366
295367
295368
295371
295373
295374
295376
295378
295381
295384
295385
295386
295387
295388
295389
295390
295391
295392
295394
295397
295398
295399
295400
295401
295402
295403
295404
295405
295407
295408
295409
295410
295411
295414
295415
295417
295418
295420
295421
295422
295423
295424
295426
295427
295428
295429
295433
295435
295440
295441
295442
295443
295444
295445
295446
295447
295450
295451
295453
295454
295455
295458
295459
295460
295461
295463
295464
295465
295466
295467
295470
295471
295472
295473
295474
295477
295479
295480
295483
295484
295486
295487
295489
295493
295495
295496
295498
295499
295501
295505
295506
295507
295510
295511
295512
295516
295517
295518
295521
295522
295523
295525
295526
295532
295533
295534
295536
295537
295538
295539
295540
295541
295542
295544
295545
295548
295549
295550
295552
295554
295555
295556
295557
295559
295560
295561
295562
295563
295564
295565
295566
295567
295569
295570
295571
295572
295573
295574
295577
295579
295580
295581
295582
295583
295584
295585
295587
295589
295590
295593
295594
295598
295600
295601
295602
295603
295605
295606
295607
295609
295610
295611
295613
295614
295615
295616
295617
295619
295620
295622
295623
295624
295626
295629
295631
295632
295635
295636
295637
295638
295640
295641
295642
295643
295646
295647
295648
295649
295650
295652
295654
295655
295656
295658
295659
295660
295661
295662
295663
295665
295666
295667
295668
295669
295670
295671
295672
295673
295674
295677
295678
295680
295682
295684
295685
295687
295690
295691
295692
295693
295694
295695
295696
295697
295700
295702
295703
295704
295705
295707
295708
295709
295712
295714
295716
295717
295718
295720
295721
295722
295723
295724
295725
295726
295727
295728
295729
295730
295731
295732
295733
295734
295735
295736
295737
295738
295740
295741
295743
295745
295747
295748
295750
295751
295752
295753
295754
295755
295756
295757
295758
295759
295760
295762
295763
295764
295765
295766
295767
295768
295769
295770
295771
295772
295773
295775
295776
295778
295779
295780
295781
295783
295784
295785
295786
295787
295788
295789
295790
295791
295792
295793
295795
295796
295797
295799
295800
295801
295802
295803
295805
295806
295810
295812
295813
295814
295815
295816
295817
295818
295820
295821
295823
295824
295825
295829
295830
295831
295832
295833
295834
295835
295836
295837
295838
295839
295840
295841
295842
295843
295845
295846
295847
295848
295849
295850
295851
295853
295854
295856
295857
295859
295861
295862
295863
295864
295865
295866
295867
295869
295870
295871
295872
295874
295875
295876
295877
295878
295881
295883
295884
295885
295886
295887
295888
295890
295891
295893
295894
295895
295896
295897
295898
295899
295900
295901
295905
295907
295908
295909
295910
295911
295913
295914
295915
295917
295919
295921
295922
295923
295924
295925
295926
295927
295929
295930
295931
295932
295935
295937
295938
295940
295941
295942
295943
295944
295945
295947
295948
295950
295952
295953
295956
295960
295961
295962
295963
295966
295967
295968
295970
295971
295972
295973
295975
295976
295977
295978
295981
295982
295983
295984
295985
295986
295987
295989
295990
295991
295992
295993
295994
295995
295996
295998
295999
296002
296003
296004
296005
296007
296008
296009
296010
296011
296012
296013
296014
296018
296019
296021
296022
296023
296024
296026
296029
296030
296031
296032
296033
296034
296035
296036
296037
296038
296039
296041
296042
296043
296045
296046
296048
296049
296050
296052
296054
296055
296056
296057
296058
296063
296064
296066
296068
296069
296071
296072
296073
296074
296076
296077
296078
296079
296083
296085
296086
296087
296088
296089
296091
296092
296095
296097
296098
296102
296103
296104
296105
296106
296107
296109
296110
296111
296112
296114
296120
296121
296122
296123
296124
296125
296126
296127
296128
296129
296130
296131
296132
296134
296136
296137
296138
296139
296142
296143
296144
296146
296147
296148
296150
296151
296152
296153
296155
296159
296160
296161
296163
296165
296166
296167
296168
296169
296172
296173
296174
296175
296176
296177
296178
296179
296180
296182
296183
296184
296186
296189
296193
296195
296196
296197
296198
296199
296201
296202
296203
296204
296205
296207
296208
296209
296210
296211
296213
296214
296215
296216
296219
296220
296221
296223
296224
296225
296226
296227
296228
296229
296230
296231
296232
296237
296238
296239
296240
296242
296243
296245
296246
296247
296248
296249
296251
296252
296253
296255
296257
296258
296259
296261
296263
296264
296265
296266
296267
296269
296270
296272
296275
296277
296278
296280
296281
296282
296283
296284
296285
296287
296288
296290
296291
296292
296293
296295
296296
296297
296298
296299
296301
296302
296306
296307
296308
296309
296310
296312
296313
296314
296316
296317
296319
296320
296321
296323
296324
296325
296326
296327
296328
296329
296330
296331
296332
296333
296339
296341
296342
296343
296344
296345
296346
296348
296349
296350
296351
296352
296353
296354
296355
296356
296357
296359
296361
296362
296364
296365
296366
296367
296368
296369
296370
296371
296372
296374
296375
296376
296379
296381
296382
296383
296384
296385
296387
296389
296391
296392
296393
296394
296395
296396
296397
296398
296399
296400
296401
296402
296403
296404
296406
296411
296412
296413
296414
296418
296419
296421
296422
296424
296428
296430
296431
296432
296433
296435
296436
296437
296438
296439
296441
296442
296443
296444
296445
296446
296447
296448
296449
296450
296451
296452
296453
296454
296455
296456
296457
296458
296459
296460
296461
296462
296463
296464
296465
296467
296468
296469
296471
296472
296474
296475
296476
296477
296478
296479
296480
296481
296483
296484
296485
296486
296487
296489
296490
296491
296493
296494
296495
296498
296501
296503
296504
296506
296508
296511
296512
296515
296516
296518
296520
296522
296523
296524
296525
296527
296528
296529
296530
296532
296533
296534
296535
296536
296537
296538
296540
296542
296543
296544
296545
296548
296549
296550
296551
296556
296557
296559
296562
296563
296564
296566
296567
296568
296569
296571
296575
296576
296577
296578
296580
296583
296584
296585
296587
296589
296590
296591
296593
296594
296595
296596
296597
296600
296601
296602
296606
296608
296609
296610
296611
296612
296613
296614
296615
296616
296617
296619
296621
296622
296623
296624
296626
296627
296629
296631
296632
296633
296635
296636
296638
296640
296641
296642
296643
296645
296646
296649
296650
296652
296653
296656
296657
296658
296660
296661
296662
296663
296673
296675
296676
296677
296679
296680
296681
296684
296685
296686
296687
296688
296695
296696
296698
296699
296700
296702
296704
296705
296708
296709
296710
296714
296715
296716
296717
296718
296719
296722
296723
296729
296731
296732
296733
296736
296737
296739
296740
296742
296743
296744
296746
296747
296748
296750
296751
296753
296755
296756
296758
296759
296760
296762
296764
296766
296767
296768
296769
296771
296772
296773
296775
296776
296781
296784
296785
296789
296790
296791
296794
296795
296796
296797
296798
296799
296800
296802
296803
296804
296805
296806
296807
296811
296812
296813
296814
296818
296819
296820
296821
296822
296824
296825
296826
296829
296830
296832
296836
296837
296838
296839
296841
296842
296843
296844
296845
296847
296848
296849
296850
296851
296852
296856
296858
296859
296861
296863
296865
296867
296869
296870
296872
296874
296875
296876
296877
296878
296880
296881
296883
296884
296886
296888
296890
296891
296892
296894
296895
296896
296897
296901
296902
296904
296905
296906
296908
296909
296910
296911
296912
296913
296914
296915
296916
296917
296918
296919
296920
296921
296922
296923
296926
296928
296929
296930
296932
296933
296934
296935
296936
296938
296939
296941
296943
296944
296945
296946
296947
296948
296949
296950
296951
296953
296954
296955
296957
296958
296959
296960
296964
296965
296966
296967
296968
296969
296970
296972
296973
296975
296976
296978
296979
296980
296982
296983
296984
296985
296986
296987
296988
296991
296993
296994
296995
296996
296997
296999
297002
297003
297004
297005
297008
297009
297010
297011
297012
297013
297014
297015
297016
297017
297018
297021
297022
297023
297024
297026
297027
297032
297035
297036
297038
297039
297040
297042
297043
297044
297045
297046
297050
297051
297053
297054
297058
297060
297061
297062
297065
297066
297068
297069
297071
297072
297073
297074
297075
297077
297079
297080
297081
297083
297084
297085
297086
297087
297088
297089
297090
297091
297092
297093
297094
297095
297096
297097
297098
297099
297101
297102
297103
297104
297105
297106
297107
297108
297109
297110
297112
297113
297114
297117
297118
297119
297121
297122
297124
297126
297127
297128
297131
297132
297135
297141
297142
297143
297150
297151
297152
297156
297157
297159
297162
297164
297165
297167
297169
297170
297171
297173
297175
297176
297177
297179
297180
297185
297186
297187
297188
297189
297190
297191
297192
297193
297197
297198
297199
297202
297203
297204
297205
297206
297208
297209
297210
297212
297213
297214
297220
297222
297223
297224
297226
297227
297228
297229
297230
297231
297232
297233
297236
297237
297238
297239
297240
297241
297242
297244
297245
297246
297247
297249
297250
297251
297254
297256
297257
297258
297260
297262
297263
297264
297265
297267
297268
297269
297270
297271
297272
297273
297275
297276
297277
297278
297279
297280
297281
297282
297283
297284
297285
297288
297291
297292
297294
297297
297298
297299
297301
297302
297303
297304
297305
297306
297307
297308
297309
297310
297311
297313
297314
297315
297316
297317
297319
297320
297321
297322
297324
297325
297326
297327
297329
297330
297331
297332
297333
297334
297336
297337
297338
297340
297341
297344
297345
297346
297347
297348
297349
297350
297351
297352
297355
297356
297357
297358
297359
297361
297362
297363
297365
297366
297368
297369
297371
297372
297376
297377
297378
297379
297380
297381
297382
297383
297384
297386
297388
297389
297391
297392
297393
297395
297396
297397
297398
297399
297400
297401
297404
297406
297407
297408
297409
297410
297412
297414
297415
297416
297417
297419
297420
297421
297423
297425
297426
297427
297428
297429
297430
297431
297432
297434
297437
297438
297439
297440
297444
297446
297450
297451
297452
297454
297455
297456
297457
297459
297461
297463
297464
297465
297466
297467
297468
297469
297470
297471
297472
297473
297474
297475
297476
297477
297479
297480
297481
297484
297485
297486
297487
297488
297489
297491
297492
297493
297494
297496
297497
297498
297500
297501
297504
297505
297508
297510
297512
297513
297514
297515
297516
297517
297518
297519
297520
297521
297522
297524
297525
297529
297531
297532
297533
297534
297535
297536
297537
297538
297539
297540
297541
297542
297543
297544
297545
297548
297549
297550
297551
297552
297553
297555
297558
297559
297560
297561
297562
297563
297564
297565
297566
297567
297568
297569
297570
297573
297574
297575
297576
297578
297579
297580
297581
297582
297583
297584
297586
297588
297589
297590
297591
297592
297593
297594
297595
297596
297597
297600
297601
297602
297603
297604
297607
297608
297610
297611
297612
297613
297614
297615
297616
297617
297618
297619
297620
297621
297623
297624
297625
297626
297627
297628
297629
297630
297631
297632
297633
297635
297637
297638
297639
297641
297643
297645
297647
297648
297649
297651
297652
297653
297654
297655
297656
297657
297658
297659
297660
297661
297662
297663
297664
297666
297667
297668
297669
297670
297671
297672
297673
297674
297675
297676
297677
297678
297679
297680
297681
297682
297683
297685
297687
297688
297689
297691
297693
297694
297696
297697
297698
297699
297700
297701
297702
297703
297704
297706
297707
297708
297711
297712
297713
297714
297715
297716
297717
297718
297719
297720
297721
297722
297723
297724
297726
297729
297730
297731
297732
297733
297734
297735
297736
297738
297739
297741
297742
297743
297745
297746
297747
297748
297750
297751
297752
297754
297755
297756
297757
297758
297759
297761
297762
297763
297765
297766
297767
297768
297769
297770
297771
297772
297773
297774
297775
297776
297777
297779
297780
297781
297782
297783
297784
297785
297786
297787
297788
297789
297791
297792
297793
297794
297795
297797
297799
297800
297801
297802
297804
297805
297807
297808
297813
297814
297816
297817
297818
297819
297820
297821
297822
297823
297826
297827
297828
297829
297831
297832
297834
297835
297836
297838
297840
297841
297844
297845
297846
297847
297849
297850
297853
297854
297856
297857
297858
297859
297860
297863
297864
297866
297869
297870
297871
297872
297874
297875
297876
297878
297879
297880
297881
297884
297885
297886
297888
297893
297894
297895
297898
297899
297900
297901
297902
297904
297905
297909
297910
297911
297912
297916
297920
297921
297922
297923
297925
297926
297927
297929
297931
297933
297934
297935
297936
297939
297940
297941
297942
297943
297945
297947
297950
297951
297952
297954
297955
297956
297958
297959
297960
297961
297962
297964
297966
297967
297969
297970
297971
297972
297973
297974
297975
297976
297977
297978
297980
297983
297984
297985
297986
297988
297989
297990
297991
297993
297996
297998
297999
298000
298001
298002
298004
298005
298006
298007
298008
298009
298010
298011
298012
298013
298014
298015
298016
298017
298018
298019
298020
298021
298022
298024
298025
298026
298027
298028
298029
298030
298031
298032
298033
298034
298035
298036
298038
298039
298040
298041
298042
298043
298044
298045
298046
298047
298049
298051
298052
298053
298054
298055
298057
298058
298059
298060
298061
298062
298064
298065
298066
298067
298068
298069
298070
298071
298072
298073
298077
298078
298079
298080
298081
298082
298084
298085
298086
298087
298088
298089
298090
298091
298092
298093
298094
298095
298096
298097
298098
298099
298100
298101
298102
298104
298105
298106
298107
298108
298109
298110
298111
298112
298113
298114
298115
298117
298118
298119
298120
298121
298122
298123
298124
298125
298126
298127
298128
298129
298130
298131
298132
298133
298134
298135
298137
298138
298139
298140
298141
298142
298144
298146
298147
298149
298150
298151
298152
298153
298154
298155
298156
298157
298158
298159
298160
298161
298163
298164
298166
298167
298168
298169
298171
298172
298173
298174
298175
298176
298177
298178
298181
298183
298184
298186
298187
298188
298189
298190
298191
298192
298194
298195
298197
298198
298199
298200
298201
298202
298203
298204
298205
298206
298208
298211
298212
298214
298215
298217
298218
298220
298221
298222
298224
298225
298230
298231
298232
298233
298234
298235
298237
298238
298239
298241
298242
298243
298244
298246
298247
298248
298249
298250
298251
298253
298256
298257
298258
298259
298260
298261
298264
298267
298269
298270
298271
298272
298273
298275
298277
298278
298280
298281
298282
298283
298284
298286
298287
298288
298289
298290
298292
298293
298294
298295
298296
298298
298299
298300
298302
298303
298304
298305
298306
298307
298308
298310
298311
298312
298313
298314
298315
298316
298317
298318
298319
298320
298321
298322
298323
298324
298325
298326
298327
298328
298329
298330
298331
298332
298333
298334
298335
298337
298338
298339
298340
298341
298342
298343
298345
298347
298348
298349
298350
298351
298352
298353
298354
298355
298356
298357
298358
298359
298361
298363
298364
298365
298373
298374
298375
298377
298378
298379
298380
298382
298384
298387
298388
298389
298390
298391
298392
298393
298395
298396
298397
298398
298399
298400
298401
298402
298403
298404
298405
298406
298407
298408
298409
298410
298411
298412
298413
298414
298415
298416
298418
298419
298420
298421
298422
298423
298424
298426
298427
298429
298430
298431
298432
298433
298434
298436
298439
298440
298442
298444
298445
298447
298448
298449
298450
298451
298452
298454
298457
298459
298460
298463
298464
298465
298467
298468
298469
298470
298471
298472
298473
298474
298475
298476
298477
298478
298479
298480
298481
298482
298483
298484
298485
298486
298487
298488
298489
298490
298492
298494
298495
298496
298497
298498
298499
298500
298501
298503
298504
298505
298507
298508
298509
298511
298512
298513
298514
298515
298518
298519
298524
298526
298530
298531
298532
298534
298535
298536
298537
298539
298541
298542
298543
298544
298545
298546
298548
298549
298550
298552
298553
298554
298555
298556
298557
298560
298563
298564
298565
298566
298567
298568
298569
298570
298571
298572
298574
298575
298576
298577
298578
298579
298580
298583
298584
298585
298586
298587
298588
298589
298591
298592
298593
298594
298595
298596
298597
298599
298600
298601
298603
298604
298605
298606
298608
298609
298610
298611
298612
298613
298617
298618
298620
298621
298624
298626
298627
298629
298630
298631
298632
298633
298634
298635
298636
298637
298638
298641
298642
298643
298646
298647
298650
298652
298653
298656
298657
298659
298660
298661
298662
298665
298666
298667
298668
298669
298670
298672
298673
298674
298675
298676
298681
298682
298683
298684
298686
298688
298689
298690
298691
298692
298693
298695
298696
298697
298698
298699
298700
298701
298702
298703
298704
298705
298706
298708
298709
298710
298712
298713
298714
298715
298716
298718
298720
298721
298722
298723
298724
298726
298728
298729
298730
298733
298734
298736
298737
298738
298739
298740
298741
298742
298743
298745
298746
298748
298749
298751
298753
298754
298755
298756
298758
298760
298761
298762
298763
298764
298766
298767
298768
298769
298770
298771
298773
298774
298775
298776
298777
298778
298779
298780
298781
298782
298783
298784
298785
298786
298787
298788
298789
298790
298791
298793
298794
298795
298796
298797
298798
298799
298800
298801
298802
298803
298804
298805
298807
298812
298813
298814
298815
298816
298817
298818
298819
298820
298821
298822
298823
298825
298826
298827
298828
298829
298830
298831
298832
298833
298834
298836
298837
298839
298841
298842
298845
298846
298847
298848
298849
298850
298851
298852
298853
298854
298855
298856
298857
298858
298859
298862
298863
298864
298865
298866
298868
298870
298871
298872
298874
298875
298876
298877
298878
298879
298880
298881
298882
298883
298884
298885
298886
298887
298888
298889
298890
298891
298892
298893
298894
298895
298897
298898
298899
298900
298902
298904
298906
298907
298908
298909
298910
298911
298914
298915
298916
298917
298920
298921
298922
298924
298926
298928
298929
298931
298932
298934
298935
298936
298937
298938
298939
298940
298945
298946
298948
298949
298950
298953
298955
298956
298957
298958
298961
298963
298964
298967
298970
298971
298972
298973
298974
298975
298976
298977
298978
298979
298981
298983
298984
298985
298986
298987
298990
298991
298992
298993
298995
298996
299000
299001
299002
299004
299005
299008
299009
299011
299012
299013
299014
299015
299019
299021
299022
299023
299024
299025
299026
299027
299030
299031
299032
299033
299035
299039
299040
299041
299042
299044
299045
299046
299047
299048
299049
299051
299052
299053
299056
299057
299058
299059
299060
299064
299065
299070
299071
299072
299074
299075
299076
299077
299079
299080
299081
299082
299083
299084
299086
299087
299088
299090
299091
299093
299095
299096
299098
299099
299100
299101
299102
299103
299104
299105
299107
299108
299109
299110
299112
299113
299115
299116
299117
299118
299120
299122
299123
299125
299126
299127
299128
299129
299131
299133
299134
299135
299136
299137
299138
299139
299142
299145
299148
299151
299152
299153
299155
299156
299157
299158
299159
299160
299161
299163
299165
299166
299167
299169
299171
299172
299173
299174
299175
299177
299179
299180
299181
299182
299183
299185
299190
299191
299192
299194
299195
299196
299197
299198
299199
299201
299203
299204
299205
299206
299208
299209
299212
299213
299217
299219
299221
299222
299223
299224
299225
299226
299227
299229
299231
299232
299233
299234
299235
299236
299237
299238
299240
299241
299242
299243
299244
299245
299246
299248
299249
299250
299251
299252
299253
299254
299256
299257
299259
299260
299261
299262
299264
299265
299266
299267
299269
299270
299271
299272
299273
299274
299275
299278
299279
299280
299281
299282
299283
299284
299287
299288
299290
299291
299294
299295
299296
299297
299299
299300
299302
299303
299304
299305
299306
299308
299309
299310
299312
299313
299314
299315
299316
299317
299318
299321
299322
299323
299324
299326
299329
299330
299332
299333
299334
299336
299338
299342
299343
299345
299346
299347
299349
299350
299351
299352
299353
299354
299355
299356
299357
299358
299359
299360
299362
299363
299364
299365
299366
299367
299368
299369
299370
299371
299373
299374
299375
299376
299377
299378
299379
299380
299381
299382
299383
299384
299385
299386
299387
299388
299389
299391
299392
299393
299394
299395
299396
299397
299398
299399
299400
299401
299402
299403
299406
299407
299408
299409
299410
299411
299412
299413
299414
299415
299417
299418
299419
299420
299421
299422
299423
299425
299426
299427
299428
299429
299431
299432
299433
299435
299436
299437
299438
299439
299440
299441
299443
299445
299446
299448
299449
299450
299452
299453
299454
299455
299456
299457
299458
299462
299463
299464
299466
299469
299471
299474
299475
299476
299477
299478
299480
299481
299483
299484
299485
299486
299487
299488
299489
299490
299492
299494
299496
299497
299498
299500
299501
299503
299505
299506
299507
299509
299513
299514
299515
299516
299517
299518
299521
299522
299526
299527
299528
299531
299532
299533
299534
299535
299536
299538
299539
299540
299543
299544
299545
299546
299549
299550
299554
299555
299557
299558
299560
299562
299563
299564
299565
299566
299568
299569
299570
299571
299573
299574
299577
299578
299579
299580
299581
299583
299584
299587
299588
299589
299590
299591
299592
299593
299594
299595
299596
299597
299599
299600
299601
299602
299605
299606
299607
299608
299609
299610
299611
299612
299613
299614
299615
299616
299617
299618
299619
299621
299622
299623
299624
299625
299626
299627
299629
299630
299632
299633
299634
299635
299636
299637
299638
299639
299641
299642
299643
299644
299645
299646
299647
299648
299649
299650
299651
299652
299654
299655
299656
299657
299658
299665
299667
299668
299669
299670
299671
299672
299674
299675
299677
299679
299681
299682
299683
299684
299685
299686
299687
299688
299691
299692
299693
299696
299697
299698
299699
299700
299703
299704
299705
299706
299708
299709
299710
299711
299712
299713
299715
299716
299718
299720
299721
299723
299725
299726
299728
299729
299732
299734
299735
299736
299737
299739
299741
299743
299744
299745
299746
299747
299748
299749
299750
299752
299754
299755
299757
299759
299760
299762
299763
299764
299765
299766
299767
299769
299770
299772
299773
299776
299778
299779
299780
299781
299784
299785
299786
299787
299789
299790
299792
299794
299796
299798
299799
299801
299802
299803
299804
299805
299806
299807
299808
299809
299810
299811
299812
299814
299815
299816
299817
299819
299820
299821
299822
299823
299824
299825
299827
299829
299830
299831
299832
299833
299834
299835
299836
299837
299838
299839
299840
299841
299842
299847
299850
299851
299854
299856
299857
299858
299861
299862
299865
299866
299867
299868
299869
299870
299871
299872
299873
299875
299876
299877
299878
299879
299880
299881
299882
299884
299887
299888
299891
299892
299893
299894
299895
299897
299898
299899
299900
299901
299904
299906
299907
299909
299910
299911
299912
299913
299914
299915
299916
299918
299923
299926
299927
299928
299930
299931
299932
299933
299937
299939
299940
299941
299942
299943
299944
299946
299947
299949
299950
299951
299952
299953
299954
299955
299956
299958
299959
299960
299962
299963
299964
299965
299966
299967
299968
299970
299971
299973
299974
299975
299976
299977
299978
299979
299980
299982
299983
299985
299987
299988
299989
299990
299991
299992
299994
299995
299997
300001
300002
300004
300005
300006
300007
300009
300011
300012
300013
300015
300016
300018
300019
300022
300024
300025
300026
300027
300028
300029
300030
300032
300033
300034
300036
300037
300038
300039
300040
300041
300042
300044
300045
300046
300047
300048
300049
300050
300051
300052
300055
300057
300058
300059
300060
300061
300062
300065
300067
300072
300073
300074
300077
300081
300082
300085
300086
300087
300088
300091
300092
300093
300094
300095
300096
300097
300098
300099
300100
300101
300104
300106
300107
300108
300109
300110
300111
300112
300113
300115
300117
300119
300120
300121
300122
300123
300125
300128
300129
300130
300131
300133
300134
300135
300136
300138
300140
300145
300146
300148
300150
300151
300152
300154
300155
300156
300158
300160
300161
300162
300163
300165
300166
300167
300168
300169
300170
300171
300172
300175
300176
300177
300178
300179
300180
300183
300184
300186
300188
300189
300191
300193
300194
300196
300197
300198
300199
300204
300205
300206
300207
300208
300209
300210
300211
300213
300215
300216
300219
300220
300221
300222
300223
300225
300226
300227
300228
300229
300230
300231
300234
300235
300237
300238
300245
300246
300247
300248
300251
300252
300253
300254
300255
300256
300257
300258
300259
300260
300261
300262
300263
300264
300265
300266
300267
300268
300269
300271
300272
300273
300274
300275
300276
300278
300279
300280
300281
300284
300285
300286
300287
300288
300290
300293
300294
300295
300297
300298
300299
300303
300304
300305
300306
300307
300308
300310
300311
300312
300313
300317
300318
300319
300320
300321
300322
300323
300324
300325
300326
300329
300330
300331
300333
300334
300335
300336
300337
300338
300339
300340
300342
300344
300345
300346
300347
300348
300349
300352
300353
300354
300355
300358
300359
300360
300362
300364
300365
300368
300370
300372
300373
300374
300375
300376
300378
300380
300381
300384
300385
300386
300387
300388
300392
300393
300394
300395
300396
300398
300399
300400
300401
300402
300403
300404
300405
300407
300408
300409
300410
300411
300412
300413
300414
300416
300418
300420
300421
300424
300425
300426
300428
300429
300431
300432
300433
300434
300436
300437
300438
300439
300441
300442
300443
300445
300447
300448
300449
300450
300451
300452
300453
300454
300456
300457
300458
300460
300462
300463
300464
300465
300466
300467
300468
300469
300470
300471
300474
300475
300476
300478
300480
300481
300482
300484
300485
300486
300487
300489
300490
300491
300494
300495
300496
300498
300499
300500
300501
300502
300503
300504
300505
300506
300507
300508
300510
300511
300512
300513
300514
300518
300519
300520
300523
300524
300525
300526
300527
300528
300530
300531
300532
300534
300535
300536
300537
300538
300540
300541
300542
300543
300544
300545
300546
300547
300548
300549
300551
300552
300554
300556
300557
300558
300559
300560
300561
300562
300563
300564
300565
300567
300569
300570
300571
300572
300574
300575
300576
300577
300578
300579
300581
300582
300583
300585
300586
300587
300588
300589
300590
300591
300593
300595
300596
300598
300601
300602
300604
300605
300606
300608
300609
300610
300611
300612
300613
300614
300615
300616
300617
300618
300619
300620
300622
300623
300625
300627
300628
300629
300630
300631
300632
300633
300634
300635
300637
300640
300641
300643
300644
300645
300646
300647
300649
300650
300651
300652
300654
300656
300657
300658
300659
300660
300662
300663
300665
300666
300667
300668
300670
300671
300672
300673
300674
300675
300678
300679
300680
300681
300682
300683
300684
300685
300686
300687
300688
300689
300691
300694
300695
300696
300697
300698
300700
300701
300702
300703
300704
300705
300707
300708
300709
300710
300711
300712
300714
300715
300716
300717
300718
300719
300720
300721
300722
300723
300725
300726
300728
300729
300732
300733
300735
300736
300737
300738
300739
300740
300741
300743
300744
300745
300747
300748
300749
300750
300752
300753
300754
300755
300756
300757
300760
300762
300763
300765
300766
300767
300768
300769
300770
300771
300772
300773
300774
300775
300776
300777
300778
300780
300781
300784
300785
300786
300789
300790
300791
300792
300794
300795
300798
300799
300801
300802
300803
300805
300806
300807
300808
300809
300811
300812
300813
300816
300818
300819
300820
300821
300823
300825
300827
300828
300829
300830
300831
300833
300834
300835
300838
300841
300842
300843
300844
300845
300847
300848
300849
300850
300851
300855
300858
300859
300860
300862
300863
300864
300865
300868
300869
300870
300871
300872
300873
300874
300876
300877
300878
300879
300880
300881
300882
300883
300884
300885
300886
300887
300890
300891
300894
300896
300897
300899
300900
300901
300902
300903
300904
300906
300907
300908
300910
300911
300913
300914
300915
300916
300917
300918
300919
300920
300922
300924
300925
300926
300928
300931
300932
300934
300935
300936
300937
300938
300939
300940
300941
300945
300946
300947
300948
300949
300954
300955
300956
300958
300959
300960
300962
300963
300964
300965
300966
300967
300968
300969
300970
300971
300973
300974
300975
300976
300978
300979
300980
300981
300982
300983
300985
300986
300987
300988
300989
300990
300992
300994
300995
300996
300997
300998
301001
301003
301014
301016
301017
301019
301020
301021
301022
301023
301024
301025
301026
301027
301028
301029
301031
301032
301033
301034
301035
301036
301038
301039
301040
301041
301042
301043
301044
301045
301046
301047
301049
301050
301052
301053
301054
301055
301056
301057
301058
301059
301060
301061
301062
301063
301064
301065
301066
301067
301068
301069
301070
301071
301072
301073
301074
301075
301076
301077
301078
301079
301080
301081
301082
301083
301085
301086
301087
301088
301089
301090
301092
301094
301095
301097
301098
301099
301100
301103
301104
301105
301106
301107
301108
301109
301110
301111
301112
301113
301114
301115
301117
301118
301119
301120
301121
301122
301123
301124
301125
301127
301128
301129
301130
301131
301132
301133
301134
301135
301136
301138
301140
301141
301142
301143
301144
301146
301147
301149
301151
301152
301153
301154
301155
301156
301158
301159
301160
301162
301165
301167
301169
301170
301172
301174
301175
301177
301178
301179
301180
301183
301186
301187
301189
301191
301194
301196
301198
301199
301202
301205
301206
301207
301208
301209
301211
301213
301214
301215
301216
301217
301218
301219
301220
301221
301222
301223
301225
301226
301227
301228
301229
301233
301235
301237
301238
301239
301240
301241
301246
301249
301250
301251
301252
301253
301255
301257
301258
301259
301261
301263
301266
301267
301268
301269
301270
301272
301274
301276
301277
301278
301279
301280
301281
301282
301283
301284
301286
301287
301288
301289
301290
301291
301292
301293
301295
301296
301298
301302
301303
301304
301306
301307
301308
301309
301311
301312
301316
301317
301318
301320
301321
301322
301324
301325
301326
301327
301328
301329
301330
301331
301332
301333
301334
301335
301337
301338
301339
301340
301341
301343
301344
301346
301349
301350
301351
301352
301353
301354
301355
301356
301358
301359
301360
301361
301363
301364
301365
301366
301368
301369
301371
301372
301373
301374
301375
301376
301377
301378
301379
301380
301381
301382
301383
301384
301385
301386
301388
301389
301390
301392
301394
301395
301396
301397
301398
301399
301401
301402
301405
301408
301410
301411
301412
301414
301415
301416
301419
301420
301421
301422
301423
301428
301429
301431
301433
301434
301435
301436
301437
301441
301442
301444
301445
301446
301447
301448
301449
301450
301451
301452
301454
301455
301457
301460
301461
301462
301465
301466
301467
301469
301470
301472
301473
301474
301475
301477
301478
301481
301482
301483
301484
301485
301486
301487
301488
301489
301490
301492
301494
301495
301497
301498
301499
301501
301503
301504
301507
301508
301509
301511
301512
301513
301514
301515
301517
301519
301520
301521
301522
301523
301524
301526
301527
301531
301532
301534
301535
301536
301537
301538
301539
301540
301541
301542
301548
301551
301553
301554
301555
301557
301559
301561
301562
301564
301565
301566
301567
301569
301571
301574
301576
301578
301582
301583
301584
301586
301587
301588
301589
301591
301592
301593
301594
301596
301597
301598
301600
301602
301603
301604
301606
301607
301608
301609
301610
301611
301613
301614
301615
301616
301617
301618
301619
301620
301621
301623
301624
301625
301626
301627
301628
301630
301633
301634
301636
301637
301638
301639
301640
301641
301643
301644
301645
301646
301647
301648
301649
301650
301651
301652
301654
301655
301656
301657
301658
301659
301660
301661
301664
301665
301666
301667
301668
301669
301671
301672
301674
301675
301676
301677
301678
301679
301682
301684
301685
301686
301687
301688
301689
301691
301692
301693
301694
301696
301697
301698
301699
301700
301701
301702
301703
301706
301707
301708
301709
301710
301712
301713
301714
301715
301716
301717
301718
301719
301720
301721
301723
301724
301726
301728
301729
301730
301731
301732
301733
301735
301736
301737
301738
301739
301741
301742
301744
301745
301746
301747
301750
301752
301755
301756
301757
301758
301761
301763
301764
301765
301766
301767
301768
301769
301771
301772
301775
301776
301777
301778
301781
301784
301785
301786
301788
301790
301791
301793
301794
301795
301796
301797
301798
301799
301800
301801
301802
301803
301804
301805
301806
301807
301808
301809
301810
301811
301812
301813
301814
301815
301818
301820
301822
301823
301824
301825
301828
301829
301830
301831
301832
301833
301834
301835
301836
301837
301838
301839
301840
301843
301848
301849
301851
301852
301853
301854
301856
301857
301860
301861
301862
301863
301864
301866
301868
301869
301872
301876
301877
301879
301880
301881
301883
301884
301886
301887
301888
301890
301891
301892
301893
301896
301897
301898
301899
301900
301901
301902
301903
301904
301905
301906
301908
301909
301911
301912
301913
301914
301918
301919
301921
301922
301923
301924
301926
301927
301928
301930
301931
301932
301933
301934
301935
301937
301942
301943
301945
301946
301947
301948
301949
301950
301951
301952
301953
301954
301955
301956
301957
301959
301960
301961
301963
301966
301969
301973
301974
301975
301976
301978
301979
301981
301983
301985
301987
301989
301990
301994
301995
301996
301999
302000
302001
302002
302003
302004
302005
302006
302008
302009
302011
302012
302014
302015
302016
302017
302018
302020
302021
302022
302023
302024
302026
302027
302029
302030
302033
302036
302037
302038
302039
302040
302042
302043
302045
302046
302047
302048
302052
302054
302055
302056
302059
302060
302061
302062
302065
302066
302069
302071
302073
302076
302077
302078
302079
302080
302082
302084
302085
302086
302088
302089
302090
302092
302093
302094
302095
302096
302097
302099
302101
302102
302103
302105
302106
302107
302108
302110
302112
302113
302114
302115
302117
302119
302120
302121
302122
302123
302125
302126
302129
302130
302131
302133
302134
302135
302136
302137
302138
302139
302140
302142
302143
302144
302146
302147
302148
302150
302151
302152
302154
302155
302157
302158
302159
302160
302161
302162
302164
302165
302166
302167
302168
302171
302172
302173
302175
302176
302177
302178
302179
302180
302181
302182
302183
302184
302186
302187
302188
302189
302190
302191
302192
302193
302194
302195
302196
302197
302199
302200
302201
302202
302203
302204
302205
302206
302207
302208
302210
302211
302212
302213
302214
302215
302216
302217
302219
302220
302222
302223
302224
302225
302226
302227
302228
302229
302230
302232
302233
302235
302236
302237
302239
302240
302241
302242
302243
302244
302245
302248
302249
302251
302253
302255
302256
302258
302259
302261
302263
302264
302265
302266
302267
302268
302269
302270
302271
302272
302273
302275
302277
302278
302279
302280
302282
302284
302285
302286
302288
302290
302291
302292
302293
302294
302295
302296
302297
302298
302299
302300
302301
302302
302303
302304
302305
302306
302307
302308
302309
302310
302313
302314
302315
302316
302317
302318
302320
302322
302324
302325
302326
302327
302330
302331
302332
302333
302336
302338
302340
302341
302342
302343
302344
302347
302348
302350
302351
302352
302353
302354
302355
302356
302358
302359
302360
302361
302362
302364
302367
302368
302370
302371
302372
302373
302374
302376
302378
302379
302380
302382
302383
302385
302386
302389
302391
302392
302393
302394
302396
302397
302398
302400
302401
302402
302403
302404
302405
302407
302408
302409
302411
302413
302414
302415
302416
302417
302418
302419
302420
302421
302422
302423
302424
302425
302426
302428
302429
302431
302432
302433
302434
302437
302438
302440
302441
302443
302444
302445
302447
302453
302454
302455
302456
302457
302460
302461
302463
302465
302468
302469
302470
302471
302472
302473
302474
302475
302478
302480
302481
302482
302483
302484
302485
302486
302488
302489
302490
302491
302492
302494
302495
302497
302498
302499
302500
302501
302502
302503
302505
302507
302508
302510
302511
302512
302514
302515
302516
302519
302520
302521
302524
302525
302527
302528
302529
302532
302533
302534
302535
302536
302538
302539
302540
302541
302542
302543
302544
302546
302547
302548
302549
302553
302554
302555
302556
302557
302558
302559
302560
302561
302562
302563
302564
302565
302567
302568
302569
302570
302571
302572
302575
302577
302580
302581
302582
302583
302584
302586
302587
302588
302589
302590
302592
302593
302594
302595
302596
302597
302598
302599
302600
302603
302605
302606
302608
302609
302610
302611
302612
302613
302614
302615
302616
302617
302618
302619
302620
302621
302622
302623
302624
302625
302626
302627
302628
302629
302630
302631
302632
302635
302636
302637
302638
302639
302640
302641
302643
302644
302645
302648
302649
302650
302651
302652
302653
302654
302655
302656
302657
302658
302659
302660
302661
302662
302664
302666
302667
302668
302671
302672
302673
302675
302676
302678
302679
302680
302681
302682
302683
302684
302685
302687
302688
302689
302690
302691
302692
302693
302694
302695
302696
302697
302698
302699
302700
302701
302702
302704
302706
302707
302709
302711
302712
302714
302716
302717
302718
302719
302720
302721
302722
302723
302725
302726
302727
302728
302729
302730
302731
302732
302733
302734
302736
302739
302740
302741
302742
302743
302744
302745
302747
302751
302752
302753
302754
302755
302756
302757
302758
302759
302760
302761
302762
302763
302764
302765
302767
302768
302770
302771
302772
302773
302774
302775
302776
302777
302778
302780
302781
302782
302783
302784
302786
302787
302788
302789
302790
302791
302792
302793
302795
302797
302798
302799
302802
302803
302804
302805
302807
302808
302809
302810
302811
302812
302813
302814
302817
302818
302819
302820
302821
302822
302823
302826
302828
302829
302833
302834
302835
302836
302837
302838
302839
302840
302841
302843
302844
302845
302846
302847
302848
302849
302850
302851
302852
302853
302854
302855
302856
302857
302858
302859
302861
302863
302865
302868
302869
302870
302872
302873
302874
302875
302877
302878
302879
302880
302882
302883
302885
302886
302887
302888
302889
302890
302891
302892
302894
302895
302897
302899
302900
302901
302902
302903
302904
302905
302906
302907
302908
302910
302911
302912
302915
302916
302918
302920
302921
302923
302924
302925
302926
302930
302931
302932
302933
302935
302936
302937
302938
302939
302940
302941
302942
302945
302947
302951
302952
302953
302954
302955
302956
302957
302959
302960
302961
302962
302963
302964
302966
302968
302969
302970
302971
302972
302973
302977
302978
302979
302980
302981
302982
302984
302985
302986
302987
302988
302989
302990
302991
302993
302994
302995
302996
302997
302998
302999
303000
303001
303002
303003
303004
303007
303010
303011
303012
303014
303016
303017
303018
303020
303021
303022
303023
303024
303025
303026
303027
303028
303029
303030
303031
303032
303034
303035
303036
303037
303039
303040
303041
303042
303044
303045
303046
303047
303049
303050
303052
303056
303057
303058
303059
303060
303061
303062
303063
303066
303069
303070
303071
303072
303073
303074
303075
303076
303077
303078
303080
303081
303083
303084
303085
303086
303087
303088
303089
303090
303091
303092
303093
303094
303095
303097
303098
303101
303102
303103
303104
303105
303106
303107
303108
303109
303110
303112
303113
303115
303116
303117
303118
303119
303120
303121
303122
303125
303126
303128
303129
303130
303131
303132
303133
303134
303135
303137
303138
303139
303140
303141
303143
303144
303145
303149
303150
303153
303154
303155
303156
303157
303158
303159
303160
303161
303163
303164
303165
303166
303167
303168
303169
303170
303171
303172
303173
303176
303181
303183
303184
303186
303187
303188
303189
303190
303192
303193
303194
303195
303196
303197
303198
303199
303200
303201
303202
303203
303205
303207
303208
303209
303210
303212
303214
303216
303217
303218
303219
303220
303221
303222
303223
303224
303225
303227
303228
303229
303230
303231
303232
303233
303234
303235
303236
303237
303238
303239
303240
303241
303242
303243
303245
303246
303247
303249
303251
303252
303253
303254
303255
303256
303258
303259
303260
303263
303264
303266
303267
303268
303269
303270
303271
303272
303273
303274
303275
303276
303277
303278
303280
303281
303282
303283
303284
303285
303286
303287
303288
303290
303291
303292
303293
303294
303295
303296
303297
303298
303299
303300
303302
303303
303304
303305
303306
303307
303309
303310
303312
303314
303315
303316
303317
303318
303319
303320
303321
303322
303324
303325
303326
303328
303330
303332
303333
303334
303335
303336
303337
303338
303339
303340
303341
303343
303344
303346
303347
303350
303351
303352
303355
303358
303360
303363
303364
303365
303366
303367
303368
303369
303370
303373
303375
303377
303378
303379
303384
303385
303387
303388
303390
303391
303392
303393
303394
303396
303397
303398
303399
303400
303401
303402
303403
303404
303405
303406
303407
303408
303409
303410
303411
303412
303413
303415
303417
303418
303419
303420
303422
303423
303427
303428
303429
303431
303433
303434
303436
303437
303438
303440
303441
303442
303443
303444
303446
303447
303452
303453
303454
303456
303457
303458
303459
303463
303464
303465
303466
303467
303469
303472
303473
303474
303475
303476
303478
303479
303480
303481
303482
303483
303484
303485
303486
303487
303488
303489
303491
303493
303494
303495
303496
303497
303498
303499
303500
303501
303502
303503
303504
303505
303506
303507
303508
303510
303512
303513
303514
303515
303516
303517
303518
303519
303520
303521
303523
303524
303525
303527
303528
303530
303532
303535
303536
303537
303538
303539
303540
303541
303543
303545
303546
303547
303549
303550
303552
303556
303558
303560
303561
303565
303567
303568
303569
303570
303571
303573
303574
303576
303577
303578
303579
303581
303583
303585
303586
303587
303588
303590
303592
303593
303594
303596
303597
303598
303599
303601
303603
303607
303608
303609
303610
303611
303612
303613
303615
303617
303620
303621
303622
303626
303627
303631
303632
303633
303634
303638
303639
303640
303641
303643
303644
303645
303646
303647
303650
303652
303653
303654
303655
303656
303657
303658
303659
303660
303661
303662
303663
303664
303665
303666
303668
303669
303670
303672
303674
303675
303676
303677
303678
303679
303680
303681
303683
303684
303686
303687
303689
303691
303693
303694
303696
303697
303698
303700
303701
303702
303703
303706
303708
303709
303710
303711
303713
303714
303715
303717
303718
303720
303722
303723
303724
303725
303726
303727
303729
303730
303731
303732
303733
303734
303736
303737
303738
303739
303740
303741
303742
303743
303745
303746
303747
303748
303749
303750
303752
303753
303757
303758
303759
303761
303762
303763
303764
303765
303766
303769
