45314
45316
45321
45323
45324
45325
45326
45327
45328
45329
45330
45331
45332
45333
45335
45338
45341
45342
45343
45345
45346
45347
45348
45349
45350
45355
45356
45357
45358
45359
45360
45361
45362
45363
45368
45371
45372
45373
45375
45376
45379
45383
45387
45389
45393
45394
45395
45397
45398
45399
45400
45401
45402
45404
45405
45407
45411
45412
45414
45415
45416
45417
45418
45419
45420
45421
45422
45424
45425
45426
45428
45431
45432
45433
45434
45435
45436
45439
45442
45443
45444
45445
45446
45447
45448
45449
45451
45452
45454
45457
45458
45459
45460
45461
45462
45463
45465
45468
45469
45471
45475
45476
45477
45479
45480
45481
45483
45484
45485
45486
45488
45489
45491
45493
45494
45496
45498
45501
45503
45506
45507
45509
45511
45514
45516
45517
45518
45519
45521
45523
45525
45527
45531
45533
45535
45537
45541
45543
45544
45545
45546
45547
45548
45549
45550
45555
45557
45559
45561
45562
45563
45565
45566
45567
45568
45569
45570
45571
45572
45573
45574
45575
45577
45578
45584
45585
45588
45591
45595
45596
45597
45598
45599
45602
45603
45604
45606
45607
45608
45611
45614
45616
45618
45619
45621
45622
45624
45626
45630
45631
45632
45634
45635
45638
45639
45640
45641
45643
45646
45647
45650
45651
45652
45656
45657
45660
45662
45664
45668
45669
45672
45674
45675
45676
45677
45678
45679
45680
45681
45683
45684
45685
45686
45687
45689
45692
45693
45694
45697
45698
45699
45702
45703
45704
45705
45707
45708
45709
45710
45711
45712
45715
45718
45719
45720
45721
45723
45725
45726
45728
45731
45735
45736
45737
45738
45739
45740
45741
45742
45745
45746
45747
45748
45750
45751
45753
45756
45757
45758
45759
45760
45761
45762
45763
45764
45767
45768
45769
45770
45772
45773
45775
45776
45778
45779
45780
45781
45782
45784
45785
45788
45790
45791
45793
45796
45797
45798
45799
45801
45803
45804
45805
45806
45807
45808
45809
45810
45811
45812
45813
45814
45816
45817
45818
45819
45821
45824
45826
45827
45829
45830
45831
45833
45834
45835
45836
45837
45840
45842
45843
45844
45848
45849
45850
45851
45852
45853
45854
45856
45859
45860
45861
45862
45863
45864
45867
45869
45870
45872
45875
45876
45879
45881
45882
45883
45884
45885
45886
45887
45888
45890
45892
45893
45895
45896
45899
45902
45903
45905
45906
45907
45908
45909
45910
45911
45912
45913
45914
45915
45916
45919
45922
45923
45924
45926
45927
45928
45929
45930
45931
45933
45934
45937
45940
45941
45942
45943
45944
45945
45946
45947
45948
45951
45953
45954
45955
45956
45958
45959
45961
45963
45964
45966
45967
45968
45969
45970
45971
45972
45973
45974
45976
45977
45978
45979
45983
45984
45985
45988
45989
45990
45991
45992
45993
45994
45995
45996
45997
45998
45999
46001
46003
46004
46005
46007
46009
46010
46012
46014
46016
46017
46018
46019
46020
46021
46022
46023
46024
46025
46026
46027
46028
46032
46033
46034
46035
46036
46038
46039
46042
46043
46044
46045
46047
46049
46050
46051
46052
46053
46054
46055
46056
46057
46058
46059
46060
46063
46064
46065
46067
46068
46069
46070
46071
46072
46075
46077
46078
46079
46080
46081
46082
46084
46086
46088
46090
46091
46092
46094
46095
46097
46098
46101
46103
46104
46106
46108
46109
46110
46112
46116
46117
46118
46120
46121
46122
46123
46124
46125
46126
46127
46128
46129
46131
46132
46133
46136
46137
46138
46139
46141
46142
46143
46144
46145
46146
46147
46148
46149
46152
46153
46154
46155
46157
46159
46160
46161
46163
46164
46167
46168
46169
46170
46171
46172
46174
46176
46177
46178
46180
46181
46182
46184
46185
46189
46190
46191
46192
46196
46197
46199
46200
46201
46202
46204
46206
46207
46209
46210
46212
46213
46214
46215
46217
46219
46220
46221
46223
46224
46225
46227
46231
46232
46234
46235
46236
46237
46240
46243
46244
46245
46246
46247
46248
46252
46255
46256
46257
46258
46260
46261
46263
46264
46267
46268
46270
46272
46273
46274
46275
46276
46277
46278
46279
46282
46283
46284
46285
46287
46289
46290
46295
46296
46299
46300
46302
46303
46304
46305
46306
46309
46310
46311
46312
46314
46315
46316
46317
46318
46319
46320
46322
46324
46327
46329
46330
46331
46335
46337
46338
46339
46340
46341
46343
46344
46345
46348
46349
46352
46353
46355
46356
46358
46361
46362
46363
46364
46365
46368
46369
46370
46372
46373
46374
46377
46378
46382
46385
46386
46387
46388
46389
46390
46391
46392
46393
46394
46395
46396
46397
46398
46399
46400
46402
46405
46406
46407
46408
46409
46410
46413
46415
46416
46417
46418
46419
46422
46423
46424
46425
46426
46428
46429
46430
46432
46433
46435
46436
46437
46438
46439
46440
46442
46443
46444
46445
46446
46447
46448
46449
46454
46457
46458
46459
46461
46462
46463
46464
46466
46467
46468
46469
46470
46472
46473
46474
46475
46476
46477
46478
46479
46480
46481
46482
46483
46485
46486
46487
46488
46489
46491
46492
46494
46497
46498
46501
46502
46506
46507
46508
46510
46514
46515
46517
46521
46522
46523
46524
46525
46526
46527
46528
46529
46530
46531
46532
46533
46534
46537
46538
46539
46541
46542
46543
46544
46545
46546
46547
46549
46550
46551
46553
46554
46555
46556
46558
46560
46561
46563
46566
46567
46569
46570
46571
46572
46573
46574
46575
46576
46577
46579
46581
46582
46586
46587
46588
46589
46591
46592
46593
46595
46596
46601
46602
46603
46604
46606
46608
46609
46610
46612
46613
46614
46615
46616
46617
46618
46620
46621
46622
46623
46624
46626
46628
46630
46631
46632
46633
46634
46637
46638
46640
46641
46645
46646
46647
46648
46649
46654
46655
46656
46659
46660
46661
46662
46663
46664
46665
46669
46671
46672
46673
46674
46677
46679
46680
46681
46682
46683
46684
46685
46686
46689
46690
46691
46692
46695
46699
46700
46701
46702
46703
46705
46706
46707
46708
46709
46710
46712
46713
46714
46716
46717
46718
46719
46720
46721
46722
46723
46724
46726
46729
46730
46734
46738
46740
46744
46745
46746
46747
46748
46749
46750
46751
46752
46753
46754
46755
46757
46758
46759
46760
46761
46762
46763
46764
46765
46766
46767
46768
46769
46770
46771
46772
46773
46774
46775
46776
46777
46778
46779
46780
46781
46782
46783
46784
46785
46786
46787
46788
46789
46791
46792
46793
46794
46795
46796
46797
46799
46800
46801
46802
46803
46804
46805
46806
46807
46808
46809
46811
46812
46813
46814
46815
46816
46819
46821
46823
46825
46826
46828
46829
46830
46831
46832
46834
46835
46836
46838
46839
46840
46841
46842
46843
46844
46846
46849
46850
46851
46852
46853
46854
46855
46856
46857
46858
46859
46860
46861
46863
46864
46865
46866
46867
46868
46869
46870
46871
46872
46873
46874
46875
46876
46877
46878
46880
46881
46882
46883
46885
46886
46887
46888
46889
46890
46891
46892
46893
46894
46895
46896
46897
46898
46899
46900
46901
46904
46905
46906
46907
46908
46910
46911
46912
46913
46915
46916
46917
46920
46921
46922
46923
46924
46925
46926
46927
46929
46930
46931
46932
46934
46935
46936
46937
46938
46940
46944
46946
46948
46949
46950
46951
46952
46953
46954
46956
46957
46958
46960
46961
46962
46963
46964
46965
46966
46967
46968
46969
46970
46971
46972
46973
46976
46977
46978
46979
46980
46983
46984
46985
46986
46987
46988
46990
46991
46994
46995
46996
46998
46999
47000
47001
47004
47005
47006
47007
47008
47009
47010
47011
47012
47013
47014
47015
47016
47017
47018
47020
47021
47022
47023
47024
47025
47026
47027
47028
47029
47030
47031
47032
47033
47034
47038
47039
47041
47043
47044
47046
47047
47048
47050
47051
47052
47053
47055
47056
47057
47059
47060
47061
47062
47064
47065
47067
47068
47069
47070
47072
47073
47074
47077
47079
47080
47081
47083
47086
47087
47089
47090
47092
47094
47096
47097
47098
47099
47100
47101
47104
47107
47109
47111
47112
47113
47114
47115
47116
47117
47119
47122
47124
47127
47128
47130
47132
47137
47138
47139
47144
47146
47147
47148
47149
47150
47151
47152
47153
47154
47155
47156
47158
47160
47161
47162
47163
47164
47165
47166
47167
47168
47170
47172
47173
47174
47175
47176
47177
47178
47179
47180
47181
47182
47183
47184
47185
47186
47187
47188
47189
47191
47192
47193
47194
47195
47196
47197
47198
47199
47200
47201
47202
47203
47204
47205
47206
47207
47208
47209
47210
47211
47212
47213
47214
47217
47218
47219
47220
47222
47223
47225
47226
47228
47230
47232
47233
47234
47235
47237
47239
47242
47243
47245
47246
47248
47249
47250
47251
47252
47256
47257
47258
47259
47260
47261
47262
47263
47264
47265
47270
47271
47272
47273
47274
47275
47276
47277
47278
47279
47281
47282
47283
47284
47285
47286
47287
47288
47289
47290
47291
47292
47294
47296
47297
47298
47299
47300
47301
47304
47306
47307
47308
47309
47310
47314
47315
47316
47317
47318
47319
47320
47321
47322
47323
47324
47325
47326
47327
47330
47331
47335
47336
47339
47340
47341
47342
47343
47345
47346
47347
47348
47349
47351
47352
47353
47354
47356
47357
47359
47360
47363
47364
47367
47368
47371
47372
47373
47374
47375
47377
47378
47379
47380
47381
47383
47384
47385
47386
47390
47391
47392
47394
47395
47398
47399
47400
47401
47402
47403
47404
47405
47406
47408
47409
47410
47411
47412
47413
47414
47415
47416
47417
47418
47419
47420
47421
47422
47423
47424
47425
47426
47427
47428
47429
47430
47431
47432
47433
47434
47435
47436
47437
47438
47439
47440
47442
47443
47444
47446
47447
47450
47451
47452
47453
47455
47456
47457
47458
47459
47460
47461
47462
47463
47464
47465
47469
47471
47472
47474
47476
47478
47480
47481
47488
47489
47490
47491
47492
47493
47494
47495
47496
47497
47499
47500
47501
47502
47504
47506
47507
47508
47509
47511
47512
47513
47515
47517
47518
47519
47521
47522
47523
47524
47525
47527
47528
47535
47536
47537
47538
47540
47541
47542
47543
47544
47546
47547
47548
47550
47551
47552
47555
47560
47562
47564
47565
47566
47567
47568
47569
47571
47572
47573
47574
47575
47577
47578
47580
47581
47584
47585
47586
47588
47589
47591
47592
47593
47597
47602
47604
47605
47606
47607
47610
47612
47613
47614
47617
47618
47621
47623
47624
47625
47626
47627
47628
47629
47631
47632
47633
47634
47635
47636
47637
47638
47642
47643
47644
47647
47648
47649
47651
47652
47653
47654
47656
47658
47660
47661
47663
47665
47668
47669
47671
47672
47673
47674
47675
47676
47677
47678
47681
47682
47683
47684
47685
47686
47687
47688
47689
47690
47692
47693
47694
47697
47698
47699
47701
47702
47703
47704
47705
47709
47711
47712
47713
47714
47715
47717
47719
47720
47721
47722
47723
47725
47727
47728
47729
47730
47733
47735
47737
47739
47740
47743
47744
47746
47747
47748
47749
47750
47751
47752
47753
47754
47755
47756
47757
47759
47760
47762
47767
47768
47769
47770
47774
47778
47780
47781
47784
47785
47786
47787
47788
47792
47794
47795
47796
47801
47802
47803
47805
47806
47808
47810
47812
47813
47814
47817
47819
47821
47822
47823
47824
47826
47827
47828
47830
47831
47832
47834
47838
47841
47842
47849
47852
47855
47856
47857
47861
47862
47863
47868
47880
47881
47882
47883
47885
47886
47887
47888
47889
47894
47895
47896
47897
47898
47899
47900
47902
47906
47907
47908
47909
47910
47912
47913
47914
47915
47916
47918
47919
47923
47924
47925
47928
47930
47931
47933
47934
47935
47936
47937
47939
47941
47942
47943
47945
47946
47948
47950
47951
47953
47954
47960
47961
47970
47971
47973
47974
47976
47978
47979
47980
47982
47984
47986
47988
47989
47990
47993
47994
47997
47999
48000
48003
48005
48006
48007
48008
48010
48011
48012
48013
48014
48015
48016
48018
48019
48020
48022
48023
48024
48025
48027
48029
48030
48031
48032
48033
48036
48037
48038
48039
48042
48044
48046
48047
48048
48049
48050
48051
48052
48053
48054
48055
48056
48057
48058
48059
48060
48061
48062
48063
48064
48065
48067
48068
48069
48070
48071
48072
48074
48075
48076
48077
48078
48079
48080
48081
48084
48085
48086
48087
48088
48089
48090
48092
48093
48095
48096
48097
48098
48099
48100
48103
48104
48105
48106
48107
48108
48109
48110
48111
48113
48114
48115
48117
48118
48121
48122
48123
48124
48126
48127
48128
48129
48131
48133
48136
48137
48138
48139
48140
48141
48142
48144
48145
48146
48147
48149
48150
48151
48154
48155
48156
48158
48159
48160
48161
48164
48165
48166
48167
48168
48169
48170
48171
48172
48175
48176
48177
48179
48180
48181
48182
48183
48186
48187
48189
48190
48191
48192
48193
48194
48195
48196
48198
48199
48201
48202
48203
48204
48205
48208
48210
48212
48214
48215
48216
48217
48218
48220
48221
48222
48223
48224
48225
48226
48227
48229
48230
48231
48232
48233
48235
48236
48237
48238
48239
48241
48246
48247
48248
48251
48253
48255
48258
48259
48260
48261
48262
48264
48265
48267
48270
48272
48273
48274
48276
48277
48280
48282
48283
48285
48286
48287
48288
48289
48290
48291
48292
48294
48298
48299
48303
48304
48305
48306
48307
48309
48310
48313
48315
48316
48318
48319
48320
48321
48323
48324
48326
48327
48329
48330
48331
48332
48333
48334
48335
48337
48341
48342
48343
48344
48345
48349
48351
48353
48355
48356
48357
48359
48360
48361
48363
48367
48368
48370
48371
48375
48376
48377
48378
48379
48380
48382
48383
48384
48385
48387
48388
48389
48390
48391
48392
48395
48396
48397
48398
48399
48402
48404
48405
48406
48409
48410
48412
48414
48415
48416
48417
48418
48420
48421
48422
48423
48427
48429
48430
48431
48432
48433
48434
48435
48436
48437
48439
48440
48442
48443
48445
48448
48449
48451
48453
48454
48455
48456
48459
48460
48461
48462
48465
48466
48471
48472
48478
48479
48480
48481
48483
48484
48486
48488
48494
48495
48496
48497
48498
48499
48502
48503
48504
48506
48508
48510
48511
48512
48514
48518
48519
48520
48521
48522
48523
48524
48525
48528
48529
48530
48531
48533
48535
48536
48537
48538
48539
48542
48544
48547
48548
48549
48551
48554
48555
48556
48557
48559
48561
48562
48563
48564
48565
48567
48568
48571
48572
48573
48574
48578
48579
48580
48583
48584
48585
48586
48587
48588
48589
48590
48593
48596
48597
48598
48599
48606
48607
48609
48610
48611
48612
48613
48614
48615
48616
48617
48618
48619
48622
48623
48624
48625
48626
48627
48628
48629
48630
48631
48632
48633
48634
48635
48636
48637
48638
48640
48642
48643
48645
48647
48649
48650
48652
48653
48655
48656
48659
48660
48661
48662
48663
48664
48665
48667
48668
48669
48670
48671
48673
48674
48678
48680
48681
48682
48683
48686
48688
48690
48692
48693
48695
48697
48699
48700
48702
48704
48705
48706
48708
48710
48712
48713
48714
48716
48718
48720
48722
48723
48724
48726
48727
48728
48729
48730
48731
48732
48734
48735
48736
48737
48740
48742
48744
48745
48746
48747
48750
48752
48753
48754
48755
48757
48758
48759
48760
48761
48762
48763
48766
48769
48770
48771
48772
48774
48775
48776
48777
48780
48781
48782
48783
48785
48786
48787
48788
48789
48792
48795
48805
48806
48807
48808
48809
48811
48812
48814
48815
48816
48818
48819
48821
48823
48824
48825
48827
48830
48832
48833
48836
48837
48838
48839
48840
48841
48845
48846
48848
48849
48850
48851
48852
48854
48855
48858
48859
48860
48861
48862
48863
48864
48865
48866
48867
48868
48869
48870
48871
48872
48873
48874
48875
48876
48879
48880
48881
48882
48883
48885
48886
48887
48888
48889
48890
48891
48892
48893
48894
48895
48896
48897
48898
48899
48900
48901
48902
48903
48904
48905
48907
48908
48909
48911
48912
48913
48914
48915
48916
48917
48918
48919
48921
48926
48927
48928
48929
48930
48931
48937
48938
48940
48941
48942
48943
48944
48946
48947
48948
48949
48950
48951
48952
48953
48954
48957
48958
48961
48962
48964
48965
48966
48967
48969
48970
48973
48975
48976
48979
48980
48983
48985
48986
48987
48989
48992
48994
48995
48996
48998
49000
49001
49002
49005
49006
49007
49008
49009
49010
49011
49013
49014
49016
49017
49018
49020
49021
49023
49024
49025
49026
49027
49028
49029
49030
49031
49033
49034
49035
49038
49040
49048
49049
49050
49052
49053
49054
49056
49058
49059
49062
49063
49064
49065
49066
49067
49068
49069
49070
49072
49074
49075
49076
49077
49078
49079
49080
49086
49087
49088
49091
49092
49093
49095
49096
49097
49098
49099
49104
49106
49107
49108
49110
49111
49112
49113
49115
49116
49118
49119
49121
49122
49123
49125
49126
49128
49129
49130
49132
49133
49135
49137
49138
49139
49140
49141
49142
49143
49144
49145
49146
49148
49150
49151
49152
49153
49154
49155
49160
49161
49163
49165
49166
49167
49168
49170
49171
49172
49173
49174
49175
49176
49177
49178
49179
49180
49181
49182
49183
49184
49185
49187
49189
49191
49192
49193
49194
49195
49196
49197
49198
49199
49200
49201
49205
49206
49207
49210
49211
49212
49214
49216
49217
49218
49219
49220
49221
49223
49225
49226
49228
49230
49233
49234
49235
49237
49238
49239
49240
49241
49242
49243
49244
49246
49247
49249
49250
49251
49253
49254
49256
49257
49258
49259
49260
49261
49263
49264
49265
49266
49269
49270
49272
49273
49274
49276
49277
49279
49280
49281
49282
49283
49284
49285
49286
49287
49288
49290
49291
49294
49295
49297
49299
49300
49301
49302
49304
49305
49306
49307
49308
49311
49312
49313
49314
49316
49318
49319
49321
49322
49323
49324
49325
49327
49328
49329
49330
49332
49333
49334
49335
49339
49340
49341
49344
49345
49346
49347
49348
49349
49350
49352
49353
49356
49359
49360
49361
49362
49363
49364
49365
49366
49368
49369
49370
49371
49373
49374
49376
49377
49379
49381
49383
49384
49385
49386
49387
49389
49390
49391
49392
49396
49397
49399
49402
49404
49406
49407
49408
49410
49411
49412
49413
49414
49417
49420
49422
49423
49426
49430
49431
49433
49434
49435
49436
49437
49438
49440
49441
49442
49443
49444
49445
49446
49447
49448
49450
49451
49453
49454
49455
49456
49458
49459
49460
49462
49467
49468
49469
49470
49472
49473
49474
49475
49478
49479
49480
49482
49483
49485
49486
49487
49488
49489
49490
49491
49493
49495
49497
49498
49499
49500
49504
49506
49508
49510
49511
49512
49514
49515
49516
49517
49520
49522
49523
49524
49527
49528
49529
49530
49532
49536
49537
49542
49543
49547
49548
49549
49550
49552
49554
49555
49556
49557
49558
49559
49560
49561
49563
49564
49566
49569
49571
49572
49573
49577
49578
49580
49581
49585
49586
49587
49588
49589
49590
49591
49594
49596
49598
49599
49600
49601
49602
49603
49606
49607
49609
49610
49611
49612
49614
49615
49616
49617
49618
49619
49623
49624
49625
49626
49629
49630
49631
49632
49633
49634
49637
49639
49640
49641
49642
49644
49645
49646
49648
49650
49651
49652
49654
49656
49657
49658
49661
49663
49676
49677
49679
49681
49682
49683
49684
49685
49686
49687
49688
49689
49690
49691
49692
49693
49694
49695
49696
49697
49698
49700
49701
49702
49703
49704
49706
49707
49709
49710
49711
49713
49714
49715
49716
49717
49718
49719
49720
49722
49723
49724
49725
49726
49727
49728
49729
49730
49732
49733
49734
49735
49736
49737
49738
49740
49742
49743
49745
49746
49747
49748
49749
49750
49751
49752
49755
49756
49757
49758
49759
49760
49761
49765
49766
49767
49769
49770
49771
49772
49773
49774
49775
49776
49777
49778
49780
49784
49785
49786
49788
49790
49792
49793
49794
49795
49796
49797
49798
49799
49801
49802
49803
49804
49805
49806
49807
49808
49809
49810
49812
49813
49814
49815
49816
49817
49818
49819
49820
49821
49822
49824
49826
49827
49828
49829
49832
49834
49835
49837
49838
49839
49840
49841
49842
49843
49844
49845
49846
49849
49850
49851
49852
49854
49855
49856
49857
49858
49859
49860
49861
49862
49863
49864
49865
49867
49868
49869
49870
49871
49872
49874
49875
49876
49877
49878
49879
49880
49881
49882
49883
49885
49888
49889
49890
49891
49892
49893
49894
49895
49896
49897
49898
49899
49900
49901
49903
49904
49905
49906
49908
49909
49910
49911
49912
49913
49915
49917
49918
49919
49920
49922
49925
49926
49927
49929
49931
49932
49933
49934
49935
49936
49937
49939
49940
49941
49942
49943
49945
49948
49949
49951
49952
49953
49955
49956
49958
49960
49961
49962
49963
49966
49967
49968
49969
49970
49971
49972
49974
49975
49976
49977
49979
49980
49981
49982
49983
49985
49986
49987
49988
49989
49990
49992
49993
49994
49995
49996
49997
49998
49999
50001
50002
50004
50005
50006
50007
50009
50010
50011
50012
50014
50016
50017
50019
50020
50021
50022
50023
50024
50026
50027
50028
50030
50031
50033
50034
50035
50036
50037
50038
50039
50040
50041
50043
50044
50045
50046
50047
50050
50051
50052
50053
50054
50055
50057
50059
50061
50062
50063
50065
50066
50067
50071
50072
50073
50074
50076
50077
50078
50079
50080
50081
50083
50085
50087
50088
50089
50090
50091
50092
50093
50094
50095
50096
50097
50098
50099
50100
50101
50102
50103
50104
50105
50106
50107
50108
50109
50110
50112
50115
50117
50118
50119
50121
50122
50123
50124
50125
50126
50127
50130
50131
50132
50134
50135
50136
50137
50139
50141
50142
50143
50144
50145
50146
50147
50150
50151
50152
50153
50154
50155
50156
50157
50158
50160
50161
50163
50164
50165
50166
50168
50169
50171
50172
50173
50174
50175
50176
50179
50180
50181
50184
50185
50187
50188
50190
50192
50193
50194
50195
50198
50199
50201
50202
50205
50206
50207
50208
50209
50210
50211
50212
50213
50214
50215
50218
50220
50221
50222
50224
50225
50226
50227
50228
50229
50231
50233
50235
50236
50237
50238
50240
50243
50246
50247
50248
50250
50251
50252
50254
50255
50256
50258
50259
50260
50261
50263
50264
50265
50267
50270
50271
50272
50273
50274
50275
50277
50278
50279
50280
50282
50284
50285
50287
50288
50289
50290
50291
50292
50293
50296
50297
50298
50299
50300
50301
50302
50303
50304
50305
50306
50308
50309
50310
50311
50312
50313
50314
50315
50316
50317
50319
50321
50322
50323
50326
50327
50328
50330
50331
50332
50335
50336
50338
50340
50341
50342
50343
50344
50345
50346
50349
50351
50353
50354
50356
50358
50361
50364
50365
50366
50367
50370
50372
50374
50376
50378
50379
50381
50383
50385
50386
50387
50389
50391
50393
50394
50396
50397
50398
50399
50400
50401
50402
50406
50408
50409
50410
50411
50413
50418
50419
50421
50423
50424
50426
50428
50429
50430
50431
50432
50433
50434
50437
50438
50440
50441
50444
50445
50446
50448
50450
50451
50453
50455
50456
50457
50459
50460
50461
50463
50464
50465
50468
50470
50472
50473
50474
50476
50477
50478
50479
50480
50481
50482
50483
50484
50485
50486
50489
50490
50491
50494
50496
50497
50498
50499
50501
50503
50504
50506
50508
50509
50511
50512
50513
50514
50515
50516
50517
50518
50521
50522
50523
50524
50525
50527
50529
50530
50531
50532
50535
50536
50537
50539
50540
50541
50543
50544
50545
50546
50551
50552
50553
50554
50556
50558
50559
50562
50563
50564
50567
50568
50571
50573
50574
50575
50577
50578
50579
50580
50581
50584
50586
50588
50590
50592
50593
50595
50597
50598
50600
50601
50602
50604
50606
50610
50614
50616
50617
50618
50620
50621
50624
50627
50630
50632
50633
50634
50636
50637
50639
50640
50641
50642
50643
50645
50646
50649
50651
50652
50653
50654
50656
50657
50658
50659
50660
50662
50663
50664
50665
50666
50667
50669
50671
50673
50674
50675
50679
50682
50683
50686
50687
50688
50691
50692
50693
50694
50695
50696
50698
50699
50706
50707
50708
50709
50711
50712
50713
50714
50717
50721
50724
50725
50728
50733
50735
50736
50737
50738
50740
50743
50747
50750
50751
50752
50755
50756
50759
50760
50761
50762
50763
50764
50765
50766
50767
50768
50770
50774
50778
50781
50782
50783
50784
50787
50788
50789
50792
50794
50796
50798
50799
50800
50804
50805
50806
50807
50808
50809
50810
50812
50814
50815
50819
50820
50821
50822
50823
50826
50828
50830
50831
50833
50834
50837
50838
50840
50842
50843
50845
50846
50848
50849
50850
50851
50852
50855
50856
50858
50862
50863
50865
50867
50868
50873
50875
50876
50877
50878
50880
50881
50882
50883
50885
50886
50890
50892
50895
50897
50899
50900
50901
50902
50903
50905
50906
50908
50909
50910
50911
50913
50914
50916
50917
50918
50920
50921
50923
50926
50927
50928
50929
50931
50933
50936
50937
50938
50939
50941
50942
50943
50944
50945
50947
50949
50954
50955
50956
50958
50961
50962
50966
50967
50968
50969
50970
50972
50977
50978
50980
50982
50986
50992
50993
50995
50997
51002
51003
51006
51007
51009
51011
51012
51013
51014
51015
51017
51018
51019
51023
51024
51025
51027
51028
51029
51030
51031
51035
51038
51040
51041
51042
51043
51045
51046
51047
51048
51049
51050
51051
51054
51055
51056
51057
51060
51061
51065
51066
51067
51069
51070
51071
51073
51074
51076
51077
51078
51079
51080
51082
51083
51084
51085
51086
51088
51090
51093
51094
51096
51100
51102
51103
51104
51106
51109
51111
51114
51115
51118
51120
51122
51124
51127
51132
51134
51135
51137
51139
51140
51141
51142
51146
51147
51148
51149
51150
51151
51152
51156
51159
51160
51161
51162
51164
51167
51168
51169
51170
51171
51172
51173
51175
51176
51177
51178
51179
51181
51182
51183
51189
51190
51191
51192
51193
51195
51196
51198
51199
51200
51202
51203
51204
51205
51206
51208
51209
51211
51212
51213
51215
51216
51217
51219
51221
51223
51225
51226
51227
51228
51230
51231
51233
51235
51236
51237
51238
51239
51243
51245
51247
51250
51251
51253
51254
51255
51256
51258
51259
51261
51263
51264
51265
51266
51267
51269
51270
51271
51272
51273
51274
51277
51280
51283
51284
51285
51286
51287
51289
51291
51294
51295
51296
51297
51298
51299
51300
51304
51306
51307
51309
51313
51314
51315
51317
51319
51321
51323
51324
51327
51328
51329
51330
51332
51333
51335
51337
51338
51341
51342
51343
51349
51352
51353
51355
51361
51363
51366
51367
51368
51369
51370
51372
51374
51379
51380
51382
51383
51384
51387
51388
51389
51390
51391
51392
51393
51394
51396
51397
51398
51400
51401
51402
51403
51407
51409
51410
51411
51412
51413
51414
51416
51419
51421
51422
51425
51426
51427
51428
51429
51432
51433
51434
51435
51436
51437
51438
51439
51440
51441
51442
51443
51444
51446
51447
51448
51450
51452
51453
51454
51455
51456
51457
51458
51459
51460
51462
51464
51465
51466
51467
51468
51469
51470
51471
51473
51474
51475
51476
51477
51479
51480
51482
51483
51484
51486
51487
51490
51491
51493
51494
51495
51497
51498
51499
51500
51501
51502
51503
51504
51505
51506
51507
51508
51510
51511
51512
51513
51514
51515
51516
51517
51518
51519
51520
51521
51522
51523
51524
51525
51526
51527
51528
51529
51530
51531
51532
51533
51534
51536
51537
51538
51539
51540
51543
51547
51548
51549
51550
51552
51553
51554
51555
51556
51557
51558
51559
51560
51561
51562
51565
51566
51567
51568
51570
51571
51573
51574
51575
51577
51578
51580
51581
51582
51583
51585
51587
51588
51591
51592
51593
51594
51595
51597
51598
51599
51601
51603
51604
51606
51607
51608
51609
51611
51613
51614
51615
51617
51618
51619
51620
51621
51622
51623
51624
51626
51630
51632
51633
51635
51636
51637
51638
51641
51642
51643
51644
51645
51646
51647
51648
51650
51651
51652
51655
51657
51658
51659
51661
51662
51663
51664
51667
51669
51670
51673
51674
51675
51676
51677
51678
51679
51680
51681
51682
51683
51685
51688
51692
51693
51694
51696
51697
51699
51700
51701
51703
51704
51706
51707
51708
51710
51711
51712
51713
51714
51715
51716
51718
51719
51720
51721
51722
51724
51725
51726
51728
51729
51731
51733
51735
51736
51737
51738
51741
51742
51743
51744
51745
51746
51747
51748
51750
51751
51752
51753
51754
51755
51756
51757
51758
51759
51760
51761
51763
51766
51768
51769
51770
51771
51775
51776
51777
51782
51783
51784
51785
51786
51787
51789
51790
51792
51793
51795
51796
51797
51798
51799
51800
51803
51805
51807
51808
51811
51816
51818
51822
51827
51830
51831
51832
51835
51836
51837
51838
51839
51841
51843
51844
51845
51848
51849
51850
51851
51852
51854
51856
51858
51861
51862
51865
51866
51867
51868
51873
51874
51876
51877
51880
51882
51883
51885
51886
51887
51890
51893
51895
51896
51897
51898
51900
51903
51904
51905
51907
51908
51911
51912
51913
51916
51917
51918
51919
51921
51922
51925
51926
51927
51929
51930
51932
51936
51937
51938
51940
51941
51943
51944
51945
51946
51948
51954
51955
51956
51957
51959
51961
51963
51966
51968
51970
51971
51973
51976
51978
51979
51981
51982
51983
51985
51988
51989
51991
51992
51996
51997
51998
52001
52003
52005
52006
52008
52010
52011
52012
52013
52016
52017
52018
52019
52021
52022
52026
52027
52029
52030
52031
52032
52034
52036
52037
52040
52041
52042
52043
52046
52047
52048
52050
52051
52052
52053
52054
52055
52056
52057
52059
52060
52061
52062
52063
52064
52065
52066
52067
52068
52069
52070
52073
52074
52075
52076
52077
52078
52079
52080
52082
52083
52084
52085
52086
52088
52090
52094
52096
52097
52099
52100
52102
52104
52105
52107
52108
52109
52110
52112
52114
52115
52116
52117
52118
52119
52120
52123
52125
52128
52130
52132
52133
52135
52136
52138
52139
52140
52141
52142
52144
52147
52148
52149
52150
52151
52152
52153
52154
52155
52157
52158
52160
52161
52163
52164
52165
52166
52169
52170
52171
52172
52174
52175
52176
52177
52178
52182
52183
52184
52186
52187
52188
52189
52190
52192
52193
52195
52196
52197
52199
52200
52203
52204
52205
52206
52207
52208
52209
52210
52211
52212
52213
52214
52215
52216
52217
52218
52219
52220
52221
52222
52224
52225
52226
52228
52229
52230
52231
52232
52233
52234
52235
52236
52237
52238
52239
52240
52241
52242
52243
52244
52245
52246
52247
52248
52249
52250
52251
52253
52254
52255
52256
52257
52258
52259
52260
52261
52262
52263
52264
52265
52268
52269
52274
52276
52281
52282
52285
52286
52290
52291
52293
52295
52296
52299
52300
52301
52302
52303
52304
52307
52308
52309
52313
52318
52319
52320
52321
52322
52323
52324
52325
52326
52328
52330
52332
52335
52336
52337
52339
52341
52342
52343
52344
52346
52347
52349
52351
52352
52353
52354
52357
52358
52359
52360
52361
52362
52364
52365
52366
52367
52368
52369
52370
52371
52372
52373
52374
52375
52378
52379
52380
52382
52383
52385
52388
52391
52392
52393
52394
52395
52396
52397
52400
52401
52402
52404
52405
52406
52407
52408
52410
52411
52412
52413
52414
52415
52417
52418
52419
52420
52421
52422
52423
52424
52425
52426
52427
52430
52432
52435
52436
52437
52438
52441
52444
52445
52447
52448
52450
52451
52452
52453
52454
52455
52456
52458
52462
52463
52464
52465
52466
52467
52468
52469
52470
52472
52473
52474
52475
52476
52478
52479
52480
52481
52482
52483
52484
52485
52486
52487
52488
52489
52490
52491
52493
52495
52498
52499
52500
52502
52505
52509
52510
52512
52513
52514
52517
52518
52519
52520
52523
52524
52527
52530
52531
52532
52535
52538
52542
52544
52547
52550
52552
52553
52554
52555
52556
52557
52558
52559
52560
52561
52562
52563
52564
52565
52566
52569
52570
52571
52572
52573
52575
52576
52579
52580
52582
52583
52584
52585
52586
52587
52588
52589
52591
52592
52593
52594
52595
52596
52597
52599
52600
52601
52603
52604
52606
52607
52609
52610
52613
52614
52616
52617
52618
52619
52620
52622
52623
52624
52626
52627
52628
52629
52631
52632
52633
52634
52640
52641
52642
52643
52644
52646
52647
52650
52651
52652
52653
52655
52657
52658
52659
52660
52661
52662
52663
52665
52666
52667
52668
52669
52670
52671
52672
52673
52675
52677
52681
52683
52687
52692
52693
52694
52697
52698
52699
52700
52702
52704
52705
52706
52708
52710
52713
52714
52715
52716
52717
52718
52720
52723
52724
52725
52726
52727
52728
52729
52731
52732
52733
52734
52736
52737
52738
52739
52740
52741
52742
52745
52746
52749
52751
52752
52754
52755
52756
52758
52759
52763
52764
52765
52766
52769
52770
52771
52772
52773
52774
52775
52776
52777
52778
52781
52784
52785
52786
52787
52788
52790
52791
52793
52794
52795
52796
52797
52799
52801
52802
52803
52805
52806
52807
52808
52809
52810
52811
52812
52813
52814
52815
52817
52818
52819
52820
52821
52822
52823
52824
52825
52826
52828
52829
52831
52832
52834
52835
52836
52837
52838
52839
52840
52841
52842
52843
52844
52845
52846
52847
52848
52849
52851
52852
52853
52855
52856
52858
52859
52860
52861
52862
52863
52865
52866
52867
52868
52874
52875
52876
52878
52879
52880
52881
52882
52883
52884
52885
52886
52887
52890
52891
52892
52893
52894
52895
52897
52898
52899
52900
52901
52902
52903
52904
52905
52906
52907
52908
52910
52912
52913
52914
52915
52916
52917
52918
52919
52920
52921
52923
52924
52925
52926
52927
52930
52931
52932
52933
52934
52939
52940
52941
52942
52943
52945
52946
52947
52950
52951
52952
52954
52955
52956
52957
52960
52961
52963
52964
52965
52967
52968
52969
52971
52972
52974
52976
52977
52978
52979
52981
52982
52983
52985
52986
52988
52989
52990
52993
52994
52995
52996
52997
52998
52999
53004
53007
53008
53009
53010
53011
53012
53014
53015
53016
53017
53019
53020
53021
53023
53024
53025
53026
53027
53028
53029
53030
53031
53032
53036
53037
53039
53040
53042
53043
53045
53046
53047
53048
53052
53053
53055
53056
53057
53059
53060
53061
53062
53068
53070
53071
53072
53073
53074
53075
53076
53077
53078
53079
53081
53083
53084
53085
53088
53089
53092
53093
53094
53098
53099
53102
53104
53105
53106
53107
53108
53109
53111
53113
53114
53116
53118
53120
53122
53124
53125
53126
53127
53130
53131
53132
53133
53134
53135
53136
53137
53138
53139
53140
53141
53142
53143
53144
53145
53147
53148
53149
53150
53151
53152
53153
53154
53155
53160
53161
53163
53164
53166
53168
53171
53173
53174
53175
53176
53178
53179
53181
53182
53183
53184
53187
53190
53192
53196
53198
53199
53200
53201
53202
53203
53205
53206
53207
53208
53209
53210
53215
53217
53218
53220
53224
53225
53226
53228
53229
53230
53232
53234
53235
53236
53237
53238
53239
53240
53242
53244
53245
53246
53248
53250
53252
53253
53255
53262
53264
53265
53266
53267
53268
53269
53270
53271
53274
53276
53277
53279
53280
53281
53282
53283
53285
53289
53290
53291
53293
53295
53296
53297
53300
53301
53303
53305
53307
53308
53309
53310
53312
53313
53314
53316
53317
53320
53321
53322
53324
53325
53326
53327
53328
53329
53332
53336
53337
53340
53342
53345
53346
53347
53349
53350
53351
53352
53353
53354
53356
53357
53358
53360
53361
53362
53363
53365
53367
53369
53370
53372
53373
53374
53375
53376
53379
53381
53382
53383
53384
53386
53387
53388
53389
53392
53393
53394
53395
53396
53399
53401
53403
53404
53405
53408
53412
53413
53414
53416
53425
53434
53437
53439
53441
53442
53443
53444
53445
53447
53448
53450
53458
53459
53460
53461
53462
53463
53464
53465
53466
53468
53470
53471
53472
53473
53474
53475
53476
53478
53479
53480
53481
53482
53483
53484
53486
53487
53488
53490
53493
53494
53495
53496
53497
53498
53499
53500
53501
53502
53503
53505
53508
53509
53511
53512
53513
53514
53515
53516
53517
53518
53519
53520
53521
53523
53525
53526
53529
53531
53532
53533
53535
53536
53538
53539
53540
53541
53542
53545
53548
53549
53551
53552
53553
53554
53555
53556
53557
53559
53560
53561
53563
53564
53566
53567
53569
53570
53571
53572
53573
53574
53575
53576
53577
53578
53579
53581
53583
53584
53585
53586
53587
53588
53589
53591
53592
53593
53594
53595
53596
53597
53598
53599
53600
53601
53602
53603
53604
53605
53606
53607
53608
53609
53610
53611
53612
53613
53614
53616
53617
53618
53619
53620
53621
53622
53624
53625
53626
53627
53628
53629
53630
53631
53632
53633
53635
53637
53638
53639
53640
53641
53642
53643
53644
53645
53646
53648
53649
53651
53652
53654
53655
53656
53657
53658
53659
53660
53661
53662
53663
53664
53665
53667
53668
53669
53670
53671
53672
53674
53675
53676
53678
53679
53681
53682
53683
53684
53686
53688
53689
53690
53691
53692
53693
53694
53695
53696
53697
53698
53700
53701
53702
53705
53706
53708
53709
53710
53711
53712
53713
53714
53715
53716
53717
53720
53723
53724
53726
53727
53728
53729
53730
53731
53733
53734
53736
53737
53738
53739
53740
53741
53742
53743
53747
53748
53750
53751
53752
53753
53756
53757
53758
53759
53760
53761
53762
53763
53764
53766
53767
53768
53769
53770
53771
53772
53774
53775
53777
53778
53779
53782
53783
53786
53787
53788
53790
53791
53792
53793
53794
53796
53797
53798
53799
53800
53801
53802
53804
53805
53806
53808
53809
53810
53811
53813
53814
53815
53816
53817
53818
53820
53821
53822
53823
53824
53825
53826
53827
53828
53829
53831
53832
53833
53834
53835
53836
53837
53840
53843
53845
53846
53848
53849
53850
53852
53853
53854
53856
53857
53858
53859
53860
53861
53862
53864
53865
53866
53867
53869
53870
53871
53872
53873
53875
53876
53877
53878
53879
53880
53882
53883
53884
53885
53886
53887
53889
53890
53891
53892
53893
53894
53895
53896
53897
53898
53899
53900
53901
53903
53904
53905
53906
53910
53911
53912
53915
53916
53919
53920
53921
53922
53923
53924
53925
53926
53927
53928
53930
53932
53933
53934
53935
53938
53939
53940
53942
53944
53945
53947
53948
53949
53950
53951
53953
53954
53955
53956
53957
53958
53959
53961
53963
53964
53965
53966
53967
53968
53969
53971
53972
53975
53976
53977
53978
53979
53980
53982
53983
53984
53985
53986
53987
53988
53989
53990
53991
53992
53993
53994
53997
53998
53999
54000
54002
54003
54004
54005
54006
54007
54009
54010
54013
54014
54015
54016
54017
54019
54020
54021
54023
54024
54025
54026
54027
54028
54029
54030
54031
54032
54034
54035
54037
54038
54039
54040
54042
54043
54046
54047
54048
54049
54050
54051
54052
54053
54054
54055
54056
54057
54058
54059
54060
54061
54062
54063
54064
54065
54066
54067
54069
54070
54072
54075
54078
54079
54080
54081
54082
54083
54088
54089
54090
54092
54093
54094
54096
54097
54098
54099
54100
54101
54104
54105
54107
54108
54110
54111
54113
54114
54116
54117
54118
54119
54120
54121
54122
54123
54124
54125
54126
54127
54129
54130
54131
54132
54133
54134
54136
54138
54144
54146
54148
54149
54150
54152
54154
54156
54161
54163
54166
54168
54170
54171
54172
54174
54176
54179
54180
54181
54183
54185
54186
54187
54188
54189
54190
54191
54194
54196
54197
54198
54199
54200
54203
54204
54206
54209
54210
54211
54212
54213
54215
54216
54217
54218
54219
54220
54224
54225
54226
54227
54229
54235
54236
54238
54239
54241
54242
54243
54244
54245
54246
54247
54251
54252
54254
54255
54256
54257
54258
54259
54260
54261
54262
54263
54266
54269
54270
54274
54276
54277
54278
54280
54282
54283
54284
54285
54287
54289
54290
54291
54292
54294
54295
54296
54297
54298
54301
54302
54303
54305
54306
54307
54309
54311
54312
54313
54314
54315
54316
54319
54321
54322
54327
54329
54331
54337
54338
54339
54340
54341
54345
54346
54347
54348
54350
54351
54352
54353
54355
54356
54357
54358
54359
54361
54363
54364
54366
54367
54368
54371
54372
54373
54375
54378
54379
54380
54381
54382
54383
54384
54388
54389
54390
54393
54394
54395
54396
54397
54398
54399
54400
54403
54404
54406
54407
54408
54409
54410
54411
54412
54413
54416
54417
54419
54423
54424
54425
54426
54428
54429
54430
54431
54434
54435
54436
54438
54439
54440
54441
54442
54444
54448
54451
54452
54455
54456
54457
54458
54459
54460
54461
54462
54463
54465
54467
54469
54470
54475
54476
54477
54478
54482
54483
54484
54485
54492
54493
54494
54495
54496
54497
54498
54499
54500
54501
54502
54506
54507
54508
54510
54512
54513
54516
54518
54521
54523
54524
54525
54526
54528
54529
54530
54533
54535
54536
54537
54538
54539
54541
54542
54544
54545
54546
54547
54551
54554
54557
54559
54560
54561
54562
54563
54564
54565
54566
54567
54568
54570
54571
54573
54575
54577
54578
54579
54580
54584
54585
54586
54587
54588
54589
54590
54591
54595
54599
54601
54602
54603
54604
54605
54607
54608
54609
54610
54612
54613
54615
54616
54617
54618
54619
54620
54621
54622
54627
54628
54630
54631
54633
54635
54636
54637
54639
54640
54641
54644
54648
54650
54657
54659
54661
54662
54663
54665
54666
54668
54669
54670
54671
54673
54675
54676
54679
54681
54682
54687
54688
54691
54692
54693
54694
54695
54696
54698
54699
54700
54702
54703
54704
54706
54707
54709
54712
54713
54715
54717
54719
54720
54721
54723
54725
54726
54727
54729
54730
54731
54732
54733
54734
54735
54736
54737
54738
54739
54740
54742
54743
54744
54746
54749
54750
54751
54753
54755
54757
54758
54760
54763
54764
54765
54769
54770
54771
54772
54773
54774
54775
54776
54777
54778
54780
54781
54784
54786
54787
54792
54793
54794
54795
54796
54797
54798
54799
54800
54801
54802
54803
54804
54805
54807
54809
54810
54811
54812
54813
54814
54815
54816
54817
54818
54819
54820
54821
54822
54824
54825
54826
54828
54830
54832
54833
54835
54836
54837
54838
54840
54842
54848
54850
54851
54852
54854
54855
54858
54859
54860
54861
54862
54863
54864
54867
54870
54872
54873
54876
54879
54880
54886
54887
54889
54890
54891
54893
54898
54899
54901
54903
54904
54905
54907
54908
54909
54910
54911
54912
54913
54914
54915
54916
54917
54918
54919
54920
54921
54923
54924
54925
54926
54928
54930
54933
54934
54935
54936
54939
54940
54942
54943
54944
54945
54947
54948
54949
54950
54952
54953
54955
54956
54957
54958
54959
54960
54961
54962
54963
54965
54966
54967
54968
54969
54972
54974
54975
54977
54978
54979
54980
54981
54983
54984
54985
54986
54988
54989
54990
54991
54993
54994
54995
54996
54998
54999
55000
55005
55006
55008
55009
55010
55013
55015
55016
55017
55018
55019
55021
55024
55026
55028
55029
55030
55032
55033
55037
55038
55039
55040
55041
55042
55043
55044
55045
55046
55047
55048
55050
55051
55052
55053
55054
55057
55058
55059
55061
55062
55065
55066
55067
55068
55069
55070
55071
55072
55073
55074
55075
55077
55079
55081
55082
55087
55088
55089
55091
55092
55093
55095
55098
55099
55100
55104
55105
55109
55110
55111
55115
55116
55117
55118
55119
55121
55123
55125
55126
55127
55128
55129
55130
55131
55133
55136
55137
55138
55139
55141
55143
55146
55147
55148
55149
55150
55151
55155
55156
55157
55158
55159
55161
55162
55164
55165
55166
55167
55168
55169
55171
55173
55175
55176
55178
55179
55180
55184
55185
55186
55187
55189
55190
55192
55193
55194
55195
55196
55198
55200
55202
55203
55204
55205
55206
55207
55208
55209
55210
55212
55213
55214
55215
55216
55217
55218
55219
55221
55222
55223
55224
55225
55227
55231
55232
55233
55234
55235
55236
55237
55241
55242
55243
55245
55246
55247
55248
55251
55254
55255
55258
55259
55260
55261
55262
55263
55265
55266
55268
55269
55270
55272
55273
55274
55275
55276
55277
55278
55280
55283
55284
55285
55286
55287
55290
55292
55294
55295
55296
55297
55298
55300
55304
55305
55309
55312
55313
55314
55315
55316
55317
55318
55319
55320
55321
55322
55323
55324
55326
55329
55330
55331
55332
55336
55337
55339
55340
55341
55342
55343
55344
55347
55348
55349
55351
55352
55353
55355
55356
55358
55360
55363
55364
55365
55366
55369
55370
55371
55372
55374
55375
55377
55378
55379
55380
55381
55382
55383
55385
55386
55387
55388
55391
55394
55395
55397
55400
55401
55403
55404
55406
55409
55411
55415
55417
55418
55420
55422
55423
55425
55426
55427
55428
55429
55431
55433
55436
55438
55443
55444
55445
55448
55449
55450
55452
55453
55454
55455
55456
55459
55462
55464
55465
55466
55467
55468
55471
55473
55475
55476
55477
55478
55480
55481
55482
55483
55485
55488
55489
55492
55498
55500
55501
55503
55504
55506
55507
55508
55511
55512
55513
55514
55515
55517
55519
55521
55522
55523
55524
55527
55529
55530
55535
55538
55539
55540
55541
55542
55544
55545
55546
55547
55548
55549
55551
55552
55553
55555
55556
55558
55559
55560
55561
55562
55564
55570
55572
55573
55575
55577
55579
55580
55581
55583
55584
55586
55588
55589
55590
55592
55593
55594
55595
55596
55598
55599
55601
55602
55603
55604
55605
55606
55607
55608
55609
55610
55612
55613
55615
55616
55618
55619
55620
55622
55623
55624
55626
55627
55631
55632
55634
55635
55640
55641
55643
55644
55645
55646
55647
55649
55650
55652
55653
55654
55655
55656
55659
55660
55661
55663
55664
55666
55667
55668
55669
55670
55672
55673
55680
55681
55683
55684
55685
55686
55687
55689
55690
55692
55693
55694
55695
55700
55703
55704
55705
55707
55708
55711
55713
55714
55715
55716
55718
55721
55722
55724
55725
55726
55727
55729
55730
55731
55732
55734
55735
55736
55737
55738
55739
55740
55741
55742
55743
55744
55745
55748
55749
55750
55751
55753
55754
55756
55757
55758
55759
55761
55762
55763
55766
55767
55768
55769
55770
55771
55772
55773
55774
55775
55776
55777
55778
55779
55780
55781
55783
55784
55785
55787
55788
55789
55790
55791
55792
55793
55794
55796
55797
55798
55799
55800
55801
55802
55803
55804
55805
55806
55807
55809
55811
55812
55814
55815
55816
55817
55819
55821
55822
55824
55825
55826
55828
55829
55830
55831
55833
55834
55835
55837
55838
55839
55842
55843
55846
55847
55848
55849
55850
55851
55855
55857
55858
55859
55862
55865
55866
55868
55869
55870
55872
55873
55874
55875
55876
55877
55878
55880
55881
55882
55883
55884
55885
55887
55888
55889
55890
55891
55892
55893
55894
55896
55898
55899
55900
55903
55905
55906
55907
55909
55910
55914
55915
55916
55918
55920
55924
55926
55931
55932
55933
55936
55938
55939
55940
55941
55942
55943
55945
55946
55947
55948
55949
55952
55953
55954
55955
55956
55957
55959
55960
55965
55966
55968
55970
55971
55972
55973
55974
55975
55976
55978
55979
55980
55981
55982
55983
55984
55985
55986
55987
55988
55990
55991
55992
55993
55994
55995
55996
55997
55998
55999
56000
56001
56002
56003
56004
56006
56007
56008
56009
56010
56011
56012
56014
56015
56016
56018
56019
56020
56021
56022
56023
56024
56025
56026
56028
56030
56031
56032
56033
56034
56035
56037
56038
56039
56041
56043
56045
56046
56047
56048
56049
56050
56052
56053
56054
56055
56056
56057
56058
56059
56060
56061
56063
56064
56065
56069
56070
56071
56072
56073
56076
56077
56078
56080
56081
56084
56085
56086
56088
56091
56093
56094
56097
56100
56101
56103
56104
56105
56106
56107
56108
56109
56110
56112
56113
56115
56118
56119
56123
56125
56126
56127
56128
56129
56131
56133
56134
56136
56137
56138
56139
56140
56141
56143
56144
56145
56146
56148
56149
56150
56151
56152
56153
56155
56156
56158
56159
56160
56161
56163
56165
56166
56167
56168
56169
56170
56171
56172
56174
56176
56177
56178
56179
56180
56181
56182
56183
56184
56186
56187
56189
56192
56194
56195
56196
56197
56201
56204
56205
56206
56207
56210
56211
56213
56214
56215
56216
56218
56219
56222
56223
56224
56225
56226
56228
56229
56230
56231
56232
56234
56235
56236
56237
56239
56240
56241
56242
56243
56244
56245
56246
56247
56248
56249
56250
56251
56252
56253
56256
56257
56258
56262
56265
56267
56268
56271
56272
56273
56274
56275
56276
56277
56278
56279
56280
56281
56284
56287
56288
56289
56290
56291
56292
56293
56294
56295
56296
56298
56299
56300
56301
56303
56305
56308
56309
56310
56311
56312
56314
56316
56317
56320
56323
56325
56326
56327
56330
56331
56332
56336
56339
56340
56342
56345
56346
56347
56348
56350
56353
56354
56356
56357
56359
56361
56362
56363
56365
56366
56367
56368
56369
56371
56372
56373
56374
56375
56377
56378
56380
56381
56382
56383
56385
56386
56387
56388
56389
56390
56391
56392
56393
56395
56396
56397
56398
56399
56401
56402
56403
56404
56405
56406
56407
56408
56409
56410
56411
56412
56413
56414
56415
56416
56418
56419
56421
56422
56423
56424
56425
56426
56428
56429
56431
56433
56434
56438
56439
56440
56441
56442
56443
56444
56445
56446
56447
56448
56449
56450
56452
56453
56454
56455
56456
56457
56458
56459
56460
56461
56464
56465
56466
56467
56469
56470
56471
56472
56473
56474
56475
56477
56478
56479
56480
56481
56482
56484
56485
56487
56488
56489
56490
56491
56492
56493
56495
56496
56497
56498
56499
56500
56501
56502
56503
56504
56505
56506
56508
56510
56512
56513
56517
56518
56519
56520
56521
56522
56523
56524
56525
56526
56527
56528
56529
56530
56532
56533
56535
56536
56538
56539
56540
56541
56546
56547
56548
56549
56550
56551
56553
56554
56555
56556
56559
56560
56562
56563
56564
56565
56566
56567
56568
56569
56570
56571
56573
56574
56575
56576
56578
56579
56581
56582
56583
56585
56587
56589
56590
56591
56592
56594
56596
56597
56598
56600
56602
56605
56606
56607
56608
56610
56612
56613
56614
56616
56617
56619
56620
56621
56622
56623
56624
56625
56626
56627
56628
56629
56630
56631
56633
56634
56639
56640
56641
56643
56645
56647
56648
56649
56650
56651
56652
56653
56654
56655
56656
56657
56658
56659
56660
56661
56662
56665
56666
56669
56670
56671
56673
56674
56675
56677
56679
56680
56681
56682
56685
56687
56688
56689
56690
56691
56692
56693
56694
56695
56697
56698
56699
56700
56701
56702
56703
56704
56706
56707
56708
56709
56710
56713
56714
56715
56716
56718
56719
56720
56721
56722
56723
56724
56725
56727
56729
56731
56732
56733
56734
56735
56736
56737
56738
56740
56741
56743
56746
56750
56751
56752
56753
56754
56756
56757
56760
56761
56763
56764
56765
56766
56767
56768
56770
56771
56772
56777
56778
56780
56781
56782
56783
56785
56786
56788
56789
56791
56792
56793
56795
56796
56797
56798
56799
56801
56802
56803
56805
56806
56807
56809
56810
56812
56814
56815
56816
56817
56822
56823
56825
56826
56827
56828
56830
56832
56833
56835
56836
56837
56839
56840
56842
56843
56844
56845
56846
56847
56848
56849
56850
56851
56852
56853
56854
56855
56856
56857
56858
56859
56860
56861
56862
56863
56865
56867
56868
56869
56870
56872
56873
56875
56876
56878
56881
56882
56883
56884
56885
56887
56888
56890
56894
56895
56896
56899
56903
56905
56908
56909
56911
56912
56914
56916
56917
56918
56919
56920
56923
56924
56926
56927
56928
56929
56931
56933
56935
56937
56939
56941
56944
56945
56946
56947
56948
56949
56953
56954
56956
56957
56958
56959
56961
56963
56964
56965
56966
56967
56969
56973
56975
56978
56979
56980
56981
56983
56984
56986
56987
56988
56990
56992
56993
56996
56998
56999
57000
57001
57002
57003
57004
57006
57009
57010
57011
57014
57015
57016
57018
57021
57022
57023
57024
57025
57026
57027
57030
57031
57032
57033
57035
57037
57038
57039
57040
57042
57044
57045
57048
57049
57051
57052
57053
57055
57056
57058
57059
57060
57062
57063
57064
57065
57066
57067
57069
57071
57072
57073
57074
57075
57076
57077
57078
57081
57082
57087
57088
57090
57091
57092
57094
57095
57096
57098
57099
57100
57101
57103
57105
57106
57107
57108
57111
57113
57115
57117
57118
57120
57123
57125
57126
57127
57128
57130
57131
57132
57134
57135
57136
57137
57138
57141
57142
57143
57145
57146
57147
57148
57149
57150
57152
57154
57155
57157
57158
57159
57160
57161
57162
57163
57165
57166
57167
57168
57169
57170
57171
57172
57174
57176
57177
57178
57179
57181
57182
57183
57184
57185
57188
57190
57191
57192
57193
57194
57195
57196
57197
57198
57199
57200
57201
57202
57203
57204
57206
57207
57209
57211
57212
57213
57214
57215
57216
57218
57219
57220
57221
57222
57223
57224
57225
57226
57229
57230
57231
57232
57233
57234
57235
57237
57238
57240
57241
57243
57244
57245
57247
57250
57254
57255
57256
57257
57258
57259
57260
57262
57263
57267
57268
57273
57275
57276
57278
57279
57280
57281
57282
57284
57285
57286
57288
57290
57291
57292
57293
57294
57297
57298
57299
57302
57303
57304
57306
57308
57309
57311
57312
57313
57314
57315
57316
57318
57321
57322
57323
57324
57325
57326
57327
57328
57330
57332
57333
57334
57338
57339
57340
57341
57342
57343
57344
57345
57346
57348
57350
57351
57353
57354
57355
57356
57357
57358
57360
57361
57362
57363
57365
57366
57367
57368
57369
57370
57371
57372
57373
57374
57376
57377
57378
57380
57381
57383
57386
57388
57390
57391
57393
57394
57395
57397
57398
57401
57402
57405
57406
57408
57410
57411
57412
57413
57416
57417
57418
57419
57420
57423
57427
57428
57432
57433
57436
57437
57438
57439
57440
57441
57443
57444
57445
57446
57447
57448
57452
57453
57454
57456
57457
57458
57459
57460
57462
57463
57465
57467
57469
57470
57472
57475
57476
57477
57479
57482
57484
57485
57486
57487
57488
57489
57491
57492
57494
57495
57498
57501
57502
57503
57504
57505
57506
57507
57508
57509
57510
57512
57517
57518
57519
57520
57521
57523
57525
57526
57527
57529
57530
57531
57533
57534
57535
57536
57537
57542
57544
57545
57546
57547
57548
57549
57550
57551
57552
57553
57554
57556
57557
57561
57564
57565
57566
57567
57568
57570
57571
57574
57575
57576
57579
57580
57581
57582
57583
57584
57585
57586
57587
57589
57591
57592
57593
57594
57596
57597
57598
57599
57600
57601
57602
57603
57605
57606
57607
57608
57609
57610
57611
57612
57613
57615
57618
57619
57620
57621
57623
57624
57625
57627
57628
57631
57632
57633
57634
57635
57637
57638
57639
57640
57642
57645
57646
57648
57650
57652
57653
57654
57657
57658
57659
57660
57664
57666
57668
57669
57670
57671
57672
57674
57675
57676
57677
57678
57679
57683
57685
57686
57688
57689
57690
57694
57695
57696
57697
57698
57699
57701
57702
57706
57709
57710
57711
57712
57715
57717
57718
57722
57723
57724
57726
57727
57728
57731
57732
57733
57734
57737
57738
57739
57740
57741
57744
57745
57746
57747
57748
57749
57750
57751
57752
57754
57755
57757
57761
57762
57763
57764
57765
57766
57768
57769
57771
57772
57773
57774
57775
57776
57778
57779
57781
57782
57783
57784
57785
57788
57789
57790
57791
57793
57794
57795
57797
57798
57799
57800
57801
57802
57803
57804
57806
57808
57809
57810
57811
57812
57815
57816
57817
57818
57819
57820
57821
57823
57825
57827
57829
57831
57832
57834
57838
57840
57841
57844
57847
57848
57849
57851
57852
57853
57854
57856
57857
57860
57862
57866
57867
57868
57869
57871
57872
57875
57876
57878
57880
57882
57883
57884
57885
57886
57887
57888
57890
57891
57894
57897
57900
57902
57903
57905
57907
57911
57912
57913
57914
57916
57918
57919
57921
57922
57923
57924
57925
57926
57929
57930
57931
57932
57933
57934
57935
57938
57939
57940
57941
57942
57943
57944
57945
57946
57947
57948
57949
57951
57952
57954
57955
57959
57960
57961
57962
57963
57964
57965
57966
57967
57968
57969
57971
57972
57974
57977
57980
57981
57982
57983
57985
57986
57987
57988
57989
57990
57991
57993
57994
57995
57996
57997
57998
57999
58000
58002
58003
58004
58005
58006
58009
58010
58012
58013
58014
58015
58016
58017
58020
58022
58023
58025
58026
58027
58029
58030
58031
58032
58033
58035
58036
58037
58041
58043
58044
58045
58047
58048
58051
58054
58055
58056
58057
58058
58061
58062
58063
58064
58065
58066
58067
58068
58069
58070
58071
58072
58073
58074
58076
58078
58079
58081
58082
58083
58086
58087
58089
58090
58091
58092
58093
58094
58097
58099
58100
58101
58102
58103
58104
58105
58108
58109
58110
58111
58112
58113
58114
58116
58117
58118
58122
58124
58125
58126
58127
58128
58129
58130
58131
58132
58134
58136
58139
58140
58141
58142
58143
58144
58145
58146
58147
58150
58152
58154
58156
58157
58158
58163
58164
58166
58167
58168
58169
58170
58172
58173
58174
58175
58176
58177
58178
58180
58181
58182
58185
58186
58188
58190
58193
58194
58195
58196
58197
58198
58199
58200
58202
58204
58206
58207
58208
58209
58210
58211
58212
58213
58215
58216
58217
58218
58220
58222
58223
58225
58227
58228
58229
58230
58232
58233
58234
58235
58236
58237
58238
58239
58240
58241
58242
58243
58244
58245
58246
58247
58248
58250
58252
58253
58254
58255
58256
58259
58260
58261
58262
58263
58264
58265
58267
58268
58272
58273
58275
58277
58278
58279
58280
58281
58282
58284
58285
58286
58288
58289
58290
58293
58294
58295
58296
58297
58300
58301
58303
58304
58305
58306
58307
58308
58309
58310
58311
58312
58313
58314
58315
58316
58317
58318
58319
58320
58322
58323
58328
58333
58334
58335
58336
58337
58338
58339
58340
58341
58342
58343
58344
58346
58347
58349
58350
58351
58353
58354
58355
58358
58359
58362
58363
58365
58368
58369
58370
58373
58374
58376
58377
58378
58380
58382
58383
58386
58388
58390
58391
58392
58394
58395
58396
58397
58398
58399
58401
58402
58404
58405
58407
58408
58409
58410
58412
58413
58415
58416
58417
58419
58420
58421
58422
58423
58424
58426
58428
58429
58430
58431
58434
58435
58436
58437
58438
58439
58441
58442
58443
58444
58445
58446
58447
58448
58450
58452
58453
58455
58456
58458
58459
58460
58461
58462
58463
58465
58467
58469
58470
58471
58472
58474
58476
58477
58481
58482
58483
58485
58486
58487
58488
58489
58491
58492
58493
58496
58497
58501
58502
58503
58504
58505
58508
58510
58511
58512
58514
58515
58517
58518
58519
58520
58522
58523
58524
58526
58527
58529
58531
58532
58535
58537
58538
58540
58542
58544
58545
58546
58547
58548
58549
58550
58551
58553
58554
58555
58556
58558
58559
58560
58561
58562
58563
58564
58565
58567
58569
58570
58571
58572
58573
58574
58575
58576
58579
58580
58581
58583
58584
58585
58586
58587
58591
58593
58595
58598
58599
58600
58601
58603
58604
58606
58607
58608
58611
58612
58613
58614
58615
58619
58623
58625
58626
58627
58628
58629
58631
58633
58635
58636
58638
58639
58640
58642
58643
58645
58646
58647
58650
58651
58652
58653
58654
58655
58656
58657
58658
58659
58660
58661
58662
58663
58664
58665
58666
58667
58668
58669
58670
58671
58672
58673
58674
58675
58676
58677
58678
58679
58680
58681
58682
58683
58685
58686
58687
58688
58689
58690
58691
58692
58693
58694
58696
58697
58698
58699
58701
58702
58703
58705
58706
58707
58708
58709
58710
58711
58712
58714
58715
58716
58717
58718
58720
58721
58722
58723
58724
58725
58726
58727
58728
58730
58731
58732
58734
58736
58738
58739
58741
58746
58748
58750
58751
58752
58753
58754
58756
58757
58758
58759
58760
58761
58763
58764
58765
58766
58767
58769
58770
58775
58777
58778
58779
58780
58781
58782
58783
58786
58787
58794
58795
58797
58799
58800
58802
58803
58804
58806
58807
58810
58811
58812
58813
58814
58815
58819
58821
58823
58825
58826
58828
58829
58833
58835
58840
58842
58843
58844
58846
58847
58848
58849
58851
58852
58854
58855
58856
58857
58858
58861
58862
58863
58864
58865
58866
58867
58868
58869
58870
58871
58872
58873
58874
58875
58877
58878
58879
58880
58881
58882
58884
58885
58886
58887
58888
58889
58891
58894
58896
58898
58899
58900
58901
58903
58905
58906
58907
58908
58909
58910
58912
58914
58915
58916
58918
58922
58923
58924
58925
58927
58929
58930
58932
58933
58934
58936
58937
58939
58940
58941
58942
58943
58944
58945
58946
58948
58949
58950
58951
58952
58953
58954
58955
58957
58959
58961
58963
58964
58965
58966
58967
58968
58969
58970
58971
58972
58973
58975
58976
58978
58979
58980
58981
58982
58983
58984
58985
58987
58990
58991
58992
58993
58995
58997
58998
58999
59000
59002
59003
59005
59006
59007
59008
59011
59012
59013
59015
59016
59017
59019
59020
59021
59022
59023
59024
59025
59027
59028
59029
59030
59031
59033
59034
59035
59036
59037
59038
59039
59040
59043
59044
59045
59046
59047
59050
59052
59053
59054
59056
59059
59060
59061
59062
59063
59064
59066
59067
59068
59069
59070
59071
59072
59073
59074
59075
59076
59077
59078
59079
59080
59081
59082
59084
59085
59086
59087
59088
59090
59091
59092
59093
59094
59095
59096
59098
59099
59100
59101
59102
59103
59104
59106
59107
59108
59110
59111
59112
59113
59114
59115
59116
59118
59119
59122
59124
59125
59126
59127
59128
59129
59130
59131
59133
59134
59135
59136
59137
59138
59140
59143
59144
59145
59146
59147
59148
59149
59151
59152
59153
59155
59156
59157
59158
59160
59161
59162
59163
59166
59167
59168
59169
59170
59171
59172
59173
59174
59175
59176
59177
59178
59180
59183
59184
59185
59187
59189
59190
59192
59195
59196
59198
59200
59201
59202
59204
59205
59206
59207
59208
59210
59212
59213
59215
59216
59217
59219
59220
59221
59223
59224
59225
59227
59230
59231
59232
59233
59234
59235
59236
59237
59239
59241
59243
59244
59245
59246
59247
59248
59249
59251
59252
59254
59257
59259
59260
59261
59262
59264
59265
59268
59269
59270
59271
59272
59273
59274
59275
59277
59278
59279
59280
59281
59282
59283
59284
59285
59286
59288
59289
59290
59291
59292
59293
59294
59296
59297
59300
59301
59302
59303
59305
59306
59307
59309
59310
59311
59314
59315
59316
59318
59319
59321
59323
59325
59326
59327
59328
59329
59330
59331
59332
59333
59334
59335
59338
59339
59340
59341
59342
59343
59344
59346
59347
59348
59349
59350
59351
59352
59353
59354
59356
59357
59359
59360
59361
59363
59368
59369
59370
59371
59374
59377
59378
59379
59380
59382
59384
59385
59386
59387
59388
59389
59390
59391
59393
59394
59395
59398
59399
59400
59401
59402
59406
59407
59408
59409
59414
59416
59417
59418
59419
59421
59422
59423
59424
59425
59427
59428
59429
59430
59431
59432
59433
59434
59436
59437
59438
59441
59444
59445
59447
59448
59450
59451
59453
59454
59456
59457
59458
59460
59462
59463
59464
59465
59467
59468
59469
59470
59471
59473
59474
59475
59476
59478
59479
59481
59483
59486
59487
59488
59489
59490
59491
59492
59494
59495
59496
59497
59498
59499
59500
59501
59502
59503
59505
59506
59508
59510
59511
59512
59513
59514
59515
59517
59518
59519
59520
59521
59523
59524
59525
59526
59529
59530
59532
59533
59534
59536
59537
59538
59539
59540
59541
59542
59543
59545
59546
59549
59550
59552
59553
59555
59556
59557
59558
59559
59560
59561
59562
59563
59564
59565
59566
59567
59568
59570
59571
59572
59573
59575
59576
59577
59578
59580
59582
59583
59584
59586
59587
59588
59589
59590
59591
59593
59595
59596
59597
59598
59601
59602
59603
59605
59606
59607
59608
59609
59610
59612
59613
59614
59615
59617
59619
59620
59622
59623
59625
59626
59627
59628
59630
59632
59634
59635
59636
59637
59639
59641
59642
59643
59644
59647
59648
59649
59650
59651
59652
59653
59655
59656
59657
59658
59659
