30658
30660
30661
30662
30663
30664
30666
30667
30668
30669
30671
30673
30675
30676
30678
30679
30685
30687
30688
30689
30690
30694
30695
30696
30697
30699
30700
30701
30702
30703
30706
30707
30709
30710
30711
30712
30713
30714
30716
30718
30719
30720
30722
30723
30724
30726
30728
30730
30737
30738
30739
30740
30741
30742
30743
30744
30746
30747
30748
30750
30751
30752
30753
30754
30755
30758
30759
30761
30762
30766
30767
30768
30769
30770
30773
30774
30776
30777
30778
30781
30782
30783
30787
30788
30789
30790
30795
30798
30799
30800
30801
30802
30803
30805
30808
30809
30810
30811
30812
30813
30815
30816
30817
30819
30820
30821
30822
30824
30826
30827
30828
30829
30830
30832
30833
30835
30836
30837
30838
30839
30840
30841
30842
30843
30844
30846
30849
30850
30851
30852
30853
30855
30857
30859
30860
30865
30866
30867
30868
30869
30870
30871
30872
30874
30876
30877
30878
30880
30881
30883
30885
30888
30890
30891
30892
30893
30894
30895
30896
30897
30898
30899
30901
30902
30903
30904
30909
30911
30912
30913
30914
30915
30916
30917
30918
30919
30920
30921
30922
30923
30924
30926
30927
30928
30930
30932
30933
30940
30943
30944
30946
30948
30950
30951
30952
30953
30954
30955
30956
30957
30959
30960
30961
30962
30963
30964
30966
30969
30970
30971
30972
30975
30978
30980
30981
30985
30986
30987
30988
30989
30990
30992
30993
30994
30995
30996
30999
31000
31001
31002
31004
31006
31007
31008
31009
31010
31011
31012
31013
31014
31015
31016
31017
31018
31020
31021
31022
31023
31024
31025
31026
31027
31028
31029
31032
31033
31034
31035
31036
31038
31039
31040
31043
31044
31045
31046
31049
31053
31054
31055
31058
31060
31061
31063
31064
31065
31066
31067
31069
31070
31071
31072
31073
31075
31077
31078
31080
31081
31083
31085
31086
31088
31089
31090
31094
31096
31097
31099
31100
31102
31105
31106
31107
31110
31112
31113
31114
31115
31116
31117
31118
31119
31122
31123
31124
31125
31126
31127
31128
31129
31130
31131
31133
31135
31136
31138
31139
31140
31142
31143
31144
31145
31147
31150
31151
31152
31155
31158
31159
31161
31162
31163
31165
31166
31168
31169
31170
31171
31172
31174
31177
31178
31181
31183
31184
31185
31186
31189
31191
31192
31193
31194
31196
31197
31198
31200
31205
31206
31209
31212
31213
31214
31215
31216
31217
31222
31223
31225
31228
31231
31232
31234
31238
31241
31242
31244
31247
31248
31249
31252
31253
31254
31256
31259
31260
31263
31264
31265
31266
31268
31269
31271
31277
31278
31281
31282
31283
31284
31285
31290
31291
31293
31295
31298
31299
31300
31308
31310
31311
31312
31313
31314
31315
31316
31317
31323
31324
31327
31329
31330
31332
31333
31335
31336
31339
31340
31341
31347
31349
31350
31352
31353
31356
31357
31358
31359
31360
31362
31364
31365
31368
31369
31370
31372
31374
31375
31376
31377
31379
31381
31383
31384
31386
31387
31390
31391
31393
31394
31395
31396
31397
31398
31400
31401
31403
31404
31405
31406
31409
31410
31411
31412
31413
31414
31415
31418
31419
31420
31422
31424
31425
31426
31427
31428
31431
31432
31434
31435
31436
31437
31438
31439
31440
31441
31443
31444
31445
31447
31448
31450
31451
31452
31453
31454
31455
31456
31458
31460
31461
31462
31463
31464
31467
31469
31470
31471
31472
31473
31474
31475
31477
31478
31480
31481
31482
31484
31485
31486
31487
31488
31490
31491
31492
31493
31494
31495
31496
31498
31499
31500
31501
31502
31503
31506
31508
31509
31510
31512
31513
31514
31515
31516
31517
31520
31522
31523
31524
31525
31526
31527
31531
31532
31533
31534
31535
31536
31537
31538
31539
31541
31543
31544
31545
31546
31547
31550
31551
31552
31553
31555
31556
31558
31559
31560
31561
31562
31564
31565
31566
31567
31568
31570
31571
31572
31573
31574
31575
31576
31577
31580
31582
31586
31589
31590
31592
31593
31594
31595
31598
31599
31600
31603
31605
31606
31607
31613
31615
31617
31618
31619
31620
31621
31623
31624
31625
31626
31628
31629
31630
31631
31632
31634
31635
31636
31637
31638
31639
31640
31643
31644
31645
31647
31650
31651
31654
31655
31657
31660
31661
31665
31667
31670
31671
31672
31673
31674
31675
31677
31679
31680
31681
31682
31683
31684
31686
31688
31692
31694
31695
31696
31699
31702
31705
31706
31708
31709
31710
31711
31713
31714
31715
31716
31718
31719
31720
31721
31722
31723
31724
31725
31727
31729
31730
31731
31733
31735
31741
31742
31747
31748
31749
31750
31751
31756
31757
31758
31759
31762
31763
31764
31767
31768
31772
31773
31774
31775
31776
31779
31781
31782
31784
31785
31786
31787
31789
31794
31798
31800
31801
31802
31803
31805
31807
31808
31810
31812
31817
31818
31822
31826
31828
31832
31834
31836
31840
31844
31846
31847
31848
31851
31852
31854
31856
31857
31858
31860
31862
31863
31864
31865
31866
31867
31868
31869
31870
31871
31872
31874
31875
31876
31877
31878
31879
31880
31882
31883
31884
31885
31886
31889
31890
31891
31892
31893
31894
31896
31899
31900
31901
31902
31903
31904
31905
31906
31907
31908
31910
31912
31913
31914
31916
31917
31918
31919
31921
31922
31923
31925
31927
31928
31929
31931
31932
31933
31935
31936
31937
31938
31939
31940
31941
31942
31943
31944
31945
31946
31948
31949
31950
31951
31952
31953
31955
31956
31957
31958
31959
31960
31961
31965
31967
31969
31970
31974
31975
31976
31977
31979
31980
31982
31983
31988
31989
31990
31991
31992
31994
31995
31997
31998
32000
32001
32002
32003
32004
32005
32006
32007
32008
32009
32010
32013
32014
32015
32016
32017
32019
32021
32022
32023
32025
32026
32028
32029
32031
32032
32033
32034
32035
32038
32040
32041
32042
32043
32044
32045
32046
32047
32049
32050
32052
32053
32054
32055
32056
32057
32058
32059
32060
32061
32062
32063
32064
32065
32067
32068
32069
32070
32071
32072
32073
32074
32076
32077
32078
32079
32080
32081
32082
32083
32085
32088
32090
32091
32092
32093
32094
32095
32096
32097
32098
32100
32101
32102
32103
32104
32105
32106
32107
32109
32111
32112
32115
32116
32118
32121
32123
32125
32126
32127
32128
32129
32130
32132
32134
32135
32136
32137
32138
32140
32142
32143
32145
32146
32147
32149
32150
32152
32153
32156
32157
32158
32162
32163
32165
32166
32167
32169
32170
32171
32172
32173
32174
32175
32176
32177
32178
32180
32181
32185
32187
32188
32189
32191
32192
32193
32195
32197
32199
32200
32204
32205
32206
32207
32209
32210
32211
32212
32214
32217
32219
32220
32222
32223
32224
32226
32227
32228
32229
32230
32231
32234
32235
32238
32239
32241
32242
32246
32251
32254
32255
32258
32259
32261
32262
32263
32264
32267
32269
32270
32275
32278
32279
32281
32283
32286
32287
32288
32290
32292
32295
32296
32297
32299
32300
32301
32302
32303
32305
32307
32308
32310
32311
32312
32313
32316
32317
32319
32321
32322
32325
32327
32328
32329
32330
32331
32332
32333
32335
32336
32338
32340
32341
32342
32344
32345
32346
32348
32349
32351
32352
32353
32354
32357
32358
32359
32361
32363
32365
32366
32367
32369
32373
32374
32377
32378
32381
32382
32383
32384
32385
32386
32387
32390
32393
32395
32398
32404
32405
32406
32409
32411
32421
32423
32424
32425
32426
32427
32428
32429
32431
32433
32438
32439
32441
32442
32443
32444
32447
32448
32449
32450
32452
32457
32458
32459
32460
32463
32466
32469
32470
32473
32474
32477
32483
32484
32485
32489
32490
32492
32500
32502
32506
32508
32509
32510
32512
32514
32515
32521
32523
32524
32525
32530
32533
32534
32535
32536
32537
32538
32539
32540
32542
32543
32544
32547
32549
32550
32551
32552
32553
32554
32555
32556
32558
32560
32561
32562
32564
32568
32569
32570
32571
32572
32574
32576
32578
32580
32581
32585
32586
32587
32588
32589
32592
32593
32594
32597
32599
32600
32601
32605
32606
32607
32609
32612
32613
32614
32616
32618
32619
32620
32622
32623
32624
32625
32627
32628
32629
32630
32631
32635
32636
32638
32640
32641
32642
32643
32644
32645
32646
32648
32651
32652
32653
32654
32657
32659
32662
32663
32664
32665
32667
32668
32669
32671
32672
32673
32675
32676
32678
32679
32680
32681
32682
32683
32688
32690
32691
32692
32693
32694
32696
32697
32698
32699
32701
32702
32703
32704
32705
32706
32708
32709
32710
32711
32712
32713
32714
32715
32716
32717
32718
32719
32721
32722
32723
32724
32725
32727
32728
32729
32730
32731
32733
32735
32736
32737
32738
32739
32740
32742
32743
32744
32745
32746
32747
32748
32749
32750
32752
32753
32754
32755
32756
32757
32758
32759
32760
32761
32762
32763
32764
32765
32766
32767
32768
32769
32770
32771
32774
32777
32779
32780
32781
32782
32783
32784
32785
32786
32787
32789
32791
32795
32797
32798
32799
32801
32802
32803
32804
32805
32807
32813
32816
32817
32818
32819
32820
32821
32822
32823
32824
32825
32826
32828
32829
32831
32832
32833
32834
32836
32837
32840
32842
32843
32844
32845
32846
32847
32848
32850
32851
32852
32854
32855
32856
32857
32859
32862
32865
32867
32868
32870
32872
32875
32876
32877
32879
32881
32884
32889
32894
32895
32896
32897
32898
32899
32900
32901
32902
32903
32907
32908
32909
32910
32911
32912
32913
32914
32916
32917
32919
32921
32922
32923
32924
32925
32926
32927
32930
32932
32933
32934
32935
32936
32938
32939
32940
32941
32944
32945
32946
32947
32948
32951
32952
32954
32955
32959
32961
32962
32963
32965
32966
32967
32969
32970
32971
32972
32973
32975
32976
32978
32979
32980
32982
32985
32989
32991
32993
32994
32996
32997
32998
32999
33000
33002
33004
33005
33006
33007
33008
33015
33016
33018
33019
33020
33022
33024
33025
33026
33027
33028
33029
33030
33032
33034
33036
33037
33038
33040
33041
33042
33044
33045
33046
33047
33048
33049
33053
33054
33055
33057
33060
33062
33063
33066
33067
33068
33069
33070
33071
33072
33073
33075
33077
33078
33079
33080
33082
33084
33086
33087
33091
33092
33094
33095
33096
33097
33099
33103
33104
33105
33106
33107
33108
33109
33110
33112
33113
33114
33116
33117
33118
33119
33120
33121
33122
33123
33124
33125
33127
33129
33130
33134
33135
33136
33138
33139
33141
33142
33145
33146
33147
33148
33152
33156
33158
33159
33161
33162
33165
33168
33169
33170
33172
33178
33179
33180
33181
33182
33183
33184
33186
33187
33188
33189
33193
33194
33195
33198
33199
33201
33202
33207
33209
33210
33211
33213
33215
33216
33217
33220
33221
33222
33224
33225
33226
33227
33231
33232
33233
33234
33237
33239
33240
33241
33242
33243
33244
33245
33247
33248
33249
33250
33253
33255
33258
33259
33260
33261
33262
33268
33269
33270
33271
33273
33274
33278
33282
33283
33288
33289
33290
33291
33294
33296
33297
33300
33301
33302
33305
33306
33307
33308
33310
33311
33312
33316
33318
33320
33323
33328
33329
33330
33331
33333
33334
33335
33336
33337
33338
33343
33344
33345
33348
33349
33350
33351
33352
33353
33355
33357
33358
33359
33360
33361
33362
33363
33364
33365
33366
33367
33368
33370
33371
33373
33375
33376
33377
33378
33379
33380
33381
33382
33383
33384
33386
33387
33388
33391
33392
33393
33396
33397
33398
33399
33400
33401
33402
33403
33404
33405
33406
33407
33408
33409
33410
33412
33413
33414
33415
33416
33417
33418
33419
33420
33421
33423
33424
33425
33427
33428
33429
33430
33431
33433
33438
33439
33442
33443
33444
33446
33447
33448
33449
33450
33452
33453
33454
33457
33458
33461
33462
33464
33465
33467
33468
33471
33472
33474
33475
33478
33480
33481
33482
33483
33484
33486
33487
33488
33490
33492
33493
33494
33495
33496
33497
33498
33499
33501
33503
33505
33506
33507
33508
33509
33510
33513
33515
33516
33518
33520
33523
33524
33526
33527
33528
33529
33530
33531
33532
33533
33535
33537
33538
33540
33541
33542
33543
33545
33546
33547
33549
33550
33551
33552
33553
33554
33556
33558
33561
33562
33564
33565
33566
33568
33569
33571
33572
33573
33574
33575
33576
33577
33578
33579
33581
33582
33583
33585
33586
33588
33589
33591
33592
33593
33594
33595
33596
33598
33599
33601
33602
33603
33604
33605
33606
33607
33608
33609
33610
33612
33613
33615
33616
33617
33619
33621
33622
33624
33625
33626
33627
33628
33629
33632
33634
33635
33639
33642
33645
33647
33650
33652
33655
33657
33658
33659
33660
33662
33663
33664
33667
33669
33670
33672
33673
33674
33678
33679
33680
33682
33683
33685
33687
33688
33690
33693
33694
33701
33702
33703
33704
33705
33707
33710
33711
33713
33714
33716
33717
33720
33723
33724
33726
33728
33733
33736
33737
33738
33740
33741
33742
33743
33744
33745
33747
33748
33752
33753
33754
33755
33758
33759
33760
33761
33762
33763
33765
33766
33767
33768
33769
33770
33772
33773
33774
33775
33779
33781
33782
33784
33785
33786
33787
33788
33789
33791
33793
33794
33795
33796
33799
33800
33801
33803
33805
33806
33807
33808
33809
33810
33811
33812
33815
33817
33819
33821
33825
33827
33828
33829
33830
33832
33833
33835
33837
33839
33840
33841
33842
33844
33845
33846
33847
33848
33849
33850
33851
33853
33854
33855
33856
33857
33858
33859
33860
33861
33862
33863
33864
33866
33867
33868
33869
33871
33872
33873
33876
33877
33878
33879
33880
33884
33885
33886
33887
33889
33892
33894
33895
33897
33898
33899
33901
33902
33903
33904
33906
33907
33909
33910
33911
33912
33913
33914
33916
33917
33918
33919
33920
33921
33922
33923
33924
33925
33926
33927
33928
33930
33931
33933
33935
33936
33938
33939
33940
33941
33942
33944
33945
33946
33947
33948
33949
33950
33951
33952
33953
33954
33955
33957
33959
33960
33963
33965
33966
33967
33968
33971
33972
33975
33976
33978
33979
33980
33981
33982
33983
33984
33985
33987
33988
33989
33991
33992
33993
33994
33995
33996
33997
33998
34000
34001
34002
34003
34005
34006
34007
34010
34012
34013
34014
34016
34018
34020
34021
34022
34025
34027
34028
34029
34030
34032
34034
34038
34039
34042
34043
34044
34045
34048
34049
34050
34051
34053
34054
34056
34058
34061
34062
34063
34064
34065
34066
34067
34068
34070
34071
34072
34073
34076
34077
34078
34080
34082
34083
34084
34085
34088
34089
34090
34092
34097
34102
34104
34105
34106
34108
34111
34113
34115
34116
34117
34118
34119
34120
34121
34122
34123
34124
34126
34127
34131
34132
34133
34134
34136
34137
34138
34140
34143
34144
34145
34146
34147
34148
34150
34151
34152
34155
34156
34157
34160
34161
34163
34164
34168
34169
34170
34171
34172
34173
34174
34175
34176
34179
34180
34182
34184
34185
34186
34187
34188
34189
34190
34191
34192
34193
34194
34195
34196
34197
34198
34199
34202
34203
34204
34205
34206
34207
34208
34209
34212
34215
34216
34217
34218
34219
34220
34222
34224
34225
34226
34227
34229
34230
34233
34234
34237
34238
34239
34241
34242
34244
34245
34246
34249
34250
34251
34252
34257
34259
34261
34262
34263
34264
34265
34266
34267
34268
34269
34270
34271
34272
34273
34276
34278
34279
34280
34281
34284
34285
34288
34289
34294
34295
34296
34297
34299
34302
34303
34304
34305
34307
34308
34309
34314
34315
34316
34317
34318
34319
34321
34322
34323
34325
34327
34329
34330
34332
34333
34338
34340
34343
34344
34345
34346
34349
34350
34356
34359
34361
34363
34365
34366
34367
34368
34371
34372
34373
34375
34377
34381
34382
34384
34385
34386
34387
34388
34389
34391
34395
34398
34399
34400
34401
34404
34405
34406
34407
34408
34413
34414
34415
34416
34418
34419
34421
34423
34425
34428
34429
34431
34436
34437
34439
34440
34441
34442
34447
34450
34451
34452
34454
34455
34456
34457
34458
34460
34461
34462
34463
34464
34465
34466
34467
34468
34470
34471
34472
34480
34482
34483
34485
34486
34487
34488
34490
34491
34492
34494
34496
34497
34498
34503
34505
34506
34507
34508
34509
34510
34511
34513
34514
34518
34520
34522
34523
34524
34525
34534
34535
34536
34537
34538
34540
34541
34542
34544
34546
34547
34548
34550
34551
34552
34555
34556
34560
34561
34562
34564
34565
34566
34569
34570
34571
34575
34576
34577
34578
34581
34583
34587
34589
34590
34592
34594
34595
34597
34598
34599
34600
34601
34603
34604
34605
34606
34612
34614
34616
34617
34618
34625
34630
34631
34633
34634
34636
34637
34638
34639
34643
34644
34647
34648
34649
34651
34652
34654
34655
34658
34660
34662
34663
34665
34666
34667
34668
34669
34670
34671
34674
34676
34677
34678
34679
34681
34682
34686
34687
34688
34689
34690
34691
34692
34693
34694
34696
34697
34698
34700
34701
34707
34708
34709
34712
34714
34715
34716
34717
34718
34721
34723
34724
34726
34731
34732
34734
34735
34736
34737
34738
34740
34743
34747
34748
34750
34751
34752
34753
34754
34756
34758
34760
34763
34764
34766
34768
34770
34772
34773
34774
34775
34776
34778
34779
34780
34781
34782
34784
34788
34789
34791
34792
34793
34794
34796
34797
34798
34799
34800
34801
34802
34804
34805
34806
34807
34814
34815
34816
34819
34820
34822
34823
34824
34825
34826
34829
34830
34831
34832
34833
34834
34836
34837
34840
34841
34842
34843
34845
34848
34850
34851
34852
34853
34855
34857
34858
34859
34861
34862
34863
34865
34869
34870
34871
34872
34874
34875
34877
34879
34880
34881
34882
34883
34884
34885
34886
34887
34889
34893
34894
34895
34896
34897
34899
34900
34901
34902
34903
34904
34905
34906
34907
34908
34910
34911
34912
34917
34918
34919
34920
34922
34923
34924
34926
34927
34928
34930
34932
34934
34935
34936
34938
34939
34942
34943
34945
34946
34947
34949
34950
34951
34952
34953
34954
34955
34956
34958
34959
34960
34962
34964
34966
34968
34969
34970
34972
34974
34975
34976
34977
34979
34980
34981
34982
34983
34985
34986
34989
34990
34991
34992
34994
34995
34996
34998
34999
35002
35003
35004
35005
35006
35007
35008
35009
35010
35011
35012
35014
35015
35016
35018
35020
35021
35023
35024
35026
35027
35028
35030
35031
35032
35033
35034
35035
35036
35037
35038
35039
35042
35043
35044
35045
35046
35048
35049
35050
35052
35054
35056
35057
35058
35059
35060
35061
35062
35063
35064
35066
35067
35069
35070
35071
35072
35074
35076
35077
35078
35079
35080
35081
35082
35084
35085
35088
35089
35090
35092
35097
35098
35101
35102
35104
35106
35109
35111
35112
35113
35115
35116
35117
35119
35120
35121
35122
35123
35124
35125
35126
35127
35128
35129
35132
35133
35135
35136
35139
35140
35141
35143
35147
35149
35150
35151
35152
35154
35155
35158
35160
35161
35162
35163
35164
35165
35166
35167
35168
35169
35171
35172
35177
35178
35180
35181
35182
35183
35184
35185
35187
35189
35190
35191
35193
35195
35197
35199
35200
35204
35205
35210
35211
35213
35214
35217
35218
35219
35223
35224
35227
35228
35230
35231
35232
35233
35236
35240
35242
35243
35244
35245
35246
35247
35248
35250
35252
35253
35255
35256
35257
35258
35259
35260
35261
35262
35263
35266
35267
35268
35269
35271
35273
35274
35280
35281
35282
35283
35285
35287
35288
35289
35290
35291
35292
35293
35294
35296
35298
35299
35300
35301
35303
35306
35307
35308
35310
35314
35316
35318
35319
35321
35324
35325
35327
35328
35329
35330
35331
35332
35333
35334
35335
35336
35338
35342
35344
35351
35353
35354
35355
35356
35357
35358
35359
35360
35361
35362
35364
35365
35366
35367
35368
35369
35370
35371
35372
35374
35375
35376
35378
35379
35380
35381
35382
35383
35385
35386
35388
35389
35390
35391
35392
35394
35397
35398
35399
35401
35402
35404
35405
35406
35407
35409
35410
35411
35415
35417
35419
35420
35425
35426
35428
35429
35430
35431
35433
35434
35435
35436
35437
35438
35440
35442
35443
35444
35445
35446
35447
35452
35454
35455
35456
35457
35459
35460
35462
35463
35464
35466
35468
35469
35470
35471
35472
35473
35474
35476
35477
35478
35479
35481
35482
35483
35484
35485
35486
35488
35489
35491
35492
35493
35494
35495
35497
35498
35499
35500
35501
35502
35505
35506
35507
35508
35509
35510
35515
35518
35519
35521
35522
35523
35526
35527
35528
35531
35532
35533
35535
35536
35537
35538
35539
35540
35541
35543
35545
35546
35547
35549
35551
35553
35554
35556
35559
35560
35562
35563
35567
35570
35571
35572
35573
35574
35575
35576
35577
35581
35582
35583
35584
35585
35586
35588
35591
35593
35594
35596
35597
35598
35600
35601
35602
35604
35606
35607
35609
35610
35611
35612
35615
35617
35618
35621
35622
35623
35624
35626
35628
35629
35631
35632
35633
35635
35636
35637
35638
35641
35642
35644
35645
35646
35649
35654
35656
35657
35659
35660
35662
35663
35664
35667
35677
35678
35679
35680
35682
35683
35684
35685
35686
35687
35688
35689
35690
35693
35694
35697
35698
35699
35700
35701
35702
35703
35704
35705
35706
35707
35708
35709
35710
35711
35712
35713
35714
35716
35717
35718
35721
35722
35723
35724
35725
35726
35727
35728
35729
35730
35732
35733
35734
35735
35736
35737
35739
35740
35741
35742
35743
35744
35746
35747
35748
35749
35750
35751
35753
35754
35755
35756
35757
35758
35761
35762
35763
35764
35766
35767
35770
35771
35773
35774
35775
35778
35779
35781
35783
35784
35785
35786
35787
35788
35789
35790
35791
35792
35793
35794
35796
35797
35799
35800
35801
35802
35803
35804
35805
35807
35808
35809
35810
35811
35812
35813
35814
35815
35816
35818
35819
35822
35823
35825
35826
35827
35828
35829
35830
35831
35832
35833
35834
35835
35837
35839
35840
35841
35842
35844
35845
35846
35847
35848
35849
35850
35853
35854
35855
35856
35857
35858
35859
35860
35862
35863
35866
35869
35870
35872
35873
35874
35875
35877
35878
35879
35880
35881
35882
35883
35884
35888
35890
35891
35893
35895
35896
35897
35898
35899
35900
35901
35904
35905
35907
35908
35910
35911
35912
35913
35915
35916
35918
35919
35920
35921
35922
35924
35925
35926
35927
35928
35930
35931
35932
35933
35935
35936
35937
35938
35940
35942
35943
35945
35950
35951
35952
35953
35954
35956
35957
35959
35960
35961
35962
35965
35966
35967
35968
35970
35972
35973
35976
35977
35979
35980
35982
35983
35984
35986
35987
35988
35989
35991
35992
35994
35996
36004
36006
36008
36009
36012
36013
36014
36016
36018
36023
36024
36026
36029
36030
36031
36032
36033
36034
36038
36039
36040
36041
36042
36044
36049
36050
36052
36054
36057
36058
36060
36061
36062
36064
36065
36068
36069
36070
36071
36072
36073
36074
36075
36076
36078
36079
36082
36086
36087
36088
36093
36095
36096
36097
36100
36102
36105
36107
36108
36110
36111
36112
36116
36118
36119
36121
36122
36126
36127
36130
36134
36135
36136
36137
36138
36139
36140
36141
36142
36144
36145
36146
36149
36150
36153
36154
36155
36158
36159
36162
36163
36164
36165
36166
36167
36171
36172
36174
36175
36176
36177
36178
36179
36180
36182
36186
36187
36188
36189
36193
36194
36195
36199
36200
36203
36204
36205
36206
36207
36208
36209
36211
36213
36214
36215
36220
36224
36225
36227
36229
36233
36234
36237
36238
36240
36243
36244
36245
36246
36248
36249
36253
36254
36256
36260
36261
36262
36266
36272
36274
36276
36277
36280
36282
36285
36288
36290
36291
36292
36293
36294
36295
36297
36300
36303
36306
36308
36309
36310
36311
36312
36313
36314
36317
36319
36320
36321
36322
36325
36326
36327
36328
36329
36330
36333
36334
36336
36337
36338
36339
36341
36342
36343
36344
36345
36346
36347
36348
36349
36350
36351
36353
36354
36355
36356
36357
36359
36360
36361
36362
36364
36366
36367
36368
36369
36371
36373
36374
36375
36376
36377
36378
36379
36380
36381
36383
36384
36385
36386
36387
36388
36389
36391
36392
36393
36394
36397
36398
36399
36400
36401
36402
36403
36404
36405
36406
36412
36413
36414
36415
36416
36418
36419
36423
36424
36426
36427
36428
36429
36432
36433
36434
36435
36436
36437
36438
36439
36440
36441
36442
36443
36444
36445
36446
36449
36450
36452
36453
36454
36456
36458
36460
36461
36462
36463
36467
36468
36469
36470
36471
36472
36474
36476
36478
36479
36481
36482
36484
36486
36487
36488
36489
36493
36494
36495
36498
36499
36500
36501
36502
36503
36504
36505
36506
36508
36509
36510
36511
36512
36513
36514
36516
36520
36522
36523
36524
36525
36526
36527
36529
36530
36532
36533
36534
36535
36536
36537
36538
36541
36542
36543
36544
36545
36546
36548
36549
36550
36552
36553
36554
36555
36556
36558
36559
36561
36562
36563
36564
36565
36566
36567
36568
36570
36571
36573
36574
36575
36576
36577
36578
36579
36580
36581
36582
36583
36584
36586
36587
36589
36591
36592
36593
36594
36595
36596
36598
36601
36602
36604
36606
36607
36611
36612
36613
36614
36616
36617
36619
36620
36621
36622
36623
36625
36626
36627
36628
36629
36630
36631
36634
36635
36636
36637
36638
36639
36640
36641
36642
36643
36644
36645
36646
36648
36649
36650
36651
36652
36653
36654
36655
36656
36657
36659
36661
36662
36663
36664
36665
36666
36669
36670
36671
36672
36673
36674
36676
36677
36678
36679
36680
36681
36682
36683
36684
36685
36686
36687
36688
36689
36690
36691
36692
36695
36697
36699
36700
36701
36702
36703
36704
36706
36707
36710
36711
36713
36714
36715
36717
36718
36720
36721
36722
36724
36726
36728
36730
36731
36733
36734
36735
36736
36737
36738
36739
36740
36741
36743
36744
36746
36747
36748
36749
36750
36751
36752
36753
36754
36755
36756
36758
36759
36762
36763
36766
36767
36768
36769
36770
36772
36774
36775
36776
36778
36780
36781
36782
36783
36787
36788
36789
36790
36791
36793
36794
36795
36796
36798
36799
36800
36801
36802
36803
36804
36805
36806
36807
36808
36809
36810
36812
36813
36814
36815
36816
36819
36820
36821
36822
36823
36824
36825
36826
36827
36828
36829
36830
36832
36833
36834
36835
36836
36839
36840
36842
36843
36844
36845
36847
36848
36849
36851
36852
36853
36855
36856
36858
36859
36860
36861
36862
36864
36865
36866
36869
36870
36871
36872
36874
36875
36877
36879
36880
36881
36882
36883
36885
36887
36888
36891
36892
36893
36894
36898
36899
36901
36902
36903
36904
36906
36908
36913
36915
36918
36921
36923
36924
36926
36928
36929
36932
36934
36937
36938
36940
36941
36942
36944
36946
36947
36948
36949
36950
36951
36952
36954
36955
36956
36957
36958
36959
36961
36962
36963
36965
36966
36968
36970
36971
36972
36973
36974
36975
36976
36977
36979
36981
36982
36983
36985
36986
36987
36988
36989
36990
36991
36992
36994
36995
36996
36997
36999
37000
37001
37003
37004
37006
37008
37009
37010
37012
37013
37015
37016
37017
37018
37020
37021
37022
37025
37030
37031
37032
37033
37034
37036
37039
37040
37041
37042
37043
37044
37049
37051
37053
37054
37056
37059
37062
37063
37066
37071
37072
37077
37078
37080
37083
37084
37085
37087
37089
37090
37092
37093
37094
37095
37096
37098
37099
37100
37101
37102
37103
37106
37107
37108
37110
37111
37112
37114
37115
37116
37119
37120
37121
37122
37123
37126
37130
37131
37133
37136
37139
37141
37142
37143
37145
37146
37147
37148
37150
37151
37152
37153
37154
37155
37156
37158
37159
37160
37161
37162
37163
37166
37168
37170
37171
37173
37174
37175
37176
37177
37178
37179
37181
37183
37185
37186
37187
37188
37189
37190
37191
37192
37193
37194
37195
37196
37197
37199
37200
37202
37207
37208
37209
37212
37213
37214
37215
37216
37217
37218
37220
37221
37224
37227
37229
37230
37231
37232
37233
37235
37238
37239
37240
37241
37242
37243
37244
37245
37246
37247
37248
37249
37250
37251
37252
37253
37254
37256
37257
37258
37259
37262
37266
37268
37269
37270
37274
37275
37277
37278
37279
37280
37282
37285
37286
37287
37288
37290
37291
37292
37293
37294
37295
37303
37304
37306
37307
37310
37311
37313
37315
37318
37320
37322
37324
37325
37326
37327
37331
37333
37335
37338
37339
37340
37341
37343
37344
37345
37347
37348
37350
37351
37353
37354
37355
37356
37357
37362
37363
37364
37365
37366
37370
37371
37372
37373
37374
37375
37376
37377
37379
37380
37381
37385
37386
37387
37388
37389
37390
37391
37392
37393
37394
37395
37396
37397
37398
37401
37402
37403
37404
37405
37406
37407
37408
37409
37410
37414
37415
37416
37417
37418
37419
37420
37422
37427
37428
37429
37430
37431
37433
37434
37435
37436
37437
37438
37439
37440
37441
37442
37444
37445
37446
37447
37448
37449
37450
37451
37452
37453
37454
37455
37456
37457
37458
37459
37461
37462
37466
37467
37468
37469
37470
37472
37473
37474
37475
37476
37477
37478
37482
37483
37484
37485
37486
37487
37490
37491
37492
37494
37495
37496
37497
37498
37499
37500
37501
37502
37504
37505
37507
37509
37510
37512
37513
37515
37516
37520
37521
37522
37523
37524
37525
37526
37527
37528
37529
37530
37534
37535
37536
37537
37538
37539
37540
37542
37543
37544
37545
37546
37547
37548
37552
37553
37554
37555
37556
37558
37559
37560
37563
37564
37565
37567
37569
37574
37575
37576
37577
37578
37579
37580
37581
37582
37583
37584
37587
37588
37589
37591
37592
37593
37596
37598
37599
37600
37602
37603
37604
37606
37607
37608
37609
37610
37611
37612
37613
37615
37617
37619
37620
37621
37623
37625
37626
37627
37630
37631
37633
37636
37637
37639
37643
37645
37646
37648
37649
37653
37654
37658
37660
37661
37664
37666
37667
37669
37670
37671
37672
37673
37674
37675
37676
37677
37678
37679
37680
37682
37683
37684
37686
37688
37689
37691
37693
37694
37696
37697
37699
37700
37702
37704
37705
37706
37707
37708
37709
37712
37713
37718
37721
37722
37723
37725
37726
37727
37729
37730
37731
37733
37734
37735
37736
37737
37738
37739
37740
37741
37742
37743
37745
37746
37747
37749
37751
37752
37755
37756
37757
37758
37762
37765
37766
37767
37769
37771
37772
37773
37774
37777
37778
37779
37780
37781
37782
37784
37785
37786
37787
37788
37791
37792
37793
37794
37795
37796
37797
37798
37799
37800
37801
37803
37804
37805
37806
37807
37808
37810
37811
37813
37816
37818
37819
37820
37821
37822
37826
37827
37829
37831
37832
37833
37834
37836
37837
37838
37839
37840
37841
37845
37847
37848
37849
37850
37852
37853
37854
37855
37857
37859
37861
37862
37863
37864
37865
37866
37868
37869
37871
37872
37873
37874
37875
37876
37877
37878
37879
37880
37881
37882
37884
37886
37887
37888
37890
37891
37893
37894
37895
37897
37898
37899
37900
37902
37903
37906
37907
37908
37909
37910
37911
37912
37915
37917
37918
37919
37920
37921
37922
37923
37926
37928
37929
37931
37932
37933
37938
37939
37940
37941
37942
37943
37944
37945
37946
37947
37948
37949
37950
37951
37952
37953
37954
37955
37956
37958
37959
37960
37961
37962
37963
37965
37966
37967
37969
37971
37972
37974
37975
37976
37977
37978
37979
37981
37982
37983
37985
37987
37988
37989
37990
37991
37992
37993
37995
37996
37997
37998
37999
38001
38002
38003
38004
38005
38008
38011
38012
38013
38015
38017
38018
38019
38020
38022
38023
38024
38025
38026
38028
38029
38030
38031
38032
38033
38035
38036
38037
38038
38040
38042
38045
38054
38056
38057
38058
38059
38060
38062
38063
38064
38065
38068
38069
38070
38072
38073
38074
38075
38076
38077
38078
38079
38080
38081
38082
38087
38088
38090
38092
38094
38095
38098
38099
38100
38101
38102
38103
38104
38106
38107
38108
38109
38110
38111
38112
38113
38114
38115
38116
38117
38118
38121
38122
38123
38124
38125
38126
38127
38128
38129
38130
38132
38133
38134
38135
38136
38137
38141
38143
38145
38147
38148
38149
38150
38151
38152
38153
38154
38155
38156
38157
38159
38160
38161
38162
38163
38164
38165
38166
38167
38168
38169
38170
38171
38172
38173
38174
38176
38177
38178
38179
38181
38182
38184
38185
38186
38187
38188
38189
38190
38191
38192
38193
38194
38196
38197
38199
38202
38203
38204
38206
38209
38210
38211
38212
38213
38214
38216
38217
38218
38220
38221
38222
38223
38224
38225
38230
38231
38232
38233
38234
38235
38238
38240
38241
38242
38243
38244
38246
38247
38249
38251
38254
38256
38258
38259
38260
38261
38263
38269
38270
38274
38275
38276
38277
38278
38279
38282
38283
38284
38288
38289
38291
38292
38293
38297
38298
38303
38306
38307
38308
38309
38310
38311
38313
38314
38316
38317
38318
38319
38320
38321
38322
38323
38324
38326
38327
38329
38331
38333
38334
38336
38337
38338
38341
38342
38343
38344
38346
38347
38348
38350
38351
38352
38353
38354
38355
38358
38359
38362
38363
38367
38369
38370
38372
38373
38375
38376
38377
38378
38379
38381
38382
38383
38386
38388
38389
38390
38392
38393
38396
38398
38400
38401
38402
38406
38408
38409
38411
38412
38413
38414
38415
38417
38418
38421
38422
38424
38426
38427
38430
38431
38433
38434
38435
38437
38438
38439
38440
38444
38446
38449
38450
38451
38453
38455
38457
38459
38460
38461
38463
38469
38470
38473
38474
38475
38476
38478
38481
38483
38484
38485
38486
38491
38492
38493
38494
38495
38496
38497
38498
38499
38503
38504
38505
38506
38507
38508
38509
38510
38512
38513
38516
38518
38520
38521
38522
38524
38529
38531
38532
38534
38536
38537
38539
38542
38543
38544
38545
38546
38547
38548
38549
38550
38552
38553
38554
38555
38556
38557
38558
38564
38565
38566
38568
38570
38573
38575
38576
38577
38578
38579
38580
38581
38584
38586
38587
38589
38590
38595
38602
38603
38612
38613
38616
38618
38620
38623
38624
38625
38627
38629
38630
38631
38633
38635
38636
38637
38638
38639
38640
38643
38644
38645
38647
38649
38651
38652
38653
38656
38657
38658
38659
38661
38662
38663
38664
38665
38667
38668
38669
38670
38672
38674
38675
38676
38679
38681
38683
38685
38686
38687
38689
38690
38692
38693
38694
38697
38698
38699
38700
38703
38705
38708
38709
38711
38712
38713
38714
38715
38716
38717
38718
38719
38720
38721
38722
38724
38725
38727
38728
38729
38730
38732
38735
38736
38737
38738
38739
38742
38743
38744
38745
38746
38747
38748
38749
38750
38751
38753
38754
38756
38758
38759
38760
38761
38762
38764
38765
38766
38769
38770
38772
38773
38774
38775
38776
38777
38779
38781
38782
38783
38784
38785
38788
38789
38790
38791
38793
38794
38795
38796
38797
38798
38800
38801
38802
38805
38806
38807
38810
38811
38812
38814
38815
38816
38817
38818
38819
38821
38823
38824
38825
38826
38827
38828
38829
38830
38832
38833
38834
38836
38837
38838
38839
38842
38844
38845
38847
38848
38849
38850
38851
38852
38855
38856
38858
38859
38860
38861
38863
38864
38865
38866
38867
38868
38870
38871
38873
38874
38875
38877
38878
38880
38881
38882
38883
38884
38885
38886
38887
38888
38890
38891
38893
38894
38896
38899
38900
38901
38904
38905
38907
38908
38911
38912
38914
38915
38916
38917
38920
38921
38922
38923
38925
38926
38930
38931
38933
38936
38937
38938
38939
38940
38941
38943
38944
38945
38946
38947
38948
38949
38950
38951
38952
38953
38955
38956
38958
38959
38960
38961
38964
38965
38966
38967
38968
38969
38970
38972
38973
38974
38975
38976
38978
38979
38980
38981
38982
38984
38986
38987
38988
38989
38990
38993
38994
38995
38996
38997
38999
39000
39002
39004
39005
39006
39007
39008
39009
39010
39011
39013
39014
39016
39017
39018
39019
39020
39021
39022
39023
39024
39025
39026
39027
39028
39029
39032
39036
39037
39038
39040
39041
39043
39044
39045
39047
39048
39049
39050
39052
39053
39056
39058
39059
39060
39061
39062
39063
39065
39066
39067
39069
39070
39071
39072
39073
39074
39076
39077
39078
39079
39080
39082
39084
39085
39086
39091
39092
39095
39098
39101
39102
39103
39106
39107
39108
39109
39110
39111
39113
39115
39116
39119
39120
39121
39122
39123
39124
39126
39127
39128
39129
39130
39131
39133
39134
39135
39136
39139
39140
39141
39143
39146
39149
39151
39152
39153
39154
39155
39157
39158
39160
39161
39162
39163
39164
39165
39166
39169
39171
39172
39174
39175
39176
39177
39178
39179
39182
39183
39185
39186
39188
39189
39190
39191
39192
39193
39194
39195
39196
39198
39199
39200
39204
39205
39206
39207
39209
39210
39213
39214
39215
39216
39217
39219
39220
39222
39223
39225
39226
39227
39228
39231
39232
39233
39235
39236
39237
39238
39240
39241
39242
39245
39246
39247
39248
39249
39250
39252
39253
39254
39257
39259
39261
39262
39263
39265
39266
39267
39269
39272
39273
39274
39276
39277
39279
39282
39291
39294
39295
39296
39298
39299
39300
39301
39303
39304
39305
39307
39308
39309
39311
39312
39313
39314
39315
39316
39317
39318
39319
39320
39321
39322
39323
39324
39327
39328
39329
39331
39333
39334
39335
39337
39340
39341
39343
39344
39346
39347
39349
39350
39351
39352
39353
39354
39355
39356
39357
39359
39361
39363
39364
39365
39367
39372
39374
39375
39376
39377
39378
39379
39381
39382
39383
39384
39385
39388
39389
39391
39395
39396
39397
39399
39401
39402
39406
39407
39408
39409
39410
39411
39412
39413
39414
39415
39416
39417
39418
39419
39421
39423
39424
39425
39429
39430
39433
39434
39435
39437
39438
39439
39440
39441
39442
39443
39445
39446
39447
39448
39452
39453
39455
39456
39457
39458
39459
39461
39462
39465
39466
39467
39469
39470
39471
39473
39475
39476
39477
39478
39479
39480
39483
39485
39486
39487
39489
39490
39492
39493
39495
39496
39497
39498
39502
39503
39504
39505
39506
39507
39508
39510
39513
39514
39515
39516
39517
39518
39519
39521
39522
39523
39525
39526
39527
39528
39529
39530
39531
39532
39533
39535
39536
39540
39541
39542
39543
39544
39545
39547
39549
39550
39551
39552
39556
39558
39562
39564
39566
39567
39568
39569
39570
39573
39574
39575
39576
39578
39579
39580
39581
39582
39583
39585
39586
39588
39589
39590
39591
39592
39594
39595
39596
39597
39599
39600
39601
39602
39603
39605
39607
39608
39609
39610
39611
39613
39614
39616
39619
39620
39621
39622
39623
39624
39625
39626
39627
39629
39631
39632
39633
39634
39635
39637
39638
39639
39640
39641
39643
39644
39647
39648
39649
39650
39651
39652
39653
39654
39655
39656
39657
39658
39660
39661
39662
39664
39666
39667
39669
39670
39671
39672
39674
39675
39676
39678
39679
39680
39682
39683
39685
39687
39688
39690
39694
39698
39701
39702
39703
39705
39706
39707
39714
39715
39716
39717
39718
39720
39723
39725
39726
39728
39731
39732
39735
39736
39739
39740
39743
39747
39749
39750
39754
39756
39757
39758
39760
39761
39763
39764
39765
39766
39767
39768
39769
39771
39772
39773
39775
39776
39777
39778
39779
39781
39782
39783
39784
39785
39788
39789
39790
39792
39799
39801
39802
39804
39805
39806
39807
39808
39809
39810
39811
39812
39813
39814
39815
39816
39817
39818
39820
39821
39823
39824
39825
39826
39827
39828
39830
39831
39833
39835
39836
39837
39839
39840
39842
39843
39844
39846
39847
39848
39849
39850
39854
39855
39856
39857
39858
39859
39860
39861
39867
39868
39870
39873
39874
39875
39878
39880
39881
39882
39883
39884
39885
39887
39889
39890
39892
39893
39894
39895
39896
39897
39899
39904
39905
39906
39908
39909
39911
39912
39914
39916
39917
39920
39921
39922
39923
39924
39925
39926
39928
39930
39931
39932
39933
39934
39936
39938
39939
39940
39941
39942
39944
39947
39948
39949
39952
39953
39954
39956
39957
39959
39960
39961
39962
39963
39965
39966
39968
39969
39970
39971
39972
39973
39975
39976
39977
39978
39979
39980
39981
39982
39984
39985
39986
39988
39989
39990
39991
39992
39993
39994
39995
39996
39997
39998
40001
40002
40004
40006
40007
40008
40009
40010
40011
40012
40013
40014
40017
40018
40019
40020
40022
40023
40024
40025
40026
40027
40028
40029
40030
40032
40033
40034
40038
40039
40041
40042
40043
40044
40046
40047
40048
40049
40050
40051
40053
40054
40055
40056
40057
40059
40060
40062
40064
40065
40066
40067
40068
40070
40071
40072
40073
40074
40075
40077
40078
40082
40083
40084
40085
40086
40088
40089
40090
40091
40093
40094
40095
40096
40097
40098
40100
40101
40102
40103
40106
40107
40109
40110
40116
40117
40118
40121
40122
40123
40126
40127
40128
40129
40130
40131
40132
40133
40139
40141
40142
40143
40144
40145
40147
40148
40150
40151
40154
40155
40156
40158
40159
40164
40166
40167
40168
40169
40170
40171
40172
40174
40175
40178
40180
40181
40182
40183
40184
40187
40188
40189
40191
40192
40193
40194
40196
40200
40201
40202
40204
40205
40206
40208
40211
40212
40214
40218
40219
40221
40222
40226
40227
40228
40232
40233
40234
40235
40236
40239
40240
40246
40248
40249
40251
40254
40255
40257
40258
40260
40265
40266
40268
40269
40272
40273
40274
40276
40277
40278
40280
40281
40284
40285
40286
40287
40289
40290
40291
40292
40293
40294
40295
40296
40297
40298
40299
40300
40301
40302
40303
40304
40305
40306
40307
40309
40311
40312
40313
40317
40319
40320
40321
40322
40323
40324
40325
40326
40327
40328
40330
40331
40332
40333
40336
40339
40340
40342
40343
40344
40347
40351
40352
40353
40354
40355
40356
40357
40359
40360
40361
40363
40364
40365
40366
40367
40370
40371
40373
40374
40375
40376
40378
40380
40381
40382
40383
40384
40385
40386
40387
40388
40389
40390
40392
40393
40394
40395
40396
40397
40398
40399
40400
40401
40402
40403
40404
40407
40410
40411
40412
40413
40415
40416
40417
40420
40421
40423
40424
40425
40427
40428
40432
40433
40435
40436
40437
40441
40442
40443
40447
40448
40449
40455
40457
40458
40460
40462
40463
40465
40466
40468
40469
40470
40471
40474
40475
40477
40479
40483
40484
40485
40487
40488
40489
40490
40492
40493
40494
40496
40498
40499
40500
40501
40502
40503
40504
40505
40506
40507
40508
40509
40512
40513
40514
40515
40517
40518
40521
40522
40523
40524
40525
40527
40528
40529
40531
40532
40533
40534
40536
40537
40542
40544
40548
40549
40550
40551
40552
40554
40555
40556
40558
40559
40560
40562
40564
40565
40566
40567
40568
40569
40571
40573
40574
40575
40577
40578
40580
40581
40583
40585
40587
40588
40589
40590
40591
40592
40593
40595
40596
40598
40599
40600
40602
40604
40605
40607
40608
40609
40613
40614
40615
40617
40618
40619
40620
40623
40624
40625
40626
40627
40629
40630
40631
40632
40633
40634
40635
40636
40637
40638
40639
40641
40642
40644
40645
40646
40647
40648
40649
40650
40651
40652
40654
40656
40657
40658
40659
40660
40663
40666
40668
40671
40672
40673
40677
40678
40680
40681
40682
40683
40685
40686
40687
40690
40691
40693
40694
40695
40696
40698
40700
40703
40705
40706
40707
40708
40712
40715
40717
40719
40720
40723
40728
40730
40732
40733
40735
40737
40738
40741
40744
40746
40748
40751
40753
40755
40757
40758
40759
40760
40761
40762
40763
40764
40765
40767
40768
40769
40770
40771
40772
40773
40774
40775
40776
40777
40778
40779
40781
40784
40785
40786
40790
40791
40793
40794
40796
40797
40798
40799
40801
40802
40804
40805
40807
40808
40809
40810
40811
40813
40815
40816
40817
40821
40822
40824
40825
40826
40827
40828
40829
40831
40832
40833
40834
40835
40836
40842
40843
40845
40846
40847
40848
40849
40851
40852
40856
40857
40858
40859
40861
40862
40863
40865
40866
40867
40868
40869
40870
40871
40873
40875
40877
40878
40880
40881
40882
40883
40884
40885
40886
40889
40890
40891
40892
40894
40895
40897
40898
40899
40900
40901
40902
40904
40907
40908
40909
40911
40912
40913
40914
40919
40925
40926
40928
40929
40931
40935
40936
40937
40941
40942
40945
40946
40947
40949
40950
40951
40953
40954
40956
40958
40959
40961
40963
40964
40965
40966
40967
40968
40969
40970
40972
40974
40975
40979
40980
40981
40982
40983
40986
40988
40990
40991
40992
40993
40995
40997
40998
40999
41002
41003
41004
41005
41006
41007
41008
41009
41013
41014
41015
41016
41017
41018
41019
41020
41021
41022
41026
41027
41032
41034
41035
41037
41039
41041
41042
41043
41044
41045
41046
41047
41048
41049
41052
41053
41054
41055
41057
41063
41066
41067
41068
41069
41070
41071
41072
41073
41076
41077
41078
41080
41082
41084
41087
41089
41091
41096
41097
41098
41099
41100
41101
41102
41103
41105
41107
41108
41109
41113
41114
41117
41119
41122
41123
41124
41127
41128
41130
41131
41132
41133
41134
41135
41136
41140
41141
41142
41144
41146
41148
41153
41154
41155
41158
41162
41163
41164
41168
41169
41170
41173
41174
41175
41178
41179
41180
41183
41186
41187
41189
41190
41191
41193
41194
41195
41196
41197
41198
41199
41200
41201
41204
41205
41207
41210
41211
41212
41213
41215
41216
41217
41218
41219
41221
41222
41224
41226
41228
41230
41231
41232
41234
41235
41236
41238
41240
41241
41244
41245
41246
41247
41248
41249
41250
41255
41257
41259
41260
41262
41264
41265
41267
41269
41270
41271
41275
41276
41277
41279
41280
41281
41282
41283
41285
41286
41287
41288
41289
41292
41294
41296
41299
41301
41303
41304
41305
41306
41311
41312
41315
41317
41318
41319
41321
41324
41326
41328
41329
41330
41331
41332
41333
41335
41336
41337
41338
41341
41344
41345
41346
41348
41349
41351
41352
41354
41357
41358
41364
41365
41368
41369
41371
41373
41377
41378
41380
41383
41384
41385
41386
41387
41388
41390
41392
41393
41395
41396
41404
41405
41406
41407
41408
41409
41411
41413
41414
41415
41416
41419
41421
41422
41423
41430
41431
41433
41435
41438
41439
41441
41442
41443
41447
41449
41452
41454
41455
41456
41457
41459
41460
41462
41463
41465
41466
41467
41468
41469
41470
41471
41474
41475
41477
41479
41481
41482
41483
41484
41485
41486
41487
41488
41489
41490
41491
41492
41493
41494
41495
41496
41497
41498
41499
41500
41501
41502
41505
41506
41507
41509
41511
41513
41515
41517
41518
41519
41521
41522
41523
41526
41527
41528
41529
41531
41532
41535
41536
41537
41539
41540
41541
41542
41544
41545
41547
41548
41549
41550
41551
41552
41553
41554
41555
41556
41557
41559
41560
41561
41562
41563
41564
41565
41566
41567
41569
41571
41572
41573
41576
41581
41582
41583
41587
41590
41594
41597
41598
41599
41600
41601
41602
41603
41604
41605
41606
41607
41608
41609
41610
41611
41612
41614
41615
41616
41617
41619
41620
41621
41622
41624
41625
41626
41627
41629
41631
41634
41635
41636
41637
41638
41639
41640
41642
41643
41644
41645
41646
41647
41649
41650
41651
41652
41653
41654
41655
41656
41657
41659
41661
41663
41664
41665
41668
41669
41670
41674
41675
41676
41677
41679
41680
41681
41683
41684
41686
41687
41689
41690
41691
41692
41693
41694
41695
41696
41698
41699
41700
41701
41704
41705
41706
41708
41710
41711
41713
41714
41715
41716
41717
41718
41719
41721
41722
41723
41724
41725
41726
41727
41728
41730
41731
41732
41733
41734
41736
41738
41739
41740
41741
41742
41743
41744
41745
41747
41748
41749
41750
41751
41752
41753
41754
41755
41756
41757
41758
41759
41760
41761
41762
41763
41765
41766
41768
41770
41771
41773
41774
41776
41777
41778
41779
41781
41784
41785
41787
41788
41790
41791
41793
41794
41795
41796
41799
41800
41801
41802
41804
41805
41808
41809
41810
41811
41813
41814
41816
41817
41818
41820
41821
41823
41824
41825
41826
41828
41832
41833
41834
41836
41837
41838
41839
41840
41841
41843
41844
41846
41847
41848
41850
41851
41854
41855
41856
41857
41859
41860
41861
41862
41863
41868
41870
41871
41872
41873
41874
41875
41876
41877
41878
41879
41880
41881
41882
41883
41884
41886
41887
41888
41889
41890
41891
41893
41895
41896
41897
41898
41899
41900
41901
41903
41905
41908
41910
41911
41912
41915
41916
41917
41918
41919
41920
41921
41924
41926
41928
41929
41930
41931
41932
41933
41934
41936
41937
41938
41939
41941
41942
41944
41945
41946
41947
41948
41949
41955
41957
41958
41959
41960
41961
41963
41964
41965
41968
41970
41971
41972
41973
41974
41975
41976
41977
41978
41979
41982
41983
41984
41985
41986
41989
41990
41992
41993
41994
41996
41999
42000
42001
42002
42003
42004
42007
42008
42009
42010
42011
42013
42015
42016
42018
42019
42020
42021
42022
42023
42024
42025
42026
42029
42030
42032
42033
42035
42038
42039
42041
42042
42043
42044
42045
42046
42048
42049
42051
42052
42053
42054
42055
42056
42057
42060
42063
42064
42065
42066
42067
42068
42069
42070
42071
42073
42074
42078
42079
42080
42081
42082
42083
42084
42085
42086
42088
42090
42092
42094
42097
42098
42099
42100
42101
42102
42106
42107
42110
42112
42113
42116
42117
42118
42119
42120
42121
42122
42123
42124
42125
42127
42129
42130
42132
42134
42135
42136
42137
42138
42140
42141
42142
42144
42148
42151
42153
42154
42157
42159
42160
42162
42163
42164
42167
42169
42171
42172
42174
42177
42178
42180
42181
42183
42186
42189
42190
42191
42192
42193
42194
42195
42197
42199
42202
42203
42204
42206
42208
42213
42214
42215
42216
42217
42219
42220
42221
42222
42223
42224
42228
42229
42231
42234
42235
42236
42237
42238
42239
42242
42243
42245
42246
42247
42248
42249
42250
42251
42253
42255
42256
42257
42261
42266
42267
42268
42269
42270
42271
42272
42273
42274
42275
42279
42280
42281
42285
42287
42288
42289
42291
42293
42294
42295
42296
42297
42299
42300
42303
42304
42306
42308
42310
42311
42312
42316
42317
42318
42320
42321
42322
42324
42325
42326
42327
42328
42329
42331
42332
42334
42335
42337
42338
42339
42340
42341
42342
42343
42345
42347
42348
42349
42350
42351
42354
42356
42357
42358
42361
42362
42363
42364
42365
42366
42369
42372
42373
42375
42377
42378
42379
42381
42382
42383
42384
42386
42387
42388
42389
42390
42391
42392
42393
42395
42396
42397
42399
42401
42402
42404
42405
42406
42407
42408
42409
42410
42412
42413
42414
42416
42417
42418
42419
42422
42424
42426
42427
42428
42429
42430
42431
42432
42434
42435
42436
42437
42439
42440
42442
42443
42444
42445
42447
42450
42452
42454
42455
42457
42458
42460
42461
42462
42464
42466
42468
42469
42470
42472
42473
42474
42475
42477
42479
42480
42481
42483
42484
42485
42486
42487
42488
42490
42492
42495
42496
42497
42498
42499
42501
42502
42503
42504
42505
42506
42507
42508
42509
42510
42511
42512
42513
42514
42515
42524
42525
42528
42529
42530
42532
42533
42535
42536
42537
42538
42539
42540
42541
42542
42543
42544
42545
42546
42548
42549
42550
42551
42553
42556
42557
42559
42560
42561
42562
42565
42566
42567
42568
42569
42570
42571
42572
42575
42576
42579
42580
42581
42582
42583
42585
42586
42587
42588
42589
42590
42591
42592
42593
42594
42595
42597
42598
42599
42600
42601
42602
42603
42604
42605
42606
42607
42608
42609
42612
42613
42614
42615
42618
42619
42620
42621
42622
42623
42624
42625
42627
42629
42630
42631
42632
42633
42634
42636
42637
42638
42641
42642
42645
42647
42648
42649
42651
42652
42654
42656
42659
42662
42663
42664
42666
42667
42668
42669
42670
42673
42679
42680
42681
42683
42686
42688
42689
42690
42691
42692
42694
42695
42696
42697
42698
42699
42700
42701
42702
42705
42707
42708
42709
42710
42711
42713
42715
42716
42718
42720
42726
42727
42728
42729
42730
42733
42734
42736
42737
42738
42739
42742
42743
42744
42745
42748
42749
42751
42752
42753
42754
42755
42756
42757
42758
42759
42760
42761
42762
42763
42765
42767
42768
42769
42771
42774
42775
42777
42780
42781
42782
42784
42785
42786
42788
42791
42793
42794
42795
42796
42798
42799
42801
42802
42804
42805
42807
42809
42810
42813
42814
42816
42817
42818
42820
42821
42822
42823
42824
42825
42826
42827
42828
42829
42830
42831
42832
42834
42836
42837
42838
42839
42840
42841
42842
42844
42846
42847
42849
42852
42853
42855
42857
42858
42859
42862
42863
42864
42867
42868
42869
42871
42872
42875
42877
42878
42879
42881
42882
42883
42884
42885
42886
42887
42888
42890
42891
42893
42894
42895
42897
42898
42899
42900
42901
42902
42903
42904
42905
42907
42908
42909
42910
42911
42912
42913
42914
42915
42916
42917
42918
42919
42920
42921
42923
42924
42925
42926
42927
42930
42931
42932
42933
42934
42937
42938
42939
42940
42943
42945
42946
42948
42949
42950
42951
42952
42953
42954
42955
42956
42957
42958
42959
42960
42961
42964
42965
42967
42968
42969
42970
42971
42973
42974
42975
42976
42978
42979
42980
42981
42982
42983
42984
42988
42989
42990
42991
42992
42993
42994
42995
42997
42999
43000
43002
43003
43005
43006
43008
43009
43010
43011
43012
43016
43017
43020
43021
43022
43023
43024
43025
43027
43028
43030
43031
43033
43034
43035
43036
43037
43038
43039
43043
43045
43046
43047
43048
43049
43050
43052
43055
43057
43059
43061
43062
43063
43064
43065
43066
43069
43070
43072
43073
43074
43076
43077
43079
43080
43081
43082
43083
43084
43085
43086
43088
43089
43096
43097
43098
43099
43101
43102
43103
43104
43105
43107
43109
43110
43114
43116
43117
43120
43122
43125
43127
43128
43129
43130
43131
43132
43133
43134
43135
43136
43137
43138
43141
43143
43147
43149
43150
43151
43154
43156
43157
43162
43163
43165
43166
43167
43170
43171
43172
43174
43175
43177
43178
43180
43181
43182
43183
43185
43186
43187
43189
43190
43191
43192
43193
43195
43196
43199
43200
43201
43202
43203
43204
43205
43207
43209
43210
43213
43220
43221
43223
43225
43226
43227
43229
43230
43231
43232
43234
43235
43236
43238
43239
43240
43241
43245
43246
43247
43249
43250
43251
43253
43254
43255
43259
43261
43264
43265
43266
43268
43270
43272
43273
43275
43276
43277
43278
43280
43281
43282
43283
43284
43285
43286
43289
43290
43292
43293
43294
43295
43296
43297
43299
43301
43302
43303
43304
43305
43306
43308
43309
43310
43311
43312
43313
43314
43316
43318
43319
43320
43321
43322
43323
43324
43325
43326
43328
43329
43330
43332
43333
43336
43337
43338
43339
43340
43342
43345
43346
43349
43350
43351
43352
43353
43354
43355
43356
43359
43360
43361
43362
43363
43364
43365
43370
43371
43372
43374
43375
43376
43377
43378
43379
43380
43381
43382
43383
43384
43387
43389
43390
43391
43392
43393
43394
43395
43396
43397
43398
43399
43400
43401
43403
43404
43405
43406
43407
43408
43409
43410
43413
43414
43415
43417
43418
43420
43424
43425
43426
43427
43428
43429
43430
43431
43432
43433
43434
43435
43437
43438
43439
43440
43441
43442
43443
43444
43445
43447
43449
43450
43451
43452
43453
43456
43457
43458
43459
43461
43462
43465
43466
43467
43468
43470
43472
43474
43475
43476
43479
43481
43482
43483
43484
43485
43486
43487
43488
43489
43490
43492
43493
43494
43497
43498
43499
43502
43503
43505
43506
43508
43510
43512
43514
43516
43517
43518
43520
43521
43522
43523
43524
43526
43527
43528
43529
43532
43534
43535
43536
43537
43538
43539
43541
43542
43545
43546
43547
43548
43550
43551
43553
43554
43556
43559
43560
43562
43563
43564
43565
43568
43572
43573
43574
43575
43576
43577
43578
43579
43580
43581
43582
43583
43585
43587
43589
43590
43591
43592
43593
43594
43597
43599
43600
43601
43602
43603
43604
43605
43608
43609
43610
43611
43612
43614
43617
43619
43620
43621
43622
43623
43624
43626
43629
43630
43632
43635
43636
43638
43639
43640
43641
43642
43643
43644
43645
43646
43647
43650
43651
43652
43653
43654
43655
43656
43658
43659
43661
43662
43663
43664
43665
43666
43667
43669
43670
43671
43672
43673
43674
43676
43677
43678
43679
43680
43681
43682
43683
43684
43685
43686
43687
43688
43689
43690
43692
43693
43694
43695
43696
43697
43698
43699
43700
43701
43702
43703
43704
43705
43708
43709
43710
43711
43712
43713
43714
43717
43719
43720
43721
43722
43723
43724
43725
43726
43727
43728
43729
43730
43731
43732
43735
43736
43737
43738
43739
43741
43742
43744
43745
43746
43747
43748
43749
43750
43751
43752
43753
43754
43756
43757
43758
43759
43761
43763
43764
43767
43768
43769
43771
43772
43773
43780
43781
43782
43783
43784
43786
43787
43789
43790
43792
43793
43794
43795
43798
43799
43802
43804
43806
43807
43808
43809
43812
43813
43814
43815
43816
43818
43819
43820
43821
43822
43823
43825
43826
43827
43829
43832
43833
43834
43835
43836
43837
43838
43839
43840
43842
43844
43845
43850
43852
43853
43854
43855
43856
43857
43858
43859
43860
43863
43864
43865
43866
43867
43868
43870
43871
43872
43877
43879
43880
43881
43884
43885
43886
43887
43888
43889
43890
43891
43892
43893
43894
43899
43902
43903
43904
43907
43908
43909
43910
43911
43912
43913
43914
43915
43916
43917
43919
43921
43923
43924
43925
43927
43928
43931
43932
43933
43934
43935
43937
43938
43939
43940
43942
43943
43944
43945
43946
43947
43948
43949
43950
43952
43953
43954
43955
43958
43959
43960
43961
43962
43963
43964
43965
43966
43967
43968
43969
43970
43971
43972
43973
43974
43976
43977
43978
43979
43980
43981
43982
43983
43984
43985
43986
43988
43989
43991
43992
43993
43994
43995
43996
43997
43998
43999
44000
44001
44002
44004
44006
44007
44008
44010
44012
44013
44014
44018
44019
44020
44022
44023
44024
44026
44027
44029
44030
44031
44032
44033
44034
44035
44036
44037
44038
44039
44040
44041
44042
44043
44045
44046
44049
44050
44051
44052
44053
44054
44056
44057
44058
44059
44060
44061
44062
44064
44065
44066
44067
44069
44070
44071
44072
44073
44074
44075
44076
44077
44078
44079
44082
44083
44085
44086
44087
44088
44089
44090
44091
44092
44093
44094
44095
44098
44099
44100
44102
44103
44104
44105
44106
44107
44108
44110
44112
44113
44114
44115
44116
44117
44118
44119
44120
44121
44122
44123
44124
44125
44128
44129
44130
44131
44132
44133
44134
44135
44136
44137
44138
44139
44140
44141
44142
44143
44145
44148
44149
44150
44152
44154
44155
44156
44157
44158
44159
44160
44161
44163
44164
44165
44166
44167
44168
44169
44170
44171
44172
44173
44174
44175
44176
44179
44180
44181
44182
44183
44184
44185
44186
44187
44188
44190
44191
44192
44193
44195
44198
44200
44201
44202
44203
44204
44205
44208
44209
44210
44211
44212
44214
44216
44218
44219
44220
44221
44223
44224
44225
44226
44227
44228
44229
44230
44231
44233
44235
44236
44237
44239
44242
44243
44244
44245
44246
44247
44248
44250
44254
44255
44256
44261
44262
44263
44264
44265
44267
44268
44270
44271
44272
44273
44274
44277
44278
44280
44281
44282
44284
44285
44286
44289
44290
44291
44296
44299
44300
44301
44302
44303
44304
44305
44306
44311
44312
44313
44314
44315
44318
44319
44322
44324
44326
44328
44329
44330
44332
44334
44336
44338
44339
44340
44341
44342
44343
44344
44345
44346
44347
44349
44350
44351
44353
44355
44356
44357
44359
44360
44361
44362
44363
44364
44365
44369
44370
44371
44372
44374
44375
44377
44378
44380
44381
44382
44384
44385
44386
44388
44390
44391
44393
44395
44397
44398
44399
44402
44403
44404
44406
44407
44408
44409
44411
44412
44413
44415
44416
44418
44423
44424
44425
44426
44427
44428
44429
44431
44434
44435
44436
44437
44438
44439
44440
44441
44444
44446
44449
44450
44451
44452
44453
44454
44457
44458
44459
44460
44462
44465
44466
44468
44470
44471
44473
44475
44478
44479
44480
44481
44482
44483
44484
44485
44486
44487
44491
44493
44494
44495
44496
44497
44499
44501
44502
44503
44505
44506
44507
44509
44511
44513
44514
44515
44516
44520
44521
44522
44523
44525
44527
44531
44533
44534
44535
44537
44538
44539
44541
44542
44543
44544
44545
44547
44549
44550
44552
44553
44554
44557
44558
44559
44560
44561
44563
44564
44565
44566
44571
44572
44573
44574
44575
44576
44577
44580
44581
44587
44591
44592
44593
44596
44597
44598
44599
44601
44603
44604
44605
44606
44607
44608
44609
44610
44611
44612
44613
44614
44617
44618
44619
44620
44621
44622
44623
44624
44625
44626
44627
44628
44629
44630
44631
44632
44634
44635
44637
44638
44639
44640
44642
44643
44644
44647
44649
44650
44651
44652
44653
44654
44655
44656
44657
44658
44660
44661
44662
44663
44664
44665
44666
44668
44669
44670
44671
44672
44673
44674
44675
44676
44677
44678
44679
44680
44681
44682
44683
44684
44686
44688
44689
44690
44691
44692
44694
44695
44696
44697
44699
44702
44704
44705
44706
44708
44710
44711
44712
44713
44714
44715
44716
44717
44718
44720
44722
44723
44724
44727
44728
44729
44730
44731
44732
44735
44736
44739
44740
44741
44742
44744
44747
44748
44749
44750
44751
44752
44754
44755
44756
44757
44758
44759
44760
44763
44764
44766
44767
44768
44769
44770
44771
44772
44774
44776
44777
44778
44780
44782
44783
44784
44785
44786
44787
44788
44789
44792
44793
44794
44796
44798
44801
44802
44803
44807
44808
44809
44810
44811
44812
44813
44814
44815
44816
44817
44818
44819
44820
44821
44823
44824
44825
44826
44827
44828
44829
44830
44833
44834
44836
44837
44838
44839
44840
44841
44842
44843
44844
44847
44849
44850
44851
44853
44855
44856
44857
44858
44859
44860
44861
44862
44863
44864
44868
44869
44871
44873
44879
44880
44882
44883
44884
44885
44886
44887
44888
44889
44890
44893
44894
44895
44896
44897
44898
44899
44900
44902
44903
44906
44907
44908
44909
44910
44911
44912
44913
44914
44915
44916
44918
44919
44922
44923
44924
44925
44926
44927
44928
44930
44931
44932
44933
44934
44935
44936
44937
44938
44939
44943
44944
44945
44946
44947
44948
44950
44953
44955
44956
44957
44958
44959
44961
44962
44963
44965
44966
44968
44969
44970
44972
44974
44975
44976
44977
44978
44979
44981
44983
44984
44987
44988
44990
44992
44993
44994
44995
44996
44997
44998
45000
45001
45002
45003
45004
45005
45007
45008
45010
45012
45013
45014
45015
45017
45018
45021
45022
45023
45024
45025
45026
45027
45028
45029
45030
45031
45032
45033
45035
45036
45037
45039
45040
45042
45044
45047
45048
45049
45051
45054
45055
45056
45057
45058
45060
45061
45062
45064
45065
45066
45067
45069
45071
45072
45073
45074
45075
45076
45078
45080
45081
45083
45084
45085
45086
45087
45088
45089
45090
45091
45093
45094
45095
45096
45097
45098
45099
45100
45101
45102
45103
45105
45106
45108
45109
45110
45112
45113
45114
45116
45118
45119
45120
45121
45124
45125
45130
45131
45132
45133
45134
45135
45137
45138
45140
45141
45143
45144
45145
45147
45148
45149
45151
45152
45155
45157
45158
45159
45161
45162
45163
45165
45166
45167
45168
45169
45170
45171
45172
45173
45174
45175
45176
45177
45178
45179
45180
45181
45182
45184
45185
45186
45188
45190
45191
45192
45193
45196
45197
45198
45200
45201
45202
45203
45205
45206
45207
45208
45209
45213
45215
45216
45217
45218
45219
45221
45223
45224
45225
45226
45227
45230
45231
45233
45234
45241
45243
45244
45245
45246
45247
45248
45249
45250
45252
45256
45258
45261
45264
45265
45268
45271
45272
45273
45274
45277
45279
45280
45282
45286
45287
45289
45291
45292
45293
45294
45295
45297
45298
45304
45308
45310
45311
45312
45313
