115222
115223
115224
115226
115227
115228
115234
115235
115236
115237
115238
115239
115240
115241
115242
115243
115244
115245
115246
115249
115250
115254
115255
115256
115258
115260
115262
115263
115264
115265
115266
115267
115268
115269
115270
115272
115274
115275
115276
115277
115278
115279
115280
115283
115286
115287
115288
115289
115290
115291
115292
115293
115294
115295
115296
115297
115298
115299
115301
115302
115303
115304
115305
115306
115307
115308
115313
115315
115316
115320
115322
115323
115326
115327
115328
115330
115331
115332
115333
115335
115336
115337
115339
115340
115341
115342
115343
115346
115347
115349
115350
115351
115352
115353
115354
115356
115358
115359
115361
115362
115363
115364
115365
115366
115367
115368
115369
115370
115371
115374
115376
115379
115380
115381
115386
115387
115388
115389
115390
115391
115392
115393
115394
115395
115396
115397
115398
115401
115402
115403
115404
115405
115406
115407
115408
115410
115411
115412
115413
115414
115415
115416
115417
115418
115419
115421
115422
115425
115426
115427
115428
115432
115433
115435
115436
115439
115440
115441
115442
115443
115444
115445
115446
115448
115450
115451
115452
115454
115455
115456
115458
115459
115461
115462
115463
115464
115465
115466
115467
115468
115469
115470
115472
115474
115477
115480
115481
115482
115483
115484
115485
115486
115487
115488
115490
115491
115492
115493
115494
115495
115496
115497
115498
115499
115500
115502
115503
115506
115507
115508
115509
115510
115511
115512
115514
115517
115519
115520
115523
115524
115525
115526
115528
115529
115530
115531
115532
115533
115535
115537
115538
115539
115540
115541
115542
115543
115545
115548
115549
115553
115554
115555
115556
115558
115559
115560
115561
115562
115563
115564
115565
115566
115567
115568
115569
115571
115572
115574
115576
115577
115581
115583
115584
115588
115589
115590
115593
115594
115595
115596
115597
115599
115601
115602
115603
115604
115605
115606
115607
115609
115610
115611
115613
115614
115615
115616
115617
115619
115620
115621
115624
115625
115627
115631
115634
115635
115637
115638
115639
115641
115642
115643
115646
115647
115648
115649
115650
115652
115654
115656
115657
115658
115659
115662
115663
115664
115665
115666
115667
115668
115669
115670
115672
115673
115674
115678
115680
115682
115683
115684
115685
115686
115688
115691
115692
115693
115694
115695
115696
115698
115699
115700
115703
115705
115706
115708
115709
115710
115711
115712
115713
115715
115716
115718
115719
115720
115721
115722
115723
115724
115726
115728
115731
115732
115734
115735
115737
115738
115739
115740
115742
115744
115745
115746
115747
115750
115751
115752
115753
115754
115755
115757
115759
115760
115761
115762
115764
115766
115767
115768
115769
115770
115771
115772
115773
115774
115775
115776
115777
115778
115779
115780
115781
115782
115783
115784
115785
115786
115787
115788
115789
115790
115792
115795
115796
115797
115798
115799
115800
115802
115803
115804
115805
115806
115807
115808
115810
115812
115813
115814
115815
115816
115817
115818
115819
115820
115821
115822
115823
115825
115827
115828
115829
115830
115832
115833
115834
115835
115836
115837
115838
115839
115840
115842
115844
115846
115847
115850
115852
115856
115857
115858
115859
115860
115862
115863
115864
115865
115867
115868
115870
115871
115872
115873
115874
115875
115876
115878
115879
115881
115882
115884
115886
115887
115888
115890
115892
115893
115896
115897
115899
115901
115902
115904
115905
115906
115908
115910
115911
115912
115915
115918
115919
115920
115921
115922
115923
115924
115926
115927
115928
115930
115932
115934
115935
115936
115942
115943
115944
115945
115946
115947
115948
115949
115951
115952
115953
115954
115955
115956
115957
115958
115959
115960
115961
115962
115963
115964
115966
115967
115968
115969
115972
115973
115974
115975
115976
115977
115978
115981
115982
115984
115985
115986
115989
115990
115991
115992
115993
115994
115995
115996
115997
115999
116000
116002
116003
116005
116006
116007
116008
116009
116010
116011
116012
116013
116014
116016
116018
116019
116020
116021
116022
116023
116024
116025
116026
116028
116030
116031
116032
116035
116036
116040
116041
116042
116043
116044
116045
116046
116047
116048
116049
116050
116054
116056
116059
116060
116061
116063
116064
116068
116071
116072
116073
116074
116075
116076
116077
116078
116079
116080
116081
116082
116083
116084
116085
116087
116088
116090
116091
116092
116093
116094
116097
116098
116099
116100
116101
116102
116103
116104
116105
116107
116108
116109
116110
116111
116112
116113
116115
116121
116123
116124
116126
116127
116128
116129
116132
116136
116137
116140
116143
116144
116145
116147
116148
116149
116152
116153
116154
116155
116156
116158
116159
116160
116162
116163
116164
116165
116166
116168
116169
116170
116172
116173
116174
116175
116176
116177
116178
116179
116180
116181
116182
116183
116184
116186
116187
116188
116189
116190
116191
116192
116193
116195
116196
116197
116199
116200
116201
116202
116204
116205
116207
116208
116210
116214
116215
116217
116218
116219
116220
116222
116224
116225
116226
116227
116230
116232
116233
116234
116235
116236
116240
116241
116242
116243
116244
116245
116246
116248
116249
116250
116251
116252
116253
116255
116256
116258
116259
116261
116264
116266
116267
116269
116270
116271
116272
116273
116274
116275
116276
116278
116279
116280
116281
116282
116283
116284
116285
116286
116287
116289
116291
116292
116293
116294
116295
116297
116298
116299
116301
116304
116306
116307
116308
116309
116310
116311
116312
116313
116314
116315
116317
116318
116319
116320
116322
116323
116324
116325
116328
116329
116330
116331
116332
116334
116335
116336
116337
116338
116340
116341
116343
116348
116349
116351
116353
116354
116355
116357
116358
116360
116361
116362
116363
116364
116365
116366
116367
116368
116369
116370
116371
116373
116375
116377
116378
116379
116380
116381
116384
116385
116386
116388
116389
116390
116391
116392
116393
116395
116396
116397
116399
116400
116402
116403
116404
116405
116407
116408
116410
116411
116413
116414
116416
116417
116418
116419
116420
116421
116422
116423
116425
116426
116428
116429
116431
116432
116433
116434
116437
116440
116441
116442
116443
116444
116447
116448
116450
116451
116452
116453
116454
116456
116458
116461
116463
116464
116466
116467
116471
116472
116473
116474
116475
116477
116478
116479
116480
116481
116482
116484
116485
116486
116488
116489
116490
116491
116492
116493
116494
116495
116498
116502
116504
116506
116510
116512
116513
116514
116515
116517
116518
116519
116520
116521
116526
116527
116528
116530
116533
116534
116535
116536
116537
116538
116539
116544
116545
116546
116547
116548
116549
116550
116551
116552
116554
116555
116559
116560
116561
116562
116563
116564
116566
116568
116569
116570
116572
116573
116578
116579
116580
116582
116583
116584
116585
116586
116587
116588
116590
116593
116595
116596
116600
116601
116602
116604
116605
116606
116607
116608
116609
116610
116611
116612
116616
116618
116619
116620
116621
116622
116624
116625
116626
116627
116630
116631
116632
116635
116636
116637
116640
116642
116643
116644
116645
116647
116648
116649
116650
116651
116652
116654
116655
116656
116657
116658
116659
116660
116661
116662
116663
116665
116666
116668
116669
116670
116671
116672
116673
116674
116675
116676
116677
116679
116680
116681
116682
116684
116685
116689
116690
116691
116692
116694
116695
116697
116698
116699
116700
116701
116702
116703
116704
116705
116707
116708
116709
116710
116712
116713
116714
116715
116716
116717
116719
116721
116722
116723
116724
116725
116726
116727
116728
116729
116731
116733
116735
116736
116738
116741
116742
116743
116745
116746
116747
116749
116750
116751
116752
116754
116756
116758
116759
116760
116761
116762
116766
116767
116768
116769
116770
116771
116772
116775
116776
116777
116779
116780
116781
116782
116783
116784
116785
116786
116787
116788
116791
116792
116794
116795
116797
116798
116800
116802
116803
116804
116805
116806
116807
116808
116809
116810
116812
116813
116814
116815
116816
116817
116818
116822
116824
116825
116829
116830
116834
116836
116837
116838
116839
116840
116841
116842
116843
116845
116846
116847
116849
116850
116851
116852
116853
116854
116856
116858
116859
116860
116861
116862
116863
116864
116865
116866
116867
116869
116870
116871
116873
116874
116875
116876
116877
116878
116884
116885
116887
116888
116890
116891
116892
116895
116896
116898
116899
116900
116902
116904
116905
116906
116907
116908
116909
116910
116911
116912
116913
116914
116915
116917
116918
116919
116920
116921
116922
116923
116924
116925
116926
116929
116931
116932
116937
116938
116939
116940
116941
116943
116944
116945
116949
116951
116952
116953
116956
116957
116958
116959
116962
116963
116964
116965
116967
116971
116972
116973
116976
116977
116979
116983
116985
116986
116987
116989
116996
116997
117000
117003
117004
117006
117008
117010
117012
117013
117014
117015
117016
117017
117018
117020
117021
117022
117023
117024
117025
117026
117027
117029
117030
117031
117032
117033
117034
117035
117036
117037
117039
117040
117041
117043
117044
117047
117050
117051
117052
117053
117054
117055
117056
117057
117059
117060
117061
117062
117065
117067
117068
117069
117071
117072
117073
117074
117075
117077
117078
117081
117082
117084
117085
117086
117087
117088
117090
117091
117093
117094
117095
117096
117098
117099
117100
117101
117102
117104
117105
117106
117107
117108
117110
117112
117113
117115
117116
117117
117118
117119
117120
117121
117122
117123
117125
117126
117127
117128
117129
117131
117133
117135
117136
117137
117139
117140
117141
117142
117143
117144
117145
117146
117147
117149
117150
117152
117153
117154
117155
117156
117158
117159
117161
117162
117164
117165
117166
117167
117170
117171
117172
117174
117176
117177
117178
117179
117180
117181
117183
117184
117185
117186
117188
117189
117190
117191
117192
117193
117195
117196
117198
117199
117200
117201
117203
117204
117208
117209
117210
117211
117212
117214
117215
117216
117217
117219
117220
117221
117223
117226
117227
117228
117229
117230
117231
117232
117234
117235
117237
117238
117240
117244
117245
117246
117251
117252
117253
117254
117255
117257
117258
117260
117261
117262
117263
117264
117266
117267
117268
117269
117271
117272
117278
117279
117280
117281
117282
117283
117284
117285
117286
117287
117289
117290
117291
117292
117293
117294
117295
117296
117297
117298
117299
117300
117301
117302
117303
117304
117306
117307
117308
117310
117311
117312
117313
117314
117316
117317
117318
117319
117320
117321
117322
117324
117327
117328
117329
117332
117333
117334
117336
117337
117339
117342
117345
117346
117347
117348
117349
117350
117351
117352
117353
117354
117355
117356
117357
117359
117361
117362
117364
117366
117367
117369
117370
117373
117374
117375
117376
117379
117380
117382
117383
117384
117386
117387
117391
117392
117393
117394
117396
117398
117400
117401
117402
117403
117405
117406
117407
117408
117409
117410
117412
117414
117415
117416
117417
117418
117419
117420
117421
117424
117426
117428
117429
117430
117431
117432
117433
117436
117439
117440
117441
117442
117443
117444
117449
117451
117452
117453
117455
117456
117457
117458
117461
117462
117463
117465
117466
117467
117468
117469
117470
117472
117473
117474
117475
117476
117477
117479
117481
117484
117485
117486
117487
117488
117489
117490
117491
117494
117496
117497
117498
117499
117500
117501
117503
117504
117505
117506
117508
117509
117510
117512
117514
117515
117516
117519
117520
117521
117522
117523
117526
117527
117528
117529
117530
117532
117533
117534
117535
117536
117537
117538
117539
117540
117542
117544
117545
117546
117547
117548
117549
117550
117551
117552
117553
117554
117556
117557
117558
117559
117561
117562
117564
117565
117566
117568
117569
117570
117573
117574
117575
117576
117577
117578
117580
117581
117582
117583
117584
117588
117590
117591
117592
117594
117595
117597
117600
117601
117602
117603
117604
117605
117606
117607
117608
117609
117610
117611
117612
117613
117614
117615
117618
117620
117622
117623
117625
117626
117629
117630
117632
117634
117635
117636
117638
117639
117640
117641
117642
117643
117645
117646
117647
117648
117649
117651
117652
117656
117657
117658
117660
117661
117663
117664
117666
117667
117668
117669
117671
117672
117673
117675
117677
117679
117681
117682
117683
117684
117686
117689
117691
117695
117696
117697
117699
117700
117701
117704
117705
117709
117710
117711
117717
117718
117719
117720
117721
117723
117724
117725
117727
117730
117731
117732
117734
117735
117736
117738
117739
117740
117742
117744
117745
117746
117747
117748
117749
117753
117754
117755
117756
117759
117760
117762
117763
117764
117765
117767
117770
117771
117772
117774
117775
117777
117778
117779
117780
117783
117784
117785
117786
117787
117788
117790
117794
117795
117796
117797
117798
117800
117803
117805
117806
117808
117809
117811
117812
117814
117815
117817
117818
117821
117822
117823
117824
117825
117826
117827
117828
117830
117831
117835
117836
117837
117838
117840
117841
117842
117844
117845
117846
117847
117849
117850
117852
117853
117854
117855
117856
117857
117858
117859
117860
117862
117863
117864
117865
117866
117867
117868
117873
117875
117877
117878
117879
117880
117881
117882
117884
117885
117886
117889
117890
117891
117892
117893
117894
117897
117900
117903
117904
117909
117910
117911
117912
117913
117914
117915
117916
117917
117918
117919
117920
117923
117924
117925
117926
117927
117928
117933
117934
117935
117936
117937
117938
117939
117940
117944
117945
117946
117948
117949
117950
117951
117952
117953
117954
117955
117957
117958
117959
117962
117963
117964
117965
117966
117969
117970
117971
117972
117973
117974
117975
117976
117978
117979
117980
117981
117983
117984
117985
117986
117987
117989
117990
117992
117994
117996
117998
118000
118001
118002
118004
118005
118006
118007
118008
118010
118012
118013
118014
118016
118018
118021
118022
118023
118025
118026
118027
118028
118029
118030
118031
118032
118033
118035
118036
118037
118038
118039
118041
118042
118043
118044
118045
118046
118047
118048
118049
118050
118051
118052
118053
118054
118055
118056
118057
118058
118061
118063
118064
118067
118068
118069
118071
118072
118073
118074
118075
118076
118077
118078
118079
118081
118082
118083
118085
118087
118089
118091
118092
118093
118094
118097
118098
118099
118100
118104
118105
118107
118108
118110
118111
118112
118113
118115
118117
118118
118120
118121
118122
118123
118124
118125
118126
118127
118129
118130
118131
118132
118134
118136
118137
118139
118140
118141
118144
118146
118147
118149
118150
118151
118152
118153
118154
118157
118158
118159
118160
118161
118163
118165
118166
118168
118169
118170
118173
118174
118175
118176
118177
118178
118179
118180
118181
118182
118185
118186
118187
118188
118191
118192
118193
118194
118195
118196
118197
118198
118201
118202
118206
118207
118210
118211
118213
118214
118215
118216
118218
118219
118221
118222
118224
118226
118229
118230
118231
118233
118234
118235
118237
118238
118239
118240
118243
118244
118246
118248
118249
118250
118251
118252
118255
118256
118257
118258
118259
118260
118261
118262
118263
118264
118266
118267
118268
118269
118271
118273
118274
118275
118276
118277
118278
118279
118280
118281
118282
118283
118285
118286
118287
118288
118290
118291
118292
118293
118297
118298
118299
118300
118301
118302
118303
118304
118305
118307
118308
118309
118311
118312
118313
118314
118315
118320
118322
118323
118324
118325
118327
118328
118329
118331
118333
118334
118335
118336
118337
118338
118339
118340
118341
118343
118344
118345
118346
118347
118348
118349
118351
118352
118353
118354
118355
118356
118357
118358
118359
118360
118361
118362
118363
118365
118367
118368
118369
118370
118372
118373
118374
118375
118376
118377
118384
118385
118387
118389
118390
118391
118392
118393
118394
118395
118397
118398
118399
118400
118403
118405
118406
118407
118408
118410
118412
118413
118414
118416
118417
118421
118423
118424
118425
118427
118429
118430
118431
118432
118434
118435
118436
118437
118439
118442
118443
118445
118446
118447
118448
118449
118450
118451
118453
118454
118456
118457
118458
118459
118460
118461
118462
118463
118465
118466
118467
118468
118469
118472
118473
118474
118475
118476
118477
118478
118479
118480
118481
118482
118483
118484
118485
118486
118487
118488
118490
118491
118492
118493
118495
118497
118498
118500
118501
118503
118505
118506
118507
118510
118511
118512
118513
118514
118515
118516
118517
118519
118521
118522
118523
118525
118526
118527
118530
118531
118533
118535
118536
118537
118538
118539
118540
118541
118543
118545
118546
118547
118548
118549
118551
118553
118554
118555
118556
118557
118559
118560
118561
118562
118563
118565
118566
118567
118568
118569
118570
118571
118573
118574
118575
118576
118578
118580
118581
118583
118584
118585
118588
118590
118591
118592
118593
118596
118597
118598
118600
118601
118603
118604
118605
118606
118608
118610
118613
118614
118615
118617
118619
118622
118623
118625
118626
118627
118628
118630
118631
118632
118634
118635
118636
118637
118638
118639
118642
118643
118645
118646
118647
118648
118649
118650
118652
118655
118656
118657
118658
118660
118661
118662
118663
118664
118665
118666
118667
118668
118670
118671
118672
118673
118674
118676
118677
118681
118682
118683
118684
118685
118686
118688
118689
118690
118691
118693
118694
118695
118696
118697
118701
118703
118704
118705
118706
118708
118709
118710
118712
118713
118714
118715
118716
118717
118718
118719
118721
118723
118724
118725
118726
118729
118730
118731
118733
118734
118736
118737
118738
118739
118740
118741
118742
118743
118744
118745
118746
118747
118749
118750
118751
118752
118753
118754
118755
118756
118757
118759
118761
118762
118763
118764
118765
118766
118767
118768
118769
118770
118771
118772
118773
118774
118775
118776
118777
118779
118780
118781
118782
118783
118785
118786
118788
118789
118791
118793
118794
118798
118799
118800
118801
118802
118803
118804
118805
118806
118807
118808
118811
118812
118816
118817
118818
118820
118821
118822
118823
118824
118825
118827
118828
118829
118830
118831
118832
118835
118836
118837
118839
118840
118842
118843
118844
118845
118846
118847
118848
118849
118850
118851
118853
118854
118858
118860
118862
118863
118864
118865
118866
118867
118868
118869
118871
118872
118873
118875
118876
118877
118878
118879
118883
118884
118885
118888
118889
118890
118891
118892
118893
118894
118895
118896
118897
118898
118899
118900
118902
118903
118904
118905
118906
118907
118912
118913
118914
118916
118917
118918
118919
118920
118922
118923
118924
118929
118930
118931
118933
118935
118938
118940
118941
118942
118944
118945
118947
118950
118951
118952
118953
118955
118956
118958
118961
118963
118964
118965
118969
118971
118972
118973
118974
118976
118978
118982
118983
118984
118985
118989
118993
118995
118996
119000
119001
119002
119003
119004
119005
119006
119007
119008
119009
119011
119013
119014
119016
119019
119020
119021
119024
119027
119028
119029
119030
119031
119034
119036
119037
119040
119041
119042
119043
119046
119047
119048
119049
119050
119051
119052
119053
119054
119055
119056
119057
119058
119059
119060
119061
119062
119064
119065
119071
119072
119073
119074
119075
119076
119077
119078
119079
119080
119081
119084
119085
119087
119089
119090
119091
119092
119094
119096
119098
119100
119101
119103
119106
119108
119109
119112
119113
119114
119115
119116
119118
119119
119120
119122
119123
119124
119125
119127
119128
119131
119133
119135
119137
119138
119139
119140
119141
119142
119144
119145
119146
119148
119151
119153
119155
119156
119157
119158
119159
119161
119163
119165
119166
119168
119169
119173
119174
119177
119178
119180
119181
119182
119183
119184
119187
119188
119190
119192
119193
119194
119195
119196
119197
119198
119199
119200
119202
119204
119208
119209
119211
119212
119213
119214
119215
119217
119218
119220
119222
119224
119225
119226
119228
119229
119232
119233
119234
119235
119236
119238
119239
119240
119241
119242
119243
119247
119248
119250
119251
119252
119254
119256
119257
119258
119261
119262
119263
119265
119266
119267
119268
119270
119271
119272
119273
119274
119275
119276
119279
119280
119281
119282
119283
119284
119285
119287
119289
119292
119293
119294
119295
119298
119299
119300
119301
119303
119304
119306
119308
119309
119310
119311
119312
119314
119316
119317
119319
119320
119321
119322
119324
119325
119330
119331
119332
119333
119334
119335
119336
119339
119340
119341
119342
119343
119344
119345
119347
119348
119350
119354
119357
119358
119359
119360
119361
119362
119363
119367
119369
119370
119371
119372
119374
119376
119377
119378
119379
119380
119381
119382
119383
119385
119386
119387
119388
119389
119390
119391
119392
119395
119398
119400
119402
119405
119406
119407
119408
119409
119410
119412
119414
119416
119419
119422
119424
119425
119426
119428
119429
119430
119431
119432
119433
119434
119435
119436
119437
119440
119441
119444
119445
119446
119447
119448
119450
119451
119452
119453
119454
119455
119456
119457
119458
119460
119461
119462
119463
119464
119466
119467
119468
119469
119470
119471
119472
119475
119476
119477
119479
119480
119481
119482
119483
119485
119486
119487
119488
119492
119493
119494
119495
119496
119497
119498
119499
119500
119501
119502
119503
119504
119505
119506
119507
119510
119511
119512
119514
119515
119516
119517
119518
119519
119520
119521
119522
119523
119524
119526
119527
119529
119530
119532
119533
119534
119535
119536
119537
119539
119540
119541
119542
119544
119545
119546
119548
119550
119552
119553
119554
119555
119557
119558
119560
119561
119562
119564
119565
119566
119567
119570
119571
119572
119573
119574
119575
119577
119578
119579
119580
119581
119582
119583
119584
119585
119586
119587
119588
119590
119592
119593
119594
119595
119596
119597
119598
119599
119600
119601
119602
119603
119604
119605
119606
119607
119608
119610
119611
119612
119613
119615
119616
119618
119619
119620
119621
119622
119623
119624
119625
119626
119627
119628
119630
119631
119632
119633
119634
119635
119636
119637
119639
119640
119641
119643
119644
119647
119649
119650
119651
119652
119654
119655
119656
119657
119658
119659
119660
119661
119663
119666
119670
119671
119672
119674
119675
119676
119677
119678
119679
119680
119681
119683
119685
119686
119687
119688
119689
119690
119691
119692
119693
119694
119695
119698
119699
119701
119703
119704
119707
119708
119710
119711
119715
119716
119717
119718
119719
119720
119721
119722
119725
119726
119728
119729
119730
119731
119732
119734
119735
119736
119737
119739
119740
119741
119742
119743
119745
119746
119748
119750
119751
119752
119755
119756
119757
119758
119760
119762
119763
119765
119766
119767
119771
119772
119774
119776
119777
119778
119779
119780
119781
119787
119788
119790
119791
119795
119798
119800
119803
119804
119805
119806
119807
119809
119810
119811
119813
119814
119815
119819
119820
119821
119823
119824
119825
119826
119827
119828
119831
119832
119834
119835
119837
119839
119840
119842
119844
119845
119846
119847
119849
119850
119852
119853
119854
119855
119859
119862
119863
119864
119865
119868
119870
119871
119873
119874
119875
119877
119879
119884
119885
119886
119887
119889
119891
119892
119895
119896
119897
119899
119900
119901
119904
119906
119907
119908
119909
119911
119912
119913
119914
119916
119917
119920
119924
119925
119927
119928
119929
119930
119932
119933
119934
119936
119938
119939
119940
119942
119943
119944
119945
119946
119947
119948
119949
119950
119957
119958
119959
119960
119964
119965
119966
119967
119968
119969
119970
119971
119972
119973
119980
119982
119983
119984
119985
119986
119987
119988
119989
119990
119991
119993
119994
119997
119998
119999
120000
120001
120002
120004
120006
120007
120011
120012
120013
120014
120015
120016
120018
120020
120021
120022
120023
120024
120025
120026
120027
120028
120029
120030
120032
120033
120034
120035
120036
120037
120038
120040
120041
120042
120044
120046
120047
120048
120049
120051
120052
120054
120055
120056
120057
120058
120059
120060
120062
120063
120064
120065
120068
120069
120070
120072
120073
120074
120075
120076
120078
120079
120080
120081
120082
120083
120084
120086
120087
120089
120090
120091
120092
120094
120095
120096
120097
120099
120100
120101
120102
120103
120106
120108
120109
120111
120112
120113
120114
120116
120119
120121
120122
120124
120126
120127
120128
120129
120131
120134
120135
120136
120137
120138
120139
120142
120143
120145
120146
120147
120148
120149
120150
120151
120154
120155
120156
120157
120159
120163
120164
120166
120167
120168
120170
120171
120173
120175
120176
120177
120179
120180
120182
120183
120185
120187
120188
120189
120191
120192
120193
120195
120196
120200
120201
120202
120203
120204
120205
120207
120208
120210
120213
120214
120215
120221
120224
120225
120227
120228
120229
120230
120231
120232
120234
120235
120236
120238
120239
120240
120241
120242
120243
120244
120245
120246
120248
120250
120251
120253
120254
120257
120258
120259
120260
120262
120263
120264
120266
120268
120269
120270
120272
120273
120275
120276
120277
120278
120280
120281
120283
120286
120287
120288
120289
120290
120291
120293
120294
120295
120296
120297
120298
120299
120301
120302
120303
120304
120305
120306
120308
120309
120311
120312
120313
120317
120318
120319
120320
120321
120323
120324
120327
120328
120330
120331
120332
120333
120334
120335
120336
120338
120340
120342
120343
120346
120349
120350
120351
120352
120353
120354
120356
120357
120359
120360
120361
120362
120363
120365
120366
120367
120372
120374
120375
120376
120378
120379
120381
120382
120383
120386
120388
120390
120391
120392
120394
120397
120398
120399
120400
120401
120402
120405
120406
120407
120408
120409
120410
120411
120412
120413
120414
120415
120416
120417
120418
120419
120420
120421
120422
120423
120424
120425
120426
120427
120428
120429
120430
120432
120433
120434
120435
120437
120438
120439
120441
120442
120443
120444
120446
120447
120448
120449
120451
120455
120456
120458
120459
120460
120463
120464
120465
120466
120467
120468
120469
120470
120471
120472
120473
120476
120477
120478
120479
120480
120484
120485
120486
120487
120488
120489
120490
120491
120492
120493
120494
120495
120496
120497
120498
120499
120500
120502
120503
120504
120505
120506
120507
120508
120509
120511
120513
120514
120516
120517
120518
120519
120520
120521
120522
120523
120525
120529
120531
120532
120533
120534
120538
120541
120542
120543
120545
120546
120548
120550
120551
120552
120553
120554
120557
120558
120560
120561
120563
120565
120568
120570
120571
120572
120574
120575
120576
120577
120578
120579
120580
120581
120582
120583
120584
120585
120586
120587
120588
120590
120591
120593
120594
120595
120596
120598
120599
120600
120601
120603
120604
120606
120607
120608
120609
120610
120612
120613
120615
120616
120617
120620
120621
120623
120624
120626
120628
120629
120630
120633
120635
120636
120637
120638
120639
120643
120645
120647
120651
120652
120653
120654
120655
120656
120657
120658
120659
120660
120662
120664
120665
120666
120668
120669
120670
120672
120675
120676
120677
120678
120679
120681
120682
120683
120684
120685
120686
120688
120689
120690
120692
120693
120694
120695
120697
120701
120702
120703
120704
120706
120707
120708
120709
120710
120711
120712
120713
120714
120715
120716
120717
120718
120719
120720
120721
120722
120723
120725
120727
120728
120732
120734
120736
120737
120738
120739
120740
120741
120744
120745
120749
120751
120752
120753
120754
120755
120756
120758
120759
120760
120762
120763
120764
120765
120766
120767
120770
120771
120772
120773
120774
120775
120777
120778
120779
120780
120781
120783
120784
120785
120786
120787
120789
120790
120791
120792
120793
120794
120795
120796
120797
120799
120800
120801
120802
120803
120804
120805
120809
120810
120811
120812
120813
120814
120817
120818
120819
120820
120822
120823
120824
120827
120829
120830
120832
120834
120836
120838
120840
120842
120843
120844
120845
120846
120847
120848
120850
120851
120852
120853
120854
120855
120857
120858
120859
120860
120861
120864
120865
120866
120867
120868
120869
120870
120871
120872
120873
120875
120876
120877
120878
120882
120883
120885
120886
120887
120888
120889
120891
120893
120894
120895
120896
120897
120898
120899
120900
120901
120902
120903
120904
120905
120906
120907
120909
120910
120911
120912
120913
120914
120915
120916
120917
120918
120919
120920
120921
120922
120924
120925
120926
120927
120928
120929
120930
120931
120932
120933
120934
120935
120936
120937
120938
120940
120941
120942
120943
120944
120945
120946
120947
120948
120950
120951
120952
120953
120955
120956
120957
120958
120959
120962
120963
120964
120965
120966
120967
120968
120969
120972
120973
120974
120975
120976
120977
120979
120980
120981
120982
120983
120984
120985
120986
120987
120989
120990
120991
120992
120993
120994
120995
120996
120999
121000
121001
121002
121003
121004
121005
121006
121008
121009
121010
121011
121012
121013
121014
121016
121017
121018
121019
121020
121023
121024
121025
121029
121031
121034
121035
121036
121037
121038
121040
121041
121043
121044
121046
121047
121049
121050
121051
121054
121055
121056
121057
121058
121059
121060
121062
121063
121064
121065
121066
121069
121070
121071
121073
121077
121079
121084
121085
121086
121087
121089
121092
121094
121097
121098
121099
121100
121101
121102
121103
121104
121105
121108
121109
121110
121111
121114
121115
121116
121118
121119
121120
121122
121126
121128
121131
121132
121133
121134
121135
121136
121139
121141
121145
121146
121147
121148
121150
121151
121152
121153
121154
121156
121157
121158
121159
121160
121161
121164
121167
121169
121170
121172
121173
121174
121175
121177
121178
121179
121181
121182
121183
121187
121188
121189
121191
121192
121193
121194
121195
121196
121198
121199
121200
121202
121203
121205
121206
121208
121211
121213
121214
121215
121216
121217
121220
121221
121225
121229
121232
121233
121234
121237
121240
121242
121243
121244
121246
121247
121249
121251
121252
121253
121254
121255
121256
121257
121259
121260
121263
121264
121265
121266
121267
121268
121271
121272
121273
121275
121276
121278
121279
121281
121282
121283
121284
121285
121286
121287
121289
121290
121291
121292
121293
121294
121295
121296
121297
121298
121299
121300
121301
121302
121304
121305
121307
121308
121309
121310
121313
121315
121316
121317
121318
121319
121320
121321
121322
121323
121326
121327
121328
121329
121330
121331
121332
121336
121337
121338
121339
121341
121342
121343
121344
121345
121346
121347
121352
121353
121355
121356
121357
121358
121362
121365
121366
121367
121370
121371
121372
121373
121374
121375
121379
121380
121381
121382
121384
121385
121386
121387
121389
121392
121393
121395
121396
121397
121398
121399
121401
121402
121403
121404
121406
121407
121408
121409
121410
121411
121413
121414
121415
121417
121418
121421
121423
121424
121426
121427
121429
121430
121431
121432
121433
121434
121435
121436
121437
121438
121439
121441
121444
121446
121447
121448
121449
121451
121452
121454
121455
121456
121459
121460
121463
121464
121467
121468
121471
121472
121473
121474
121475
121476
121477
121478
121479
121481
121482
121483
121484
121487
121489
121491
121492
121493
121494
121496
121497
121498
121499
121500
121503
121506
121507
121508
121509
121511
121513
121516
121517
121518
121520
121521
121522
121523
121524
121525
121526
121527
121528
121529
121532
121534
121535
121537
121538
121539
121540
121541
121543
121544
121545
121546
121548
121549
121550
121551
121553
121554
121555
121556
121558
121559
121560
121561
121562
121564
121565
121566
121567
121570
121572
121574
121575
121578
121579
121580
121582
121583
121584
121585
121587
121589
121590
121592
121593
121594
121595
121597
121598
121599
121600
121601
121603
121604
121605
121606
121608
121611
121612
121613
121614
121615
121616
121617
121618
121620
121621
121622
121623
121624
121625
121626
121627
121628
121629
121630
121631
121632
121633
121634
121636
121637
121638
121641
121644
121645
121647
121649
121651
121655
121657
121661
121662
121663
121664
121665
121667
121668
121669
121671
121674
121675
121677
121678
121679
121681
121682
121683
121684
121685
121687
121688
121690
121691
121692
121693
121695
121697
121699
121701
121703
121705
121707
121708
121711
121714
121716
121717
121718
121719
121721
121722
121728
121730
121731
121732
121735
121736
121737
121738
121740
121741
121743
121744
121745
121746
121747
121749
121750
121752
121753
121754
121755
121756
121758
121760
121761
121764
121765
121766
121770
121771
121772
121774
121776
121777
121778
121779
121780
121781
121782
121783
121784
121785
121787
121788
121789
121790
121791
121792
121793
121794
121795
121797
121799
121800
121801
121802
121803
121804
121805
121806
121809
121811
121812
121813
121814
121815
121816
121817
121819
121822
121824
121825
121826
121827
121829
121833
121834
121835
121836
121837
121838
121840
121841
121843
121845
121846
121847
121848
121849
121850
121851
121852
121853
121854
121855
121856
121857
121858
121859
121860
121861
121864
121866
121867
121868
121869
121870
121872
121874
121875
121876
121877
121880
121881
121882
121883
121884
121885
121886
121887
121888
121889
121890
121892
121893
121894
121895
121896
121899
121902
121903
121905
121906
121908
121909
121910
121911
121913
121914
121916
121917
121918
121920
121921
121922
121924
121925
121926
121927
121928
121929
121930
121931
121932
121934
121935
121936
121937
121938
121939
121942
121943
121944
121945
121946
121947
121948
121949
121950
121951
121953
121954
121955
121956
121957
121959
121960
121961
121962
121963
121964
121965
121966
121967
121972
121973
121974
121975
121977
121979
121980
121983
121984
121986
121987
121988
121990
121991
121993
121994
121996
121997
121998
121999
122000
122001
122002
122003
122004
122005
122006
122009
122010
122012
122014
122015
122016
122020
122021
122022
122023
122025
122026
122027
122029
122030
122031
122032
122033
122034
122036
122037
122040
122041
122042
122044
122045
122046
122047
122048
122049
122051
122053
122054
122056
122057
122058
122059
122060
122063
122064
122065
122066
122067
122069
122070
122073
122074
122077
122079
122080
122081
122082
122083
122084
122085
122086
122087
122089
122090
122092
122093
122098
122099
122100
122101
122102
122103
122104
122105
122106
122110
122111
122112
122113
122114
122116
122117
122118
122119
122120
122121
122124
122125
122126
122128
122130
122131
122132
122133
122135
122137
122138
122140
122141
122144
122145
122147
122149
122150
122151
122152
122153
122154
122155
122156
122157
122158
122159
122160
122161
122163
122164
122165
122166
122167
122169
122171
122172
122174
122175
122176
122177
122178
122179
122181
122182
122183
122184
122186
122187
122189
122191
122192
122193
122194
122195
122196
122197
122198
122199
122201
122202
122203
122204
122205
122207
122208
122209
122211
122212
122213
122214
122215
122218
122219
122220
122221
122222
122224
122225
122228
122229
122231
122232
122233
122235
122236
122237
122240
122241
122242
122243
122244
122245
122246
122247
122248
122250
122254
122255
122256
122257
122259
122260
122261
122262
122263
122265
122267
122268
122269
122270
122272
122273
122274
122276
122278
122279
122280
122281
122282
122283
122285
122286
122287
122288
122289
122290
122291
122293
122294
122295
122297
122298
122299
122300
122301
122302
122303
122307
122308
122310
122311
122313
122316
122318
122320
122322
122323
122324
122325
122327
122328
122329
122330
122331
122332
122335
122336
122337
122338
122339
122340
122341
122342
122344
122346
122349
122352
122354
122359
122360
122361
122363
122367
122369
122370
122371
122372
122373
122375
122376
122377
122378
122379
122380
122381
122383
122384
122385
122386
122387
122390
122393
122395
122396
122397
122399
122401
122402
122406
122407
122408
122409
122411
122413
122414
122415
122418
122419
122421
122422
122423
122426
122427
122428
122429
122430
122432
122434
122436
122437
122438
122439
122441
122444
122445
122446
122447
122448
122450
122451
122452
122453
122454
122455
122456
122457
122459
122462
122464
122465
122467
122468
122469
122472
122473
122474
122475
122476
122477
122479
122480
122481
122482
122483
122484
122485
122486
122487
122488
122489
122490
122491
122493
122495
122496
122497
122498
122501
122502
122503
122504
122505
122506
122510
122511
122512
122514
122515
122517
122518
122519
122521
122522
122523
122524
122525
122527
122529
122530
122531
122532
122533
122535
122536
122537
122538
122540
122542
122545
122546
122547
122548
122549
122550
122551
122552
122553
122555
122556
122557
122558
122559
122560
122561
122562
122563
122564
122565
122567
122569
122570
122571
122572
122575
122576
122578
122579
122580
122582
122583
122584
122585
122586
122587
122589
122590
122591
122593
122594
122596
122597
122598
122601
122602
122603
122605
122606
122607
122608
122609
122610
122612
122613
122615
122619
122620
122621
122623
122625
122627
122628
122629
122630
122631
122632
122634
122637
122639
122640
122643
122644
122645
122647
122651
122652
122653
122654
122657
122658
122661
122663
122664
122665
122666
122667
122668
122669
122671
122674
122675
122676
122678
122679
122680
122682
122683
122684
122685
122687
122692
122693
122694
122695
122696
122697
122698
122699
122700
122702
122704
122707
122708
122709
122710
122712
122714
122715
122716
122718
122719
122720
122721
122723
122724
122725
122726
122728
122729
122730
122731
122735
122736
122737
122738
122739
122740
122741
122742
122745
122747
122748
122750
122753
122754
122755
122756
122757
122759
122760
122763
122765
122766
122767
122768
122769
122770
122771
122772
122773
122775
122776
122777
122778
122779
122780
122781
122782
122783
122784
122785
122787
122789
122791
122792
122793
122795
122796
122797
122798
122800
122801
122802
122803
122804
122805
122806
122807
122810
122811
122813
122815
122816
122817
122818
122819
122820
122825
122826
122827
122828
122831
122832
122833
122835
122836
122837
122838
122839
122842
122843
122844
122845
122847
122848
122849
122850
122852
122853
122856
122857
122858
122859
122861
122863
122864
122865
122866
122867
122868
122870
122872
122873
122874
122875
122876
122878
122879
122880
122882
122883
122884
122885
122886
122887
122888
122889
122890
122891
122892
122894
122895
122896
122898
122900
122901
122903
122904
122905
122906
122907
122909
122910
122911
122912
122915
122916
122917
122918
122920
122921
122922
122923
122924
122925
122926
122927
122929
122932
122935
122936
122937
122938
122939
122941
122942
122944
122945
122947
122948
122949
122950
122951
122952
122953
122954
122955
122956
122957
122958
122959
122960
122961
122963
122966
122969
122970
122971
122972
122973
122975
122977
122978
122979
122980
122981
122984
122985
122986
122989
122990
122991
122992
122993
122994
122995
122996
122998
123001
123002
123004
123005
123006
123007
123008
123009
123010
123011
123013
123014
123015
123016
123017
123018
123019
123021
123022
123023
123024
123025
123027
123029
123030
123031
123032
123033
123034
123035
123037
123039
123041
123043
123044
123046
123051
123052
123053
123054
123056
123057
123058
123059
123062
123063
123064
123065
123066
123070
123074
123075
123076
123077
123078
123079
123080
123082
123084
123086
123087
123088
123089
123092
123093
123094
123095
123096
123097
123098
123099
123100
123101
123102
123103
123104
123105
123106
123107
123108
123109
123110
123112
123113
123114
123115
123117
123118
123119
123121
123123
123125
123128
123129
123130
123131
123133
123135
123136
123137
123138
123139
123140
123141
123142
123143
123144
123146
123149
123150
123151
123152
123153
123154
123155
123157
123158
123159
123161
123162
123163
123164
123165
123166
123167
123168
123169
123170
123171
123172
123173
123175
123176
123178
123180
123181
123183
123185
123186
123187
123188
123189
123190
123192
123193
123197
123198
123200
123201
123202
123203
123204
123205
123206
123207
123208
123209
123211
123212
123213
123214
123216
123217
123218
123219
123220
123221
123224
123225
123227
123228
123230
123231
123233
123234
123238
123240
123241
123242
123243
123244
123245
123246
123248
123249
123251
123253
123257
123259
123261
123262
123263
123267
123268
123269
123270
123271
123272
123274
123275
123276
123277
123278
123279
123280
123281
123283
123284
123285
123286
123287
123288
123289
123290
123291
123292
123296
123297
123298
123299
123301
123302
123303
123306
123307
123308
123309
123310
123311
123312
123313
123314
123315
123318
123320
123321
123322
123324
123325
123326
123328
123330
123331
123332
123333
123334
123335
123336
123337
123338
123339
123342
123344
123345
123346
123347
123350
123351
123353
123354
123355
123356
123357
123358
123362
123363
123365
123367
123368
123369
123372
123374
123376
123377
123378
123379
123381
123382
123383
123384
123386
123387
123388
123389
123390
123391
123392
123393
123394
123395
123396
123398
123400
123401
123404
123405
123406
123407
123408
123411
123413
123414
123416
123417
123418
123419
123420
123422
123423
123424
123425
123426
123427
123428
123429
123433
123435
123436
123438
123439
123440
123441
123442
123443
123444
123445
123446
123448
123449
123451
123455
123456
123457
123458
123459
123460
123461
123463
123464
123465
123466
123467
123470
123472
123473
123474
123475
123476
123477
123478
123479
123480
123481
123482
123483
123484
123485
123486
123487
123488
123489
123490
123491
123492
123493
123495
123496
123497
123498
123499
123500
123501
123502
123504
123505
123506
123510
123514
123515
123516
123517
123518
123519
123520
123522
123523
123524
123525
123527
123528
123529
123530
123532
123533
123534
123536
123537
123538
123539
123540
123542
123544
123546
123547
123548
123549
123550
123551
123552
123553
123555
123556
123558
123559
123561
123562
123563
123564
123565
123566
123567
123571
123573
123574
123575
123577
123581
123583
123584
123588
123589
123590
123591
123593
123594
123596
123601
123602
123603
123604
123605
123607
123608
123609
123610
123611
123613
123615
123617
123618
123620
123621
123623
123625
123626
123627
123629
123630
123631
123632
123633
123634
123635
123636
123638
123639
123641
123642
123645
123649
123650
123652
123653
123654
123655
123658
123659
123661
123662
123664
123665
123667
123669
123670
123671
123672
123674
123675
123676
123679
123681
123686
123689
123690
123691
123692
123693
123694
123695
123696
123697
123699
123700
123701
123702
123703
123705
123707
123708
123709
123710
123712
123713
123715
123716
123717
123718
123719
123722
123723
123724
123726
123727
123728
123729
123730
123731
123734
123735
123736
123737
123738
123739
123741
123743
123744
123745
123746
123748
123750
123752
123757
123758
123761
123766
123768
123769
123770
123772
123773
123775
123776
123777
123778
123779
123782
123784
123785
123786
123787
123788
123789
123790
123791
123793
123794
123795
123796
123799
123800
123801
123802
123803
123804
123806
123807
123808
123809
123810
123811
123812
123813
123814
123815
123817
123819
123821
123823
123824
123826
123829
123831
123832
123833
123834
123835
123838
123839
123841
123843
123844
123845
123847
123848
123850
123851
123852
123853
123855
123856
123857
123859
123861
123864
123867
123868
123869
123870
123872
123873
123874
123877
123878
123879
123880
123881
123882
123883
123886
123887
123890
123891
123892
123894
123895
123899
123901
123902
123903
123904
123905
123909
123910
123912
123913
123914
123916
123917
123918
123922
123923
123924
123927
123928
123930
123932
123933
123934
123935
123936
123940
123943
123946
123950
123951
123953
123955
123956
123959
123962
123963
123964
123966
123967
123969
123970
123972
123973
123975
123976
123977
123978
123980
123981
123982
123983
123984
123985
123986
123987
123990
123991
123992
123993
123994
123995
123999
124000
124001
124003
124004
124005
124006
124009
124011
124013
124015
124019
124020
124022
124023
124026
124028
124030
124032
124033
124034
124035
124036
124038
124039
124040
124041
124043
124045
124046
124047
124048
124049
124050
124052
124053
124055
124056
124057
124058
124059
124060
124061
124063
124065
124066
124068
124069
124070
124072
124073
124074
124075
124081
124082
124083
124086
124090
124091
124092
124093
124094
124096
124098
124099
124100
124101
124102
124103
124104
124106
124107
124108
124110
124111
124113
124114
124115
124116
124117
124118
124120
124125
124126
124127
124128
124130
124131
124132
124133
124134
124135
124136
124137
124138
124140
124143
124144
124145
124146
124147
124148
124149
124150
124151
124152
124153
124154
124155
124156
124157
124159
124160
124161
124162
124163
124164
124166
124170
124171
124172
124173
124175
124178
124179
124180
124182
124183
124185
124186
124187
124188
124189
124194
124195
124197
124198
124199
124201
124202
124203
124204
124205
124206
124207
124209
124210
124211
124212
124213
124215
124216
124217
124218
124219
124221
124222
124223
124224
124225
124226
124228
124231
124233
124234
124236
124237
124238
124239
124240
124241
124243
124244
124245
124246
124247
124248
124249
124250
124251
124253
124254
124255
124256
124258
124259
124260
124261
124263
124264
124266
124267
124268
124271
124274
124275
124276
124278
124279
124280
124281
124282
124283
124285
124286
124287
124289
124290
124291
124293
124294
124295
124297
124298
124299
124300
124301
124303
124304
124305
124306
124307
124309
124310
124311
124312
124314
124315
124316
124318
124320
124321
124323
124324
124325
124326
124327
124328
124329
124330
124331
124332
124333
124334
124335
124336
124337
124338
124339
124340
124343
124344
124345
124346
124347
124348
124349
124350
124351
124352
124354
124355
124356
124358
124360
124361
124362
124363
124364
124366
124368
124369
124370
124371
124373
124375
124376
124377
124378
124379
124380
124381
124383
124384
124385
124386
124387
124388
124389
124391
124396
124397
124398
124399
124401
124402
124403
124404
124405
124406
124408
124410
124411
124412
124413
124414
124416
124418
124419
124420
124422
124424
124425
124426
124427
124428
124429
124430
124431
124433
124434
124436
124437
124438
124439
124440
124442
124443
124444
124445
124446
124449
124450
124453
124454
124455
124457
124459
124462
124463
124464
124466
124467
124469
124470
124471
124473
124474
124477
124478
124480
124481
124482
124483
124484
124486
124488
124489
124492
124493
124496
124497
124498
124500
124501
124502
124503
124504
124506
124507
124509
124510
124511
124512
124513
124515
124516
124517
124519
124520
124521
124523
124524
124525
124526
124527
124528
124530
124531
124532
124533
124534
124535
124536
124537
124539
124540
124541
124543
124544
124545
124548
124550
124551
124552
124553
124554
124555
124559
124560
124561
124562
124563
124564
124565
124570
124571
124573
124574
124575
124576
124577
124578
124579
124580
124581
124582
124583
124584
124586
124587
124590
124591
124592
124593
124595
124596
124597
124598
124599
124601
124602
124603
124605
124607
124608
124609
124614
124615
124616
124617
124618
124619
124620
124621
124622
124623
124624
124626
124627
124628
124629
124630
124631
124633
124634
124635
124637
124640
124641
124642
124643
124644
124645
124646
124647
124648
124649
124650
124651
124653
124654
124655
124656
124657
124658
124659
124660
124661
124663
124664
124665
124666
124668
124669
124670
124673
124675
124676
124677
124678
124679
124680
124682
124684
124685
124686
124687
124688
124689
124690
124691
124693
124697
124699
124700
124701
124702
124703
124704
124705
124706
124707
124708
124710
124711
124712
124714
124715
124717
124718
124719
124721
124722
124723
124724
124725
124727
124728
124730
124731
124732
124733
124734
124737
124739
124740
124741
124742
124743
124744
124746
124748
124749
124750
124752
124753
124754
124755
124758
124761
124763
124764
124765
124766
124767
124769
124770
124773
124774
124775
124776
124777
124779
124780
124781
124782
124783
124784
124785
124786
124788
124789
124790
124792
124794
124797
124798
124799
124802
124803
124804
124805
124809
124810
124811
124813
124814
124816
124817
124818
124819
124821
124822
124824
124825
124827
124828
124830
124831
124833
124835
124836
124837
124838
124839
124840
124841
124843
124845
124846
124848
124849
124850
124852
124853
124854
124855
124857
124858
124860
124861
124862
124863
124864
124865
124866
124868
124869
124870
124871
124872
124873
124874
124877
124878
124880
124881
124882
124883
124884
124885
124886
124887
124888
124889
124891
124892
124893
124894
124895
124896
124897
124898
124899
124900
124901
124902
124903
124905
124906
124907
124908
124909
124910
124913
124914
124915
124917
124920
124921
124922
124923
124924
124925
124926
124927
124928
124929
124930
124931
124932
124936
124937
124938
124939
124940
124941
124942
124943
124944
124945
124946
124947
124948
124950
124951
124953
124954
124955
124956
124957
124958
124959
124960
124961
124962
124963
124964
124965
124967
124968
124969
124972
124973
124974
124975
124976
124977
124979
124980
124981
124983
124986
124987
124988
124989
124990
124991
124992
124993
124994
124996
124997
124998
125000
125001
125003
125004
125005
125006
125007
125008
125009
125010
125011
125012
125013
125014
125016
125017
125018
125019
125020
125021
125022
125023
125025
125026
125027
125028
125029
125030
125031
125032
125034
125035
125036
125037
125039
125040
125041
125042
125043
125047
125049
125050
125051
125053
125055
125056
125057
125058
125060
125061
125063
125064
125066
125068
125069
125070
125071
125073
125075
125076
125077
125078
125079
125081
125082
125084
125085
125087
125088
125089
125090
125093
125094
125095
125096
125097
125098
125099
125100
125101
125102
125103
125105
125109
125111
125112
125113
125114
125115
125116
125117
125118
125119
125120
125121
125122
125123
125124
125125
125126
125127
125128
125131
125136
125138
125139
125141
125143
125145
125146
125147
125148
125149
125150
125152
125153
125154
125155
125156
125158
125160
125162
125164
125165
125166
125168
125170
125171
125172
125173
125174
125175
125176
125177
125178
125179
125180
125181
125182
125183
125184
125185
125187
125188
125189
125190
125191
125192
125194
125195
125196
125197
125198
125199
125200
125201
125202
125203
125206
125207
125208
125211
125212
125213
125214
125215
125216
125217
125218
125220
125221
125222
125223
125224
125225
125227
125228
125230
125232
125233
125234
125235
125238
125239
125240
125241
125242
125243
125244
125245
125246
125247
125248
125249
125250
125251
125252
125253
125254
125255
125256
125257
125258
125259
125260
125261
125262
125264
125265
125266
125267
125268
125269
125270
125275
125276
125277
125278
125279
125280
125281
125283
125284
125285
125286
125287
125288
125289
125291
125293
125294
125295
125296
125298
125299
125300
125301
125302
125303
125305
125306
125307
125308
125310
125311
125312
125315
125316
125317
125318
125319
125320
125321
125323
125324
125327
125330
125332
125333
125334
125335
125337
125338
125340
125341
125343
125344
125345
125346
125348
125349
125352
125353
125354
125355
125356
125357
125358
125359
125360
125361
125362
125363
125364
125365
125366
125367
125368
125369
125370
125371
125372
125374
125375
125376
125377
125378
125379
125380
125381
125382
125383
125384
125385
125386
125388
125389
125391
125392
125393
125394
125395
125398
125401
125402
125403
125406
125407
125408
125409
125410
125411
125412
125413
125414
125415
125416
125417
125418
125421
125422
125423
125424
125425
125426
125428
125429
125430
125432
125433
125435
125436
125437
125438
125439
125441
125442
125443
125444
125447
125448
125449
125450
125451
125452
125454
125455
125456
125457
125461
125462
125463
125464
125465
125466
125467
125468
125469
125470
125471
125472
125473
125474
125475
125477
125478
125479
125480
125481
125484
125485
125486
125487
125489
125492
125494
125496
125497
125499
125501
125502
125506
125508
125509
125510
125511
125512
125513
125514
125515
125517
125519
125520
125523
125525
125526
125527
125529
125530
125531
125532
125533
125535
125536
125537
125538
125540
125541
125542
125544
125546
125548
125549
125550
125551
125552
125553
125554
125555
125556
125557
125558
125559
125561
125563
125564
125565
125566
125567
125568
125569
125571
125572
125573
125575
125576
125577
125579
125580
125581
125582
125583
125584
125585
125586
125587
125588
125589
125590
125591
125592
125593
125594
125595
125596
125597
125598
125600
125601
125602
125603
125604
125606
125607
125611
125613
125614
125615
125616
125617
125620
125621
125623
125624
125625
125626
125627
125628
125631
125632
125633
125634
125635
125637
125638
125640
125641
125643
125644
125645
125646
125648
125649
125650
125651
125652
125653
125655
125656
125658
125659
125660
125661
125662
125663
125664
125666
125667
125668
125669
125670
125671
125672
125673
125675
125676
125677
125678
125680
125681
125683
125685
125686
125687
125688
125689
125690
125691
125692
125693
125695
125696
125697
125698
125699
125701
125702
125704
125705
125706
125707
125710
125711
125712
125713
125714
125715
125716
125717
125718
125719
125721
125723
125724
125725
125727
125728
125729
125730
125731
125732
125733
125735
125736
125738
125739
125740
125741
125742
125743
125744
125745
125746
125747
125748
125750
125751
125752
125753
125754
125755
125756
125759
125760
125761
125762
125763
125764
125765
125766
125767
125768
125769
125770
125771
125772
125774
125776
125777
125778
125779
125780
125781
125782
125783
125784
125786
125788
125789
125790
125791
125792
125795
125796
125798
125799
125803
125804
125805
125806
125808
125809
125810
125811
125812
125814
125815
125816
125817
125818
125821
125822
125823
125824
125825
125826
125827
125828
125829
125830
125831
125832
125833
125835
125836
125837
125839
125840
125841
125842
125845
125846
125847
125848
125849
125852
125853
125854
125855
125856
125857
125858
125860
125862
125863
125864
125865
125866
125868
125869
125870
125871
125873
125874
125875
125876
125878
125879
125880
125881
125882
125884
125885
125886
125887
125888
125890
125892
125893
125894
125895
125896
125897
125898
125899
125900
125903
125904
125905
125906
125907
125909
125910
125911
125913
125914
125915
125916
125917
125919
125920
125921
125923
125925
125926
125927
125930
125931
125934
125935
125938
125940
125941
125943
125945
125946
125948
125949
125950
125951
125954
125955
125956
125957
125958
125959
125960
125961
125963
125964
125966
125967
125968
125969
125970
125971
125973
125974
125976
125979
125980
125981
125982
125983
125984
125985
125986
125987
125989
125990
125992
125994
125996
125997
125998
125999
126000
126001
126003
126006
126008
126009
126010
126011
126012
126013
126015
126016
126018
126021
126022
126023
126024
126025
126027
126028
126030
126031
126033
126035
126036
126037
126039
126040
126042
126043
126044
126045
126047
126048
126049
126050
126052
126055
126056
126058
126059
126060
126061
126062
126064
126065
126066
126068
126069
126070
126072
126073
126075
126077
126078
126079
126080
126082
126084
126085
126087
126088
126089
126090
126092
126093
126095
126096
126099
126100
126104
126105
126107
126108
126109
126113
126114
126115
126116
126117
126118
126119
126120
126121
126122
126123
126124
126125
126127
126128
126129
126131
126133
126135
126136
126137
126138
126139
126140
126141
126142
126144
126145
126147
126150
126151
126152
126153
126156
126157
126158
126160
126161
126162
126163
126165
126167
126169
126170
126171
126172
126173
126174
126176
126177
126178
126179
126181
126182
126183
126184
126185
126186
126187
126188
126189
126190
126191
126192
126193
126194
126195
126196
126198
126199
126200
126201
126202
126205
126207
126209
126210
126211
126212
126213
126214
126215
126216
126218
126220
126221
126223
126224
126225
126227
126228
126229
126232
126233
126234
126236
126237
126238
126239
126240
126241
126242
126243
126244
126245
126246
126247
126248
126250
126251
126252
126253
126254
126255
126256
126257
126258
126260
126264
126265
126266
126267
126268
126269
126270
126271
126275
126276
126277
126278
126279
126280
126281
126282
126283
126286
126287
126288
126289
126290
126291
126293
126294
126295
126296
126297
126298
126299
126301
126302
126303
126305
126306
126307
126308
126309
126310
126312
126314
126315
126317
126320
126322
126324
126325
126327
126329
126330
126331
126333
126334
126336
126337
126339
126340
126342
126343
126344
126345
126346
126347
126348
126351
126353
126354
126355
126357
126358
126359
126360
126362
126364
126365
126367
126368
126369
126370
126371
126372
126373
126374
126375
126376
126377
126378
126380
126381
126382
126383
126384
126386
126387
126389
126390
126394
126395
126397
126400
126402
126403
126404
126405
126406
126407
126408
126409
126412
126417
126418
126419
126420
126421
126422
126423
126424
126425
126426
126427
126428
126429
126430
126431
126438
126440
126442
126444
126445
126446
126447
126448
126449
126451
126452
126453
126454
126455
126456
126458
126459
126460
126461
126462
126463
126464
126466
126467
126468
126469
126472
126473
126475
126476
126477
126481
126482
126483
126484
126487
126488
126491
126492
126497
126500
126501
126502
126503
126506
126507
126508
126509
126511
126512
126513
126514
126515
126516
126518
126519
126520
126522
126523
126524
126525
126526
126528
126529
126530
126531
126533
126534
126535
126537
126538
126539
126540
126541
126544
126545
126546
126547
126548
126551
126552
126553
126554
126558
126560
126562
126563
126564
126565
126566
126567
126568
126570
126573
126574
126575
126576
126579
126581
126582
126584
126585
126587
126589
126590
126591
126592
126594
126595
126597
126598
126599
126600
126602
126604
126606
126608
126610
126611
126612
126613
126615
126616
126617
126618
126621
126623
126624
126625
126626
126627
126628
126629
126631
126632
126633
126634
126635
126636
126637
126639
126641
126644
126645
126646
126648
126652
126653
126654
126655
126656
126657
126658
126660
126661
126662
126664
126665
126668
126670
126671
126672
126673
126674
126680
126681
126683
126685
126686
126689
126690
126691
126692
126693
126694
126695
126696
126698
126701
126702
126703
126705
126706
126707
126708
126714
126715
126716
126718
126720
126721
126723
126729
126730
126731
126732
126736
126737
126738
126740
126743
126745
126746
126747
126749
126750
126753
126754
126759
126760
126763
126764
126765
126766
126767
126768
126769
126770
126771
126772
126773
126774
126775
126777
126778
126779
126780
126782
126784
126785
126788
126789
126793
126794
126795
126796
126797
126798
126801
126802
126803
126804
126805
126807
126809
126810
126811
126812
126813
126815
126817
126818
126820
126821
126822
126823
126824
126825
126826
126827
126828
126830
126831
126832
126833
126834
126835
126836
126837
126838
126840
126841
126842
126843
126845
126847
126848
126849
126850
126851
126852
126853
126854
126855
126856
126857
126858
126859
126860
126863
126864
126866
126867
126869
126870
126872
126873
126874
126875
126876
126877
126878
126880
126881
126883
126884
126885
126886
126887
126888
126890
126892
126893
126894
126895
126896
126897
126899
126900
126901
126903
126904
126906
126908
126909
126910
126911
126912
126913
126915
126916
126917
126918
126919
126920
126921
126923
126924
126926
126927
126928
126930
126931
126932
126933
126935
126936
126937
126939
126940
126941
126944
126946
126948
126950
126951
126952
126953
126954
126955
126956
126959
126960
126961
126962
126963
126964
126967
126968
126969
126970
126971
126972
126973
126974
126976
126980
126982
126984
126985
126986
126988
126989
126990
126991
126992
126993
126994
126995
126996
126997
126998
126999
127000
127001
127002
127003
127004
127005
127006
127011
127012
127013
127014
127015
127018
127021
127023
127024
127025
127026
127027
127028
127029
127030
127031
127034
127035
127036
127037
127038
127039
127041
127042
127043
127045
127047
127048
127049
127050
127052
127054
127055
127056
127057
127059
127063
127066
127068
127069
127070
127071
127072
127073
127074
127075
127076
127077
127078
127079
127080
127081
127082
127084
127086
127087
127088
127089
127090
127092
127093
127094
127095
127098
127099
127100
127101
127103
127104
127105
127106
127107
127108
127109
127110
127112
127113
127114
127116
127118
127119
127120
127121
127123
127124
127126
127127
127129
127130
127131
127132
127134
127135
127136
127137
127138
127140
127141
127142
127143
127144
127145
127147
127148
127150
127151
127152
127154
127155
127157
127158
127159
127161
127162
127163
127167
127169
127170
127172
127173
127174
127175
127176
127177
127178
127179
127180
127181
127182
127183
127184
127186
127188
127191
127192
127194
127195
127196
127197
127198
127199
127200
127201
127202
127203
127204
127205
127206
127207
127208
127209
127210
127211
127212
127213
127214
127216
127217
127218
127219
127220
127222
127223
127225
127226
127228
127229
127230
127234
127235
127236
127237
127238
127239
127241
127242
127243
127244
127245
127247
127248
127249
127250
127251
127253
127254
127256
127257
127258
127259
127260
127261
127262
127263
127264
127265
127267
127268
127269
127270
127271
127272
127274
127275
127276
127277
127280
127281
127282
127286
127287
127288
127292
127296
127297
127298
127299
127301
127302
127308
127310
127312
127313
127314
127315
127316
127317
127318
127319
127320
127323
127324
127325
127326
127327
127328
127329
127330
127331
127333
127334
127337
127338
127341
127342
127343
127344
127345
127346
127347
127348
127349
127350
127351
127352
127353
127354
127355
127356
127357
127358
127359
127360
127361
127362
127363
127364
127365
127370
127371
127372
127373
127374
127375
127379
127380
127381
127382
127385
127386
127387
127388
127389
127390
127391
127392
127393
127394
127395
127396
127398
127399
127400
127401
127402
127403
127405
127406
127407
127408
127410
127411
127412
127413
127414
127415
127417
127419
127420
127421
127422
127424
127425
127426
127429
127430
127431
127432
127434
127435
127436
127440
127441
127442
127444
127445
127446
127448
127452
127453
127454
127456
127457
127462
127463
127464
127465
127467
127468
127472
127473
127475
127476
127479
127480
127481
127482
127483
127484
127486
127488
127489
127491
127492
127493
127494
127495
127496
127498
127499
127504
127505
127506
127507
127510
127511
127512
127515
127517
127519
127522
127524
127525
127526
127527
127528
127529
127531
127533
127535
127536
127537
127543
127544
127545
127548
127549
127552
127553
127554
127555
127556
127557
127560
127562
127564
127566
127567
127568
127569
127572
127574
127575
127577
127578
127579
127580
127581
127582
127584
127585
127587
127588
127589
127591
127592
127594
127595
127596
127598
127599
127600
127601
127602
127603
127604
127606
127607
127610
127612
127614
127615
127616
127618
127619
127620
127621
127622
127623
127624
127625
127626
127627
127628
127630
127631
127633
127634
127635
127636
127637
127638
127640
127641
127642
127643
127646
127647
127648
127649
127651
127654
127655
127656
127657
127661
127662
127663
127664
127665
127667
127668
127670
127671
127672
127673
127674
127675
127676
127678
127679
127680
127681
127682
127683
127684
127687
127688
127689
127690
127691
127692
127694
127695
127697
127698
127700
127701
127702
127703
127704
127705
127706
127707
127708
127710
127711
127712
127713
127714
127715
127716
127717
127718
127720
127721
127723
127724
127725
127727
127728
127729
127730
127731
127732
127733
127734
127736
127737
127738
127739
127742
127743
127744
127745
127747
127748
127749
127750
127751
127752
127753
127755
127757
127760
127762
127764
127766
127767
127768
127769
127770
127771
127772
127773
127774
127775
127776
127778
127779
127780
127781
127782
127785
127787
127789
127790
127791
127792
127793
127794
127795
127796
127797
127798
127799
127800
127801
127802
127804
127805
127806
127807
127808
127809
127810
127811
127813
127814
127815
127816
127817
127818
127819
127820
127821
127822
127823
127824
127826
127827
127828
127830
127832
127833
127834
127837
127838
127839
127840
127841
127842
127843
127844
127845
127847
127848
127849
127850
127853
127855
127856
127857
127858
127859
127860
127861
127862
127863
127864
127866
127870
127872
127874
127875
127876
127877
127878
127879
127880
127882
127884
127885
127886
127887
127888
127889
127891
127892
127893
127894
127895
127897
127898
127899
127900
127901
127902
127903
127904
127905
127906
127907
127908
127909
127910
127911
127912
127914
127915
127916
127917
127918
127921
127922
127923
127924
127925
127926
127927
127928
127929
127930
127931
127933
127934
127935
127936
127939
127941
127942
127943
127944
127945
127946
127947
127948
127949
127950
127951
127952
127953
127954
127955
127956
127957
127958
127961
127962
127963
127964
127965
127967
127969
127970
127972
127974
127975
127978
127979
127980
127981
127983
127984
127985
127986
127987
127990
127991
127992
127993
127994
127998
128000
128001
128002
128003
128004
128005
128009
128010
128011
128012
128013
128014
128016
128017
128018
128019
128020
128022
128023
128024
128025
128026
128028
128029
128030
128031
128032
128033
128035
128036
128037
128039
128040
128041
128042
128043
128044
128047
128048
128049
128050
128052
128053
128054
128055
128056
128057
128059
128060
128061
128062
128065
128067
128068
128070
128071
128072
128074
128075
128076
128077
128078
128080
128081
128083
128084
128086
128087
128088
128089
128090
128091
128092
128094
128096
128098
128099
128102
128104
128105
128106
128107
128109
128110
128111
128113
128114
128115
128116
128117
128118
128119
128121
128122
128123
128124
128127
128128
128130
128131
128132
128134
128135
128136
128138
128139
128140
128141
128143
128145
128147
128149
128150
128152
128153
128154
128155
128156
128157
128159
128160
128161
128162
128163
128164
128165
128166
128167
128171
128172
128173
128174
128175
128176
128177
128178
128179
128180
128182
128183
128184
128185
128188
128189
128190
128191
128192
128193
128194
128197
128198
128201
128203
128204
128205
128206
128207
128208
128209
128210
128212
128213
128215
128216
128217
128221
128222
128223
128225
128227
128228
128229
128230
128231
128233
128234
128235
128236
128239
128240
128242
128243
128245
128247
128249
128253
128255
128257
128259
128260
128261
128263
128265
128266
128268
128271
128273
128274
128275
128276
128278
128279
128280
128282
128284
128285
128287
128288
128289
128291
128295
128296
128298
128300
128302
128303
128304
128306
128307
128308
128309
128310
128312
128313
128314
128315
128316
128317
128318
128319
128320
128321
128322
128323
128324
128329
128331
128332
128334
128336
128337
128338
128339
128340
128342
128343
128344
128345
128347
128348
128349
128350
128351
128352
128353
128354
128356
128358
128359
128361
128362
128363
128364
128365
128366
128367
128368
128369
128370
128371
128373
128374
128375
128376
128377
128378
128379
128380
128382
128384
128385
128386
128387
128389
128390
128392
128393
128395
128396
128397
128398
128399
128400
128403
128405
128406
128407
128408
128409
128410
128411
128413
128414
128416
128417
128419
128420
128421
128423
128425
128426
128427
128428
128429
128430
128431
128433
128434
128435
128436
128438
128439
128440
128441
128442
128443
128444
128445
128447
128448
128449
128450
128451
128452
128453
128454
128456
128457
128458
128459
128460
128461
128462
128464
128466
128468
128471
128472
128473
128474
128475
128476
128478
128479
128480
128481
128482
128483
128484
128485
128487
128488
128490
128491
128492
128493
128494
128495
128496
128497
128498
128500
128501
128502
128503
128504
128505
128506
128507
128508
128509
128510
128511
128512
128514
128515
128517
128518
128519
128520
128521
128523
128524
128526
128529
128531
128533
128534
128535
128536
128537
128538
128539
128540
128543
128544
128545
128547
128548
128550
128551
128552
128553
128555
128556
128559
128560
128563
128564
128565
128566
128567
128568
128569
128570
128572
128574
128575
128576
128577
128579
128580
128582
128583
128584
128585
128586
128587
128588
128589
128590
128592
128595
128598
128599
128600
128601
128602
128604
128607
128608
128610
128611
128612
128614
128615
128616
128618
128620
128621
128622
128624
128629
128630
128632
128633
128634
128636
128637
128640
128642
128643
128645
128646
128648
128649
128650
128652
128653
128654
128655
128656
128657
128659
128660
128661
128662
128663
128664
128665
128666
128667
128668
128669
128670
128671
128672
128673
128675
128677
128679
128680
128681
128686
128687
128688
128689
128691
128692
128693
128694
128695
128696
128697
128698
128699
128700
128701
128702
128704
128705
128706
128707
128709
128712
128713
128714
128715
128716
128717
128718
128719
128720
128722
128723
128724
128725
128727
128728
128729
128731
128732
128733
128735
128736
128737
128738
128739
128740
128741
128742
128746
128747
128749
128750
128752
128753
128756
128758
128759
128760
128762
128763
128764
128765
128767
128768
128772
128773
128774
128775
128776
128777
128778
128780
128781
128782
128783
128784
128785
128786
128788
128789
128790
128791
128792
128793
128794
128796
128797
128798
128800
128801
128802
128803
128806
128809
128811
128812
128814
128816
128819
128820
128821
128822
128823
128824
128825
128826
128827
128830
128831
128832
128833
128834
128836
128837
128838
128839
128840
128844
128845
128848
128849
128850
128851
128852
128854
128855
128856
128857
128859
128860
128861
128865
128866
128868
128869
128870
128871
128872
128873
128874
128875
128876
128877
