276944
276945
276946
276947
276948
276949
276950
276951
276952
276955
276956
276957
276958
276959
276960
276962
276963
276964
276965
276968
276970
276972
276973
276974
276975
276977
276978
276979
276980
276981
276982
276983
276984
276985
276986
276987
276989
276991
276992
276996
276997
276998
276999
277000
277001
277002
277003
277004
277005
277007
277009
277010
277011
277013
277015
277016
277017
277018
277019
277020
277021
277023
277024
277026
277027
277028
277029
277030
277031
277032
277033
277035
277036
277037
277041
277042
277043
277044
277045
277046
277047
277048
277049
277050
277054
277055
277058
277059
277061
277062
277064
277065
277066
277067
277070
277071
277072
277073
277074
277075
277076
277079
277082
277086
277088
277089
277090
277091
277092
277093
277094
277095
277097
277098
277099
277100
277101
277103
277104
277106
277107
277108
277109
277113
277114
277115
277117
277118
277119
277120
277121
277122
277124
277125
277126
277128
277129
277130
277131
277132
277134
277136
277140
277141
277143
277144
277145
277146
277147
277148
277149
277150
277151
277152
277154
277156
277157
277158
277159
277160
277161
277163
277164
277166
277168
277170
277173
277174
277175
277176
277177
277179
277180
277181
277183
277184
277185
277186
277187
277188
277189
277190
277191
277192
277193
277194
277195
277196
277197
277198
277199
277200
277201
277202
277203
277204
277205
277207
277208
277209
277212
277213
277214
277215
277217
277218
277220
277222
277223
277224
277225
277226
277227
277228
277229
277230
277231
277232
277233
277235
277236
277237
277239
277244
277245
277246
277247
277248
277249
277250
277251
277252
277253
277254
277255
277257
277258
277259
277260
277262
277263
277264
277265
277266
277267
277268
277269
277270
277272
277273
277274
277276
277277
277278
277282
277284
277285
277286
277289
277290
277291
277292
277294
277296
277297
277300
277301
277303
277304
277306
277307
277308
277309
277310
277311
277312
277313
277316
277318
277319
277320
277321
277323
277324
277326
277327
277330
277331
277332
277333
277334
277337
277338
277339
277340
277341
277342
277343
277344
277346
277347
277348
277349
277351
277352
277353
277354
277356
277358
277360
277361
277362
277364
277365
277366
277368
277370
277371
277372
277373
277374
277375
277377
277378
277381
277382
277383
277384
277385
277386
277388
277391
277393
277395
277396
277397
277398
277399
277400
277401
277402
277403
277404
277405
277406
277407
277408
277409
277410
277411
277412
277413
277414
277416
277417
277419
277421
277422
277423
277424
277425
277426
277428
277429
277430
277431
277432
277433
277439
277441
277444
277445
277446
277447
277449
277450
277451
277452
277453
277455
277456
277457
277459
277460
277461
277462
277464
277465
277466
277467
277468
277469
277470
277471
277472
277474
277476
277477
277478
277480
277481
277482
277483
277484
277486
277489
277490
277492
277493
277494
277495
277497
277498
277499
277500
277501
277502
277504
277505
277506
277507
277508
277510
277512
277513
277514
277516
277517
277518
277519
277523
277528
277531
277532
277533
277534
277537
277538
277539
277540
277541
277542
277543
277544
277545
277546
277547
277548
277550
277553
277554
277555
277556
277557
277558
277559
277560
277561
277562
277563
277566
277567
277568
277569
277571
277573
277574
277575
277576
277578
277580
277582
277583
277584
277586
277587
277588
277589
277590
277591
277592
277593
277594
277596
277598
277599
277600
277601
277602
277603
277604
277605
277606
277608
277610
277611
277612
277613
277614
277618
277619
277620
277621
277622
277623
277624
277625
277626
277627
277628
277630
277631
277632
277633
277635
277636
277637
277640
277642
277643
277645
277648
277649
277651
277652
277653
277655
277657
277659
277661
277662
277663
277664
277666
277670
277671
277672
277673
277676
277677
277678
277679
277680
277681
277682
277684
277686
277689
277691
277692
277695
277696
277698
277699
277700
277702
277704
277705
277706
277707
277710
277712
277714
277715
277717
277721
277722
277724
277725
277727
277729
277730
277731
277734
277735
277737
277738
277739
277741
277742
277743
277744
277745
277746
277750
277751
277752
277755
277756
277757
277758
277759
277760
277762
277764
277765
277766
277769
277770
277771
277772
277774
277776
277777
277778
277781
277782
277784
277785
277791
277795
277797
277798
277799
277800
277801
277802
277803
277805
277806
277807
277808
277811
277812
277813
277814
277815
277817
277820
277821
277823
277824
277827
277829
277831
277832
277835
277837
277838
277839
277842
277844
277846
277848
277849
277850
277851
277852
277854
277855
277856
277857
277859
277860
277861
277863
277864
277865
277866
277867
277869
277870
277871
277872
277874
277875
277876
277877
277878
277881
277882
277883
277884
277885
277886
277887
277888
277889
277891
277892
277893
277894
277897
277898
277899
277900
277901
277902
277904
277905
277906
277907
277911
277912
277914
277915
277916
277917
277918
277919
277920
277921
277926
277927
277928
277929
277931
277933
277934
277935
277936
277937
277938
277939
277942
277943
277945
277946
277947
277948
277950
277951
277952
277953
277954
277956
277957
277959
277960
277961
277962
277963
277964
277965
277966
277967
277968
277969
277970
277971
277972
277973
277974
277975
277976
277977
277978
277980
277981
277982
277984
277985
277986
277987
277988
277989
277990
277991
277992
277993
277994
277995
277996
277997
277998
277999
278000
278001
278002
278003
278004
278005
278006
278007
278008
278009
278010
278011
278013
278015
278016
278017
278018
278019
278020
278023
278024
278026
278027
278029
278030
278031
278033
278034
278035
278036
278039
278040
278041
278042
278043
278044
278045
278046
278048
278049
278050
278051
278052
278054
278055
278056
278057
278058
278059
278061
278062
278063
278064
278065
278066
278067
278071
278072
278074
278075
278076
278078
278079
278081
278082
278083
278084
278085
278086
278087
278089
278091
278092
278093
278094
278095
278096
278097
278098
278099
278100
278101
278102
278103
278104
278106
278108
278109
278110
278111
278112
278114
278116
278119
278120
278121
278122
278123
278125
278126
278127
278128
278129
278130
278131
278132
278134
278135
278136
278137
278139
278140
278141
278142
278146
278147
278149
278150
278151
278153
278154
278157
278161
278164
278166
278170
278171
278172
278173
278174
278175
278181
278182
278183
278185
278186
278188
278191
278192
278193
278194
278195
278196
278197
278199
278200
278201
278203
278205
278206
278207
278209
278210
278211
278212
278213
278214
278215
278221
278222
278223
278225
278226
278228
278229
278230
278232
278233
278234
278236
278237
278239
278240
278241
278242
278243
278246
278248
278249
278250
278253
278254
278257
278258
278261
278262
278266
278267
278268
278269
278270
278271
278272
278273
278275
278276
278277
278278
278279
278280
278281
278282
278283
278284
278286
278287
278288
278289
278290
278292
278293
278294
278295
278297
278298
278299
278300
278301
278302
278303
278306
278309
278312
278313
278314
278315
278317
278318
278320
278322
278323
278325
278326
278329
278330
278331
278332
278333
278335
278336
278337
278339
278342
278343
278344
278345
278347
278348
278349
278350
278352
278355
278356
278357
278358
278359
278360
278363
278364
278365
278366
278367
278368
278369
278371
278372
278373
278375
278376
278377
278379
278380
278382
278383
278384
278385
278387
278388
278389
278390
278392
278393
278394
278395
278397
278399
278400
278401
278402
278403
278404
278405
278406
278409
278410
278414
278415
278416
278418
278421
278423
278424
278425
278426
278427
278428
278429
278430
278431
278438
278440
278441
278442
278443
278446
278447
278448
278451
278452
278453
278455
278457
278458
278459
278460
278461
278462
278463
278467
278468
278469
278470
278472
278473
278474
278477
278481
278482
278483
278484
278485
278486
278487
278488
278489
278491
278492
278493
278494
278495
278496
278497
278498
278499
278500
278501
278503
278504
278506
278508
278509
278510
278511
278512
278513
278514
278515
278517
278518
278521
278522
278523
278525
278526
278527
278528
278529
278530
278533
278534
278535
278536
278537
278538
278539
278540
278541
278542
278543
278544
278545
278546
278547
278549
278551
278552
278553
278555
278556
278559
278561
278564
278566
278567
278568
278569
278570
278573
278574
278575
278577
278578
278579
278580
278582
278583
278584
278585
278586
278589
278590
278594
278596
278597
278598
278599
278600
278601
278602
278603
278604
278606
278607
278608
278609
278610
278611
278612
278613
278614
278615
278616
278617
278618
278619
278620
278621
278622
278624
278625
278627
278628
278629
278630
278631
278633
278635
278636
278637
278638
278639
278641
278642
278643
278645
278646
278648
278649
278651
278652
278653
278659
278660
278661
278662
278664
278665
278668
278669
278670
278671
278672
278673
278674
278675
278677
278679
278680
278682
278683
278684
278685
278687
278688
278689
278690
278691
278692
278693
278694
278695
278696
278697
278698
278699
278704
278705
278708
278710
278711
278712
278713
278714
278715
278716
278718
278720
278721
278723
278724
278725
278726
278727
278729
278731
278732
278733
278734
278735
278736
278737
278738
278739
278740
278742
278743
278744
278745
278747
278749
278751
278753
278754
278755
278756
278759
278761
278762
278763
278765
278766
278767
278768
278769
278773
278774
278775
278776
278779
278780
278781
278782
278784
278785
278786
278787
278788
278790
278791
278792
278794
278795
278796
278798
278799
278800
278801
278802
278803
278804
278806
278808
278809
278813
278814
278815
278816
278818
278821
278822
278823
278825
278826
278827
278828
278829
278830
278831
278832
278833
278835
278836
278837
278838
278839
278840
278841
278842
278843
278844
278845
278846
278849
278851
278853
278854
278855
278858
278859
278860
278865
278866
278867
278868
278869
278871
278874
278875
278876
278877
278879
278880
278881
278882
278883
278885
278886
278888
278890
278891
278892
278893
278894
278895
278896
278897
278898
278899
278900
278902
278903
278904
278905
278907
278908
278910
278911
278914
278916
278917
278918
278919
278920
278921
278923
278925
278926
278927
278928
278929
278931
278933
278934
278935
278936
278937
278938
278940
278942
278944
278945
278946
278947
278948
278953
278954
278955
278956
278957
278958
278959
278961
278962
278963
278964
278966
278967
278968
278971
278972
278973
278974
278975
278976
278977
278978
278979
278980
278981
278982
278983
278987
278988
278990
278996
278998
278999
279000
279001
279004
279005
279006
279007
279008
279009
279010
279011
279012
279015
279016
279017
279018
279019
279020
279021
279022
279023
279024
279026
279027
279028
279029
279032
279033
279034
279035
279037
279038
279039
279040
279041
279042
279043
279044
279045
279046
279047
279048
279049
279050
279051
279053
279054
279055
279057
279058
279060
279061
279062
279064
279065
279066
279067
279068
279069
279070
279071
279072
279073
279074
279075
279077
279078
279079
279082
279084
279086
279087
279089
279090
279091
279093
279095
279096
279097
279098
279101
279102
279103
279104
279105
279106
279107
279109
279110
279112
279113
279114
279115
279116
279117
279121
279122
279123
279124
279125
279126
279127
279129
279130
279131
279133
279135
279136
279137
279139
279140
279141
279143
279145
279146
279147
279148
279150
279151
279152
279153
279154
279155
279156
279157
279158
279159
279161
279162
279163
279164
279165
279167
279168
279171
279174
279175
279176
279178
279179
279180
279181
279182
279183
279184
279185
279186
279187
279189
279191
279192
279193
279194
279195
279196
279197
279199
279200
279201
279202
279203
279205
279207
279208
279210
279211
279215
279216
279217
279218
279219
279220
279221
279222
279224
279225
279226
279227
279229
279230
279231
279235
279236
279237
279238
279239
279240
279242
279243
279244
279245
279246
279247
279248
279249
279250
279251
279252
279254
279255
279257
279258
279260
279261
279262
279263
279264
279266
279267
279268
279269
279270
279272
279273
279274
279275
279276
279277
279279
279280
279281
279284
279285
279287
279288
279289
279290
279291
279295
279297
279298
279299
279300
279301
279302
279304
279305
279306
279307
279308
279310
279311
279312
279313
279314
279315
279316
279317
279320
279323
279324
279325
279327
279328
279329
279330
279333
279336
279337
279338
279339
279340
279341
279342
279343
279344
279346
279347
279348
279349
279350
279351
279352
279355
279356
279357
279358
279359
279360
279361
279362
279363
279364
279365
279367
279369
279371
279372
279375
279376
279378
279380
279381
279382
279383
279384
279385
279388
279389
279390
279391
279392
279393
279394
279395
279396
279398
279399
279400
279401
279403
279404
279405
279407
279408
279409
279410
279411
279412
279416
279417
279418
279419
279420
279421
279422
279423
279424
279425
279426
279427
279428
279429
279431
279432
279433
279434
279435
279437
279438
279439
279440
279441
279442
279443
279446
279447
279448
279449
279450
279452
279453
279454
279457
279459
279460
279464
279467
279468
279470
279471
279472
279473
279475
279476
279479
279480
279481
279482
279483
279485
279486
279488
279489
279490
279491
279494
279495
279496
279497
279498
279501
279503
279504
279505
279506
279507
279512
279513
279514
279515
279516
279518
279519
279520
279521
279522
279523
279524
279525
279526
279527
279529
279530
279532
279534
279535
279537
279538
279539
279544
279545
279547
279548
279550
279551
279552
279553
279554
279555
279556
279559
279560
279562
279565
279566
279567
279571
279573
279574
279575
279576
279577
279578
279579
279580
279582
279583
279584
279587
279588
279590
279591
279592
279593
279595
279596
279597
279600
279601
279604
279605
279606
279607
279608
279609
279610
279611
279612
279613
279614
279615
279616
279617
279618
279620
279621
279622
279623
279624
279626
279628
279629
279630
279631
279632
279633
279634
279635
279636
279637
279638
279640
279641
279642
279643
279644
279645
279647
279648
279649
279650
279651
279652
279653
279655
279657
279658
279659
279662
279664
279665
279666
279667
279668
279669
279672
279674
279675
279676
279677
279679
279680
279681
279682
279683
279684
279685
279686
279687
279688
279690
279691
279694
279695
279696
279697
279698
279699
279700
279701
279703
279704
279705
279707
279708
279709
279713
279714
279716
279717
279718
279719
279720
279721
279722
279723
279724
279725
279726
279727
279728
279729
279730
279731
279732
279733
279734
279736
279738
279740
279741
279742
279743
279746
279748
279749
279750
279751
279752
279753
279754
279758
279759
279760
279761
279762
279763
279764
279765
279766
279767
279769
279771
279772
279773
279774
279775
279777
279778
279779
279781
279782
279784
279786
279788
279789
279790
279791
279792
279793
279794
279795
279796
279797
279800
279801
279802
279804
279805
279806
279808
279809
279811
279812
279814
279817
279818
279819
279820
279821
279824
279825
279826
279827
279828
279829
279830
279831
279832
279835
279836
279837
279838
279840
279841
279842
279844
279845
279846
279852
279853
279854
279855
279856
279858
279859
279861
279863
279865
279867
279868
279869
279870
279871
279872
279875
279876
279877
279879
279881
279882
279883
279886
279887
279890
279891
279892
279893
279894
279896
279897
279898
279899
279900
279901
279902
279903
279904
279906
279907
279908
279910
279911
279912
279916
279917
279918
279919
279920
279921
279922
279925
279928
279930
279932
279933
279935
279936
279938
279939
279940
279944
279945
279946
279949
279950
279951
279954
279955
279956
279958
279961
279963
279964
279965
279966
279968
279969
279970
279971
279972
279973
279974
279975
279977
279979
279980
279982
279983
279985
279987
279988
279989
279990
279991
279992
279993
279996
279997
279998
279999
280000
280001
280004
280006
280008
280009
280011
280014
280015
280019
280020
280021
280023
280024
280025
280026
280027
280029
280031
280035
280037
280038
280039
280040
280041
280043
280044
280045
280046
280047
280049
280050
280051
280053
280054
280055
280057
280059
280060
280061
280062
280063
280064
280065
280066
280067
280068
280069
280071
280073
280075
280076
280078
280079
280080
280081
280082
280083
280084
280085
280086
280087
280088
280089
280090
280091
280093
280094
280095
280096
280097
280098
280099
280100
280101
280102
280104
280105
280106
280107
280108
280109
280110
280112
280113
280114
280115
280116
280118
280119
280120
280122
280124
280127
280130
280131
280132
280133
280134
280135
280137
280139
280140
280141
280143
280144
280145
280147
280150
280153
280154
280156
280157
280159
280160
280161
280162
280163
280164
280165
280168
280169
280171
280172
280173
280174
280175
280176
280177
280179
280180
280182
280184
280185
280186
280187
280188
280190
280191
280192
280193
280194
280195
280197
280198
280199
280200
280201
280204
280205
280206
280207
280208
280210
280211
280212
280213
280214
280215
280216
280217
280219
280220
280221
280222
280223
280224
280226
280227
280228
280229
280230
280231
280232
280233
280234
280235
280236
280237
280238
280239
280240
280242
280243
280245
280246
280247
280248
280249
280250
280251
280253
280254
280255
280256
280257
280258
280260
280261
280262
280263
280264
280265
280267
280269
280270
280271
280274
280275
280276
280277
280278
280279
280280
280281
280284
280285
280286
280288
280290
280291
280292
280294
280295
280297
280298
280300
280301
280303
280304
280306
280310
280311
280312
280313
280314
280315
280316
280317
280318
280320
280321
280322
280323
280324
280325
280326
280328
280329
280331
280332
280333
280334
280336
280338
280341
280342
280343
280345
280346
280349
280352
280353
280354
280355
280356
280357
280358
280359
280360
280364
280365
280367
280368
280369
280370
280371
280373
280374
280375
280376
280377
280378
280379
280380
280381
280383
280387
280390
280392
280393
280394
280395
280397
280400
280401
280402
280403
280406
280407
280408
280409
280410
280411
280412
280413
280414
280415
280417
280418
280419
280420
280421
280422
280424
280425
280426
280427
280428
280431
280432
280433
280434
280435
280437
280440
280441
280444
280445
280446
280447
280449
280450
280451
280452
280453
280454
280455
280456
280457
280459
280460
280461
280462
280463
280464
280465
280466
280467
280468
280469
280470
280471
280472
280473
280474
280475
280476
280477
280478
280479
280482
280483
280484
280485
280486
280487
280488
280489
280490
280493
280496
280498
280499
280504
280505
280507
280510
280512
280513
280514
280516
280517
280518
280519
280520
280521
280523
280526
280527
280528
280529
280530
280531
280532
280536
280537
280538
280543
280544
280545
280546
280550
280551
280553
280554
280555
280556
280557
280558
280559
280560
280561
280564
280565
280566
280569
280570
280571
280572
280573
280574
280575
280576
280578
280579
280580
280581
280582
280583
280584
280585
280586
280587
280589
280591
280592
280594
280595
280596
280598
280599
280600
280601
280602
280603
280609
280610
280613
280616
280617
280618
280619
280620
280622
280623
280625
280628
280629
280630
280631
280633
280634
280636
280638
280641
280642
280643
280645
280647
280650
280651
280653
280654
280659
280661
280664
280666
280667
280668
280669
280670
280671
280672
280673
280674
280675
280676
280677
280679
280682
280683
280685
280686
280687
280692
280693
280696
280697
280698
280699
280700
280701
280702
280704
280705
280707
280708
280710
280711
280714
280715
280717
280719
280720
280721
280722
280726
280729
280730
280732
280735
280736
280737
280739
280741
280744
280745
280746
280747
280749
280750
280751
280752
280753
280754
280755
280756
280757
280758
280759
280760
280761
280762
280763
280764
280766
280767
280772
280773
280774
280776
280777
280778
280779
280780
280781
280782
280783
280784
280785
280787
280788
280789
280790
280791
280793
280794
280795
280796
280798
280799
280800
280801
280802
280804
280805
280807
280810
280813
280814
280815
280816
280817
280819
280820
280821
280822
280823
280824
280825
280827
280829
280830
280832
280833
280834
280835
280836
280837
280838
280839
280840
280841
280842
280843
280844
280845
280846
280847
280848
280849
280850
280853
280855
280858
280861
280863
280864
280865
280866
280867
280868
280869
280870
280871
280872
280874
280875
280876
280877
280878
280879
280880
280881
280882
280883
280885
280887
280888
280889
280890
280891
280892
280893
280896
280897
280898
280899
280900
280901
280902
280903
280905
280907
280909
280912
280913
280914
280915
280916
280917
280918
280919
280920
280921
280922
280925
280926
280927
280928
280929
280931
280934
280935
280936
280938
280939
280940
280941
280942
280943
280944
280946
280948
280949
280950
280952
280953
280954
280955
280956
280957
280958
280959
280960
280961
280962
280963
280964
280965
280966
280967
280968
280969
280970
280971
280973
280974
280975
280976
280977
280978
280982
280983
280984
280985
280986
280990
280991
280993
280994
280995
280996
280998
280999
281000
281001
281002
281003
281004
281005
281006
281008
281009
281011
281012
281014
281015
281016
281018
281019
281021
281025
281026
281029
281030
281036
281037
281038
281040
281041
281042
281044
281047
281049
281054
281055
281056
281058
281059
281060
281061
281064
281065
281066
281068
281069
281071
281072
281073
281074
281075
281077
281078
281079
281081
281082
281083
281086
281088
281090
281091
281092
281094
281097
281099
281100
281101
281102
281103
281104
281105
281106
281108
281109
281110
281111
281112
281113
281114
281117
281119
281120
281121
281123
281124
281125
281126
281127
281128
281129
281130
281131
281132
281133
281134
281135
281136
281138
281139
281140
281141
281142
281143
281145
281146
281147
281149
281151
281152
281153
281157
281158
281159
281161
281162
281163
281164
281165
281167
281169
281170
281171
281175
281176
281178
281179
281180
281181
281182
281183
281184
281185
281186
281187
281188
281190
281191
281192
281195
281198
281201
281203
281205
281209
281210
281213
281215
281223
281224
281225
281226
281227
281229
281230
281231
281233
281234
281236
281237
281238
281239
281240
281241
281242
281243
281244
281245
281246
281247
281248
281249
281250
281251
281253
281254
281255
281256
281257
281258
281259
281261
281262
281263
281266
281267
281268
281269
281270
281272
281274
281275
281276
281278
281280
281281
281282
281285
281286
281287
281288
281289
281290
281291
281292
281293
281294
281295
281296
281299
281301
281303
281304
281305
281306
281309
281310
281312
281314
281316
281317
281318
281320
281321
281324
281325
281327
281328
281329
281330
281332
281333
281334
281335
281336
281337
281339
281340
281341
281342
281344
281346
281348
281349
281350
281352
281355
281356
281357
281360
281362
281364
281367
281369
281373
281376
281377
281378
281379
281380
281381
281382
281383
281384
281385
281386
281387
281388
281389
281390
281392
281393
281394
281395
281396
281397
281398
281399
281403
281405
281406
281407
281409
281410
281411
281412
281414
281415
281416
281418
281420
281422
281423
281425
281427
281429
281431
281432
281433
281435
281436
281437
281438
281439
281440
281441
281444
281446
281448
281449
281450
281451
281452
281455
281457
281458
281459
281462
281463
281465
281466
281467
281468
281469
281470
281471
281472
281474
281475
281478
281479
281480
281481
281482
281483
281485
281486
281487
281488
281489
281490
281492
281493
281494
281496
281497
281498
281499
281500
281501
281503
281504
281506
281507
281508
281510
281512
281513
281514
281515
281516
281518
281520
281521
281522
281523
281524
281525
281526
281529
281531
281534
281535
281536
281537
281539
281540
281541
281542
281543
281544
281546
281548
281549
281550
281551
281552
281553
281555
281556
281557
281558
281559
281560
281561
281562
281563
281564
281566
281568
281569
281570
281571
281572
281573
281574
281575
281577
281578
281579
281580
281582
281584
281585
281586
281587
281588
281590
281592
281593
281594
281595
281596
281597
281598
281599
281600
281601
281603
281604
281606
281607
281608
281609
281612
281614
281615
281616
281617
281620
281623
281625
281626
281627
281628
281629
281630
281631
281632
281633
281634
281635
281636
281637
281638
281639
281641
281642
281643
281644
281645
281647
281649
281652
281654
281656
281657
281658
281660
281661
281663
281665
281666
281667
281669
281670
281671
281672
281674
281676
281677
281681
281682
281683
281685
281686
281687
281688
281689
281690
281692
281694
281696
281697
281698
281699
281700
281701
281702
281706
281707
281708
281709
281710
281712
281715
281716
281717
281718
281719
281720
281721
281722
281725
281727
281728
281730
281731
281732
281733
281735
281737
281738
281740
281741
281742
281743
281745
281747
281748
281750
281752
281753
281754
281755
281758
281759
281760
281761
281762
281763
281764
281765
281768
281769
281770
281772
281773
281774
281775
281776
281778
281780
281781
281783
281784
281786
281787
281788
281789
281790
281792
281793
281794
281795
281796
281797
281798
281799
281800
281801
281803
281804
281805
281806
281807
281808
281809
281810
281811
281812
281813
281814
281815
281816
281817
281818
281820
281821
281822
281823
281824
281825
281826
281828
281830
281831
281834
281835
281836
281837
281838
281839
281840
281841
281842
281845
281846
281848
281849
281850
281851
281854
281855
281856
281857
281858
281860
281861
281862
281864
281866
281867
281868
281870
281871
281872
281873
281874
281875
281876
281879
281880
281881
281882
281883
281884
281885
281886
281887
281890
281891
281892
281893
281894
281896
281897
281898
281899
281901
281903
281904
281905
281906
281907
281908
281909
281910
281911
281912
281913
281914
281915
281916
281918
281919
281921
281922
281923
281924
281927
281929
281930
281931
281932
281933
281934
281935
281936
281937
281938
281939
281941
281944
281945
281948
281950
281952
281954
281955
281956
281960
281961
281962
281963
281967
281969
281970
281971
281972
281973
281974
281975
281976
281977
281978
281979
281980
281981
281982
281983
281984
281985
281987
281988
281990
281991
281994
281995
281997
281998
281999
282000
282001
282002
282003
282004
282005
282006
282007
282009
282010
282011
282013
282014
282015
282016
282017
282021
282022
282023
282024
282025
282026
282027
282028
282030
282032
282033
282035
282036
282037
282038
282043
282044
282045
282046
282047
282048
282049
282050
282051
282053
282054
282057
282059
282060
282061
282065
282066
282067
282070
282071
282073
282074
282075
282076
282077
282078
282079
282080
282081
282083
282084
282086
282087
282088
282089
282090
282091
282092
282093
282094
282095
282096
282097
282098
282099
282100
282102
282103
282104
282105
282106
282107
282108
282110
282111
282112
282113
282114
282117
282118
282119
282120
282121
282122
282123
282125
282127
282128
282131
282132
282133
282134
282135
282136
282137
282139
282140
282142
282143
282144
282145
282146
282147
282149
282150
282151
282154
282155
282157
282158
282159
282163
282164
282165
282166
282167
282168
282169
282170
282171
282172
282173
282176
282177
282179
282181
282182
282183
282184
282185
282186
282187
282188
282189
282193
282196
282197
282200
282201
282202
282204
282206
282208
282209
282211
282212
282213
282214
282215
282218
282220
282221
282224
282225
282228
282229
282230
282231
282232
282233
282234
282235
282236
282237
282238
282239
282240
282242
282243
282244
282245
282246
282247
282248
282249
282250
282251
282252
282253
282254
282256
282257
282259
282260
282261
282262
282264
282266
282267
282268
282269
282270
282271
282272
282273
282275
282278
282279
282280
282281
282282
282283
282284
282285
282286
282287
282289
282291
282292
282294
282297
282299
282300
282301
282302
282304
282305
282306
282307
282308
282309
282310
282311
282312
282313
282314
282315
282316
282317
282318
282321
282322
282323
282324
282326
282327
282332
282333
282338
282339
282341
282343
282344
282347
282349
282350
282351
282354
282355
282356
282357
282358
282359
282361
282362
282363
282365
282366
282368
282369
282370
282371
282372
282373
282374
282376
282377
282378
282379
282380
282385
282386
282387
282388
282389
282391
282392
282393
282394
282395
282396
282397
282399
282400
282401
282402
282403
282404
282406
282407
282410
282411
282412
282413
282414
282415
282416
282418
282420
282421
282422
282423
282424
282425
282426
282427
282429
282432
282433
282434
282435
282436
282438
282439
282442
282445
282448
282449
282450
282451
282452
282453
282454
282456
282457
282458
282459
282461
282462
282463
282464
282465
282466
282467
282468
282471
282472
282473
282474
282476
282477
282478
282479
282480
282481
282483
282485
282487
282488
282489
282490
282492
282493
282495
282496
282498
282499
282501
282502
282503
282506
282507
282508
282509
282510
282513
282515
282518
282520
282522
282523
282526
282528
282529
282531
282532
282533
282534
282536
282537
282538
282539
282540
282541
282542
282544
282545
282547
282549
282550
282551
282553
282555
282556
282557
282558
282559
282561
282564
282565
282566
282567
282568
282569
282571
282572
282573
282574
282575
282576
282577
282579
282580
282582
282583
282584
282586
282587
282589
282590
282591
282592
282593
282595
282597
282599
282601
282602
282603
282604
282605
282606
282607
282608
282609
282610
282612
282613
282614
282615
282616
282617
282618
282619
282620
282623
282624
282625
282626
282627
282628
282629
282630
282632
282634
282635
282636
282638
282639
282640
282641
282642
282644
282646
282647
282648
282649
282650
282651
282652
282653
282654
282655
282656
282657
282659
282660
282661
282662
282663
282664
282665
282666
282667
282668
282669
282670
282673
282674
282675
282676
282677
282678
282679
282682
282683
282684
282685
282686
282687
282689
282690
282692
282693
282695
282696
282697
282698
282699
282700
282701
282702
282705
282706
282707
282708
282709
282710
282712
282713
282714
282715
282716
282717
282718
282719
282720
282721
282722
282723
282724
282725
282726
282727
282728
282729
282730
282731
282732
282733
282734
282735
282736
282737
282738
282740
282741
282742
282743
282744
282745
282746
282748
282749
282750
282752
282753
282754
282755
282757
282758
282759
282760
282761
282762
282763
282764
282765
282766
282767
282768
282770
282771
282773
282774
282776
282777
282778
282779
282780
282781
282782
282783
282784
282785
282786
282787
282788
282790
282791
282792
282793
282794
282795
282796
282798
282799
282800
282801
282802
282803
282804
282805
282807
282812
282813
282814
282816
282819
282820
282822
282823
282824
282825
282827
282830
282831
282832
282834
282836
282837
282838
282839
282843
282844
282847
282848
282849
282850
282853
282854
282855
282856
282857
282858
282859
282860
282861
282862
282863
282864
282865
282869
282870
282872
282873
282874
282875
282876
282880
282881
282882
282883
282885
282886
282887
282888
282890
282891
282892
282893
282895
282896
282897
282899
282900
282903
282904
282905
282906
282907
282908
282909
282911
282913
282914
282915
282917
282918
282919
282921
282922
282923
282924
282925
282926
282927
282931
282932
282933
282935
282937
282938
282940
282942
282943
282944
282945
282947
282949
282950
282951
282952
282953
282954
282955
282956
282957
282958
282959
282963
282965
282966
282967
282968
282970
282971
282972
282973
282974
282975
282976
282977
282978
282981
282982
282984
282985
282986
282988
282990
282992
282993
282994
282996
282997
282998
283001
283002
283003
283004
283005
283006
283007
283008
283009
283010
283012
283013
283014
283015
283016
283018
283020
283021
283023
283024
283025
283026
283027
283028
283031
283032
283033
283034
283035
283036
283037
283040
283043
283044
283045
283046
283048
283049
283050
283051
283053
283054
283055
283056
283057
283059
283060
283061
283062
283063
283064
283065
283066
283067
283068
283070
283071
283072
283073
283074
283076
283077
283079
283081
283082
283084
283086
283087
283088
283089
283090
283091
283092
283093
283095
283096
283097
283098
283099
283100
283101
283102
283104
283105
283107
283112
283113
283114
283116
283117
283118
283119
283121
283122
283123
283124
283125
283127
283128
283129
283130
283131
283132
283133
283135
283137
283139
283140
283143
283144
283146
283147
283148
283150
283151
283152
283153
283154
283155
283156
283159
283161
283162
283163
283164
283165
283170
283172
283174
283175
283177
283179
283180
283182
283183
283184
283185
283187
283189
283190
283191
283193
283194
283196
283197
283198
283199
283201
283202
283203
283204
283205
283207
283208
283209
283210
283211
283213
283214
283216
283217
283220
283221
283222
283224
283225
283226
283227
283228
283229
283230
283231
283232
283233
283234
283235
283237
283238
283239
283240
283241
283242
283243
283244
283245
283246
283247
283248
283249
283252
283253
283255
283256
283257
283258
283259
283260
283261
283262
283263
283264
283265
283266
283268
283269
283270
283271
283272
283274
283275
283276
283277
283278
283279
283281
283282
283283
283285
283286
283287
283288
283289
283290
283291
283292
283293
283295
283296
283297
283299
283301
283302
283303
283304
283305
283306
283307
283308
283309
283311
283313
283315
283316
283317
283318
283320
283321
283322
283323
283324
283325
283326
283327
283329
283330
283331
283332
283335
283336
283338
283339
283341
283342
283344
283346
283347
283348
283350
283351
283352
283353
283354
283356
283359
283362
283363
283365
283366
283367
283368
283370
283372
283376
283378
283379
283380
283383
283384
283385
283387
283391
283395
283397
283398
283399
283400
283403
283404
283405
283407
283409
283413
283414
283415
283416
283421
283422
283423
283425
283428
283429
283430
283431
283433
283434
283435
283436
283437
283438
283439
283440
283441
283442
283443
283444
283445
283446
283447
283448
283449
283451
283452
283453
283455
283458
283459
283462
283463
283464
283465
283466
283467
283468
283469
283471
283472
283473
283475
283476
283477
283478
283479
283480
283481
283482
283483
283484
283485
283486
283487
283488
283489
283491
283492
283493
283496
283497
283498
283499
283502
283503
283504
283506
283507
283508
283509
283511
283514
283515
283518
283521
283522
283523
283524
283525
283527
283528
283529
283530
283533
283534
283535
283536
283537
283539
283540
283541
283542
283545
283547
283548
283550
283552
283554
283555
283557
283559
283561
283562
283563
283565
283566
283567
283570
283571
283573
283574
283576
283577
283578
283579
283580
283581
283582
283585
283586
283588
283589
283590
283591
283592
283594
283595
283596
283600
283601
283604
283605
283606
283607
283609
283610
283611
283613
283614
283615
283616
283618
283619
283620
283621
283622
283623
283624
283625
283626
283627
283628
283629
283630
283631
283633
283634
283635
283636
283637
283638
283639
283640
283641
283642
283643
283644
283645
283646
283647
283648
283649
283650
283651
283652
283653
283654
283655
283657
283658
283660
283661
283663
283664
283665
283666
283667
283670
283671
283672
283673
283675
283676
283677
283678
283679
283680
283681
283682
283683
283685
283686
283687
283689
283690
283691
283692
283693
283694
283695
283696
283697
283699
283700
283702
283703
283704
283706
283707
283708
283709
283710
283712
283713
283714
283715
283716
283717
283720
283721
283722
283723
283724
283725
283726
283727
283728
283731
283733
283734
283735
283736
283737
283738
283739
283740
283741
283743
283744
283745
283746
283748
283749
283750
283751
283752
283753
283754
283756
283759
283760
283762
283763
283764
283765
283766
283767
283769
283770
283771
283772
283774
283775
283776
283777
283779
283780
283781
283782
283783
283785
283786
283787
283789
283790
283791
283792
283793
283794
283796
283797
283799
283801
283802
283803
283804
283806
283807
283808
283809
283811
283812
283813
283814
283815
283816
283817
283819
283820
283821
283822
283823
283824
283825
283826
283828
283832
283833
283834
283835
283836
283837
283838
283840
283841
283842
283844
283845
283846
283847
283849
283850
283851
283852
283853
283854
283855
283857
283858
283859
283860
283861
283863
283864
283865
283866
283867
283870
283871
283873
283874
283875
283876
283879
283880
283881
283882
283883
283884
283885
283886
283889
283892
283893
283894
283895
283896
283900
283901
283902
283903
283904
283906
283907
283910
283911
283914
283915
283916
283917
283918
283919
283921
283922
283923
283924
283926
283927
283928
283929
283931
283932
283933
283934
283935
283936
283937
283939
283940
283941
283943
283944
283945
283946
283947
283948
283949
283950
283951
283952
283953
283955
283959
283960
283961
283962
283963
283966
283967
283968
283971
283972
283974
283975
283976
283977
283979
283981
283983
283984
283986
283987
283989
283991
283993
283997
283999
284001
284002
284004
284005
284009
284014
284015
284016
284018
284019
284020
284022
284023
284024
284026
284028
284029
284030
284032
284034
284035
284036
284037
284038
284040
284041
284043
284045
284048
284049
284050
284051
284053
284054
284055
284056
284057
284058
284059
284060
284065
284066
284067
284068
284072
284074
284076
284077
284078
284079
284081
284082
284083
284086
284088
284089
284091
284092
284093
284095
284096
284097
284098
284099
284100
284101
284102
284103
284104
284105
284106
284107
284108
284109
284110
284116
284118
284119
284120
284121
284122
284123
284124
284125
284126
284127
284128
284129
284130
284131
284132
284133
284134
284136
284137
284138
284139
284140
284141
284142
284143
284144
284145
284146
284147
284148
284150
284151
284153
284154
284155
284156
284157
284161
284162
284163
284164
284165
284166
284167
284168
284169
284171
284174
284175
284176
284178
284179
284180
284181
284183
284185
284187
284188
284189
284190
284191
284194
284195
284196
284197
284198
284199
284200
284203
284206
284207
284209
284210
284211
284212
284213
284215
284216
284218
284220
284221
284224
284225
284228
284229
284231
284232
284233
284235
284237
284238
284240
284241
284243
284244
284246
284247
284248
284249
284250
284251
284252
284253
284254
284255
284256
284258
284259
284260
284261
284262
284263
284264
284265
284267
284268
284269
284270
284272
284273
284274
284275
284276
284277
284278
284279
284280
284281
284282
284283
284284
284286
284287
284289
284290
284292
284293
284295
284298
284299
284300
284301
284302
284303
284304
284307
284308
284310
284311
284312
284313
284314
284315
284317
284318
284319
284320
284321
284322
284323
284324
284325
284326
284328
284329
284330
284333
284334
284336
284337
284338
284340
284341
284342
284343
284344
284346
284350
284352
284353
284355
284356
284357
284359
284360
284361
284362
284363
284366
284369
284370
284371
284374
284375
284376
284378
284379
284381
284382
284383
284385
284386
284387
284388
284389
284390
284391
284392
284394
284395
284398
284399
284400
284402
284403
284404
284405
284406
284407
284409
284411
284412
284413
284414
284416
284417
284419
284420
284423
284424
284425
284427
284428
284429
284431
284432
284434
284435
284437
284438
284439
284440
284441
284444
284445
284446
284448
284449
284450
284451
284453
284455
284456
284457
284458
284461
284462
284464
284466
284467
284468
284469
284470
284471
284472
284474
284475
284477
284479
284480
284481
284483
284484
284485
284486
284487
284488
284489
284490
284491
284492
284493
284494
284495
284496
284497
284498
284499
284500
284501
284502
284503
284505
284507
284508
284509
284510
284512
284513
284514
284515
284517
284518
284519
284521
284522
284523
284524
284525
284526
284527
284528
284530
284532
284533
284534
284535
284538
284539
284540
284542
284543
284544
284545
284546
284547
284548
284549
284550
284551
284552
284553
284554
284555
284556
284557
284558
284559
284560
284561
284562
284563
284564
284566
284568
284569
284571
284572
284573
284574
284576
284577
284579
284581
284582
284583
284585
284586
284587
284588
284589
284591
284592
284593
284594
284595
284596
284598
284600
284603
284605
284606
284608
284610
284614
284617
284618
284619
284620
284621
284623
284624
284625
284627
284629
284630
284631
284633
284635
284637
284638
284639
284640
284643
284644
284645
284646
284648
284649
284650
284651
284653
284654
284655
284656
284658
284659
284661
284662
284668
284670
284671
284673
284674
284675
284676
284677
284678
284682
284683
284684
284686
284687
284688
284690
284691
284692
284693
284694
284696
284697
284698
284699
284700
284701
284702
284703
284704
284705
284706
284707
284708
284709
284710
284711
284712
284713
284716
284717
284718
284719
284720
284722
284723
284726
284727
284729
284730
284731
284732
284734
284735
284736
284737
284738
284739
284740
284741
284742
284743
284744
284745
284746
284748
284749
284751
284752
284753
284754
284755
284756
284757
284758
284759
284760
284761
284762
284763
284764
284765
284766
284768
284770
284771
284773
284774
284775
284776
284778
284779
284780
284781
284783
284784
284785
284786
284787
284789
284790
284791
284793
284796
284797
284798
284799
284800
284801
284802
284803
284804
284805
284808
284809
284810
284811
284814
284815
284816
284817
284819
284820
284822
284825
284827
284828
284829
284830
284831
284832
284834
284835
284837
284838
284842
284844
284845
284846
284847
284848
284849
284851
284852
284854
284855
284856
284859
284862
284864
284865
284866
284867
284868
284869
284870
284872
284874
284875
284876
284877
284878
284881
284884
284885
284886
284888
284890
284893
284894
284895
284896
284897
284898
284899
284900
284901
284902
284903
284905
284907
284908
284909
284910
284911
284912
284913
284915
284918
284919
284920
284921
284922
284923
284924
284925
284926
284927
284928
284929
284930
284931
284932
284933
284935
284937
284938
284939
284941
284942
284943
284944
284945
284946
284947
284948
284949
284950
284952
284953
284954
284955
284956
284957
284958
284959
284960
284961
284962
284963
284964
284965
284966
284967
284968
284969
284971
284972
284973
284974
284975
284976
284978
284980
284981
284982
284983
284984
284985
284986
284987
284990
284991
284992
284995
284996
284997
284998
284999
285000
285001
285004
285005
285006
285009
285010
285012
285013
285014
285015
285016
285017
285018
285019
285021
285022
285023
285024
285025
285026
285028
285029
285030
285033
285034
285036
285037
285038
285039
285041
285042
285043
285044
285045
285047
285048
285050
285051
285052
285053
285054
285055
285057
285058
285060
285063
285064
285065
285067
285069
285071
285072
285073
285074
285075
285077
285078
285079
285080
285081
285083
285084
285085
285087
285089
285090
285091
285092
285095
285096
285097
285099
285100
285102
285103
285105
285106
285111
285112
285113
285115
285116
285117
285119
285120
285125
285126
285128
285129
285132
285134
285136
285141
285142
285144
285145
285147
285148
285149
285150
285151
285154
285156
285158
285159
285163
285164
285165
285167
285168
285169
285171
285172
285173
285174
285175
285176
285177
285178
285181
285182
285184
285185
285186
285187
285188
285189
285191
285192
285194
285195
285196
285198
285199
285200
285201
285202
285203
285204
285205
285206
285207
285208
285209
285210
285212
285213
285216
285217
285219
285220
285221
285222
285224
285225
285229
285230
285231
285233
285234
285235
285237
285239
285241
285242
285243
285244
285245
285246
285247
285248
285249
285250
285252
285254
285256
285257
285258
285259
285261
285264
285268
285269
285270
285271
285272
285274
285276
285278
285280
285283
285284
285285
285286
285287
285289
285291
285292
285293
285294
285295
285297
285298
285300
285301
285302
285303
285304
285305
285306
285307
285309
285310
285311
285312
285313
285314
285315
285316
285317
285318
285319
285320
285321
285322
285323
285325
285326
285327
285328
285330
285333
285336
285337
285338
285340
285341
285344
285345
285346
285348
285349
285350
285351
285354
285355
285356
285357
285358
285360
285361
285362
285363
285364
285365
285367
285368
285369
285370
285372
285373
285375
285377
285378
285379
285380
285382
285383
285384
285385
285386
285388
285389
285390
285391
285392
285393
285394
285395
285396
285398
285399
285401
285403
285404
285405
285406
285407
285408
285409
285410
285411
285412
285414
285417
285419
285420
285421
285423
285424
285426
285428
285429
285431
285432
285433
285434
285435
285436
285437
285438
285439
285441
285443
285444
285446
285447
285448
285453
285454
285455
285456
285457
285458
285459
285460
285461
285462
285463
285465
285468
285469
285470
285471
285472
285473
285475
285479
285480
285481
285482
285483
285484
285485
285486
285487
285488
285491
285492
285493
285494
285495
285496
285498
285499
285500
285501
285502
285503
285504
285505
285506
285508
285509
285510
285511
285512
285513
285514
285515
285516
285517
285518
285519
285522
285523
285524
285527
285528
285529
285530
285531
285532
285533
285534
285535
285536
285537
285538
285539
285541
285542
285544
285545
285547
285548
285549
285550
285551
285554
285555
285556
285557
285558
285559
285560
285561
285564
285565
285566
285568
285569
285570
285572
285573
285574
285575
285576
285577
285578
285580
285583
285585
285586
285587
285588
285589
285591
285594
285596
285598
285599
285600
285601
285602
285603
285604
285605
285606
285607
285609
285611
285613
285615
285616
285619
285620
285621
285622
285623
285624
285627
285629
285630
285631
285632
285633
285634
285636
285640
285641
285642
285643
285644
285645
285647
285649
285650
285651
285652
285660
285662
285663
285664
285669
285670
285671
285673
285674
285676
285677
285678
285679
285681
285682
285684
285685
285686
285687
285689
285690
285692
285693
285694
285695
285696
285697
285698
285699
285703
285704
285705
285706
285708
285712
285713
285716
285718
285719
285720
285721
285722
285723
285724
285725
285726
285727
285729
285730
285731
285732
285733
285734
285736
285737
285738
285739
285741
285742
285744
285745
285746
285747
285748
285749
285752
285753
285754
285755
285757
285758
285759
285760
285761
285766
285768
285769
285770
285772
285774
285776
285777
285778
285779
285781
285782
285783
285784
285785
285786
285788
285790
285791
285792
285793
285794
285795
285796
285797
285798
285800
285801
285802
285803
285804
285805
285806
285807
285808
285809
285813
285814
285816
285817
285819
285821
285822
285823
285824
285825
285826
285827
285828
285829
285830
285831
285833
285834
285835
285836
285839
285840
285841
285842
285843
285844
285846
285847
285850
285851
285853
285855
285856
285857
285860
285861
285863
285864
285865
285866
285867
285868
285869
285871
285872
285873
285874
285875
285876
285877
285878
285879
285880
285881
285882
285884
285886
285888
285889
285890
285891
285892
285893
285894
285896
285897
285898
285900
285901
285903
285904
285907
285908
285911
285913
285914
285915
285916
285917
285918
285919
285920
285922
285923
285924
285925
285926
285927
285928
285929
285931
285933
285934
285935
285936
285939
285940
285942
285943
285946
285947
285948
285949
285950
285952
285953
285954
285955
285956
285957
285958
285960
285961
285962
285963
285964
285966
285967
285968
285969
285970
285973
285974
285975
285976
285979
285980
285981
285983
285985
285986
285987
285988
285989
285991
285992
285993
285994
285995
285996
285997
285998
285999
286000
286002
286004
286005
286006
286010
286011
286012
286013
286015
286016
286017
286018
286019
286020
286021
286022
286023
286025
286026
286027
286029
286031
286032
286033
286034
286035
286037
286039
286040
286041
286042
286043
286044
286045
286047
286048
286049
286050
286051
286052
286053
286054
286055
286056
286058
286059
286060
286061
286062
286065
286066
286067
286068
286069
286070
286071
286072
286073
286074
286075
286076
286077
286078
286082
286083
286085
286086
286087
286088
286089
286090
286091
286092
286094
286097
286098
286099
286100
286101
286102
286103
286104
286105
286107
286108
286109
286112
286113
286115
286116
286119
286120
286121
286122
286123
286124
286126
286128
286129
286130
286131
286133
286135
286137
286138
286139
286140
286141
286143
286144
286145
286146
286147
286151
286152
286154
286155
286156
286158
286159
286160
286161
286162
286165
286167
286169
286170
286171
286173
286175
286176
286178
286179
286180
286181
286182
286183
286184
286185
286186
286187
286188
286189
286190
286191
286192
286193
286195
286196
286197
286198
286199
286201
286202
286204
286205
286209
286210
286211
286212
286214
286215
286216
286217
286219
286220
286221
286222
286223
286224
286225
286226
286228
286231
286232
286233
286235
286236
286237
286238
286241
286242
286243
286245
286246
286247
286248
286249
286250
286251
286252
286253
286254
286256
286257
286260
286261
286262
286263
286264
286265
286266
286267
286269
286270
286271
286272
286273
286275
286276
286278
286279
286281
286282
286283
286284
286286
286287
286288
286289
286290
286291
286292
286293
286294
286295
286296
286297
286298
286299
286300
286301
286302
286303
286305
286306
286308
286309
286311
286312
286313
286314
286315
286318
286320
286321
286322
286323
286325
286327
286329
286330
286332
286334
286335
286336
286337
286340
286341
286342
286344
286345
286346
286348
286349
286352
286353
286354
286355
286356
286357
286358
286359
286360
286361
286363
286364
286366
286368
286369
286370
286371
286373
286374
286375
286376
286377
286379
286380
286382
286383
286385
286386
286389
286390
286391
286394
286395
286396
286398
286404
286405
286406
286407
286408
286409
286410
286411
286413
286414
286417
286418
286419
286420
286422
286423
286424
286425
286426
286427
286429
286430
286431
286432
286434
286436
286438
286439
286440
286442
286444
286445
286446
286447
286448
286449
286450
286451
286452
286453
286455
286457
286459
286460
286461
286462
286464
286465
286466
286467
286468
286470
286471
286472
286473
286475
286476
286477
286479
286480
286481
286483
286484
286485
286486
286487
286489
286490
286491
286492
286493
286494
286495
286497
286498
286499
286500
286501
286502
286503
286504
286505
286507
286508
286509
286510
286513
286514
286515
286516
286517
286518
286519
286521
286523
286526
286527
286528
286530
286532
286533
286534
286535
286536
286538
286539
286540
286541
286543
286545
286546
286547
286550
286552
286553
286554
286555
286556
286558
286559
286561
286562
286563
286564
286566
286567
286569
286570
286573
286574
286578
286580
286583
286584
286585
286586
286587
286588
286589
286590
286591
286592
286593
286594
286595
286596
286597
286598
286599
286602
286603
286605
286606
286609
286610
286612
286613
286614
286616
286619
286621
286622
286625
286626
286627
286629
286632
286634
286635
286636
286637
286638
286639
286640
286641
286642
286643
286644
286646
286647
286648
286649
286650
286652
286653
286654
286655
286656
286657
286658
286659
286660
286661
286663
286664
286665
286666
286667
286668
286671
286672
286674
286675
286676
286677
286680
286681
286683
286686
286688
286690
286691
286693
286694
286695
286698
286699
286700
286701
286704
286705
286706
286707
286708
286710
286711
286712
286715
286716
286717
286718
286719
286720
286721
286723
286724
286725
286726
286727
286729
286730
286732
286734
286735
286736
286737
286738
286739
286740
286741
286742
286743
286744
286745
286747
286749
286750
286751
286752
286753
286754
286756
286757
286759
286760
286761
286762
286763
286767
286768
286769
286770
286771
286772
286773
286774
286777
286778
286779
286780
286781
286782
286783
286784
286785
286786
286789
286790
286791
286792
286793
286794
286795
286796
286797
286800
286801
286802
286803
286804
286805
286808
286809
286812
286813
286814
286818
286819
286820
286821
286822
286823
286824
286825
286827
286828
286829
286830
286831
286832
286833
286834
286835
286837
286838
286841
286842
286844
286846
286847
286848
286849
286850
286851
286852
286854
286855
286856
286857
286858
286859
286860
286861
286864
286865
286866
286867
286872
286873
286874
286875
286876
286878
286879
286880
286881
286882
286883
286884
286885
286886
286887
286888
286889
286891
286893
286895
286898
286901
286902
286904
286905
286906
286907
286910
286912
286915
286916
286918
286919
286920
286921
286922
286923
286924
286925
286926
286927
286929
286930
286931
286932
286933
286934
286935
286936
286937
286938
286940
286941
286944
286945
286947
286948
286949
286950
286951
286952
286956
286957
286958
286959
286960
286961
286963
286964
286965
286966
286967
286968
286969
286970
286971
286972
286974
286976
286978
286979
286980
286981
286982
286983
286984
286985
286987
286988
286989
286990
286991
286992
286995
286997
286998
286999
287001
287003
287004
287005
287006
287008
287009
287010
287011
287012
287013
287014
287015
287016
287017
287018
287019
287020
287021
287023
287025
287026
287027
287028
287029
287030
287031
287032
287033
287034
287035
287036
287037
287040
287041
287042
287043
287045
287047
287049
287051
287052
287053
287055
287057
287058
287059
287060
287062
287063
287064
287065
287067
287068
287069
287070
287073
287074
287075
287077
287078
287079
287081
287082
287083
287084
287085
287087
287089
287090
287092
287093
287094
287095
287096
287097
287099
287100
287101
287102
287104
287105
287107
287108
287113
287114
287115
287116
287117
287118
287119
287120
287124
287125
287126
287127
287128
287129
287130
287132
287133
287134
287135
287137
287138
287139
287140
287141
287142
287144
287145
287146
287147
287148
287149
287150
287151
287152
287153
287154
287155
287157
287158
287160
287161
287162
287165
287166
287167
287168
287170
287171
287172
287173
287174
287175
287176
287177
287178
287180
287181
287182
287183
287184
287185
287188
287191
287192
287193
287194
287196
287197
287199
287200
287202
287204
287205
287206
287208
287209
287210
287211
287212
287213
287216
287217
287218
287220
287221
287222
287223
287224
287225
287227
287230
287231
287232
287234
287235
287236
287237
287238
287240
287241
287242
287243
287245
287246
287247
287248
287249
287250
287252
287253
287254
287255
287260
287261
287262
287263
287264
287265
287266
287267
287268
287269
287270
287272
287274
287275
287276
287277
287278
287279
287282
287283
287285
287286
287287
287288
287289
287291
287292
287293
287295
287296
287297
287298
287299
287300
287301
287302
287303
287304
287305
287306
287308
287309
287310
287311
287312
287313
287314
287316
287317
287318
287319
287320
287321
287322
287324
287326
287328
287329
287332
287333
287334
287335
287336
287337
287338
287339
287340
287341
287342
287343
287344
287346
287347
287348
287349
287350
287351
287352
287353
287355
287356
287358
287359
287360
287362
287363
287364
287365
287366
287367
287369
287370
287374
287375
287376
287377
287379
287380
287381
287382
287383
287385
287386
287387
287388
287389
287390
287391
287392
287393
287394
287395
287396
287397
287401
287402
287403
287404
287405
287406
287407
287408
287409
287410
287411
287412
287414
287415
287416
287417
287418
287420
287421
287423
287424
287425
287426
287427
287428
287430
287432
287434
287435
287437
287438
287440
287442
287444
287445
287446
287447
287448
287449
287450
287452
287453
287455
287456
287457
287459
287460
287461
287463
287464
287466
287467
287468
287470
287471
287472
287473
287475
287477
287478
287481
287482
287483
287484
287486
287487
287488
287489
287490
287491
287492
287493
287494
287496
287497
287498
287499
287500
287501
287502
287503
287504
287505
287506
287508
287510
287511
287512
287513
287514
287515
287516
287517
287518
287519
287520
287521
287524
287525
287526
287527
287529
287530
287531
287533
287534
287535
287536
287538
287543
287544
287546
287548
287549
287550
287551
287552
287553
287555
287558
287559
287561
287562
287563
287565
287566
287567
287571
287572
287575
287576
287578
287581
287582
287583
287584
287587
287588
287589
287590
287591
287593
287595
287596
287598
287599
287602
287603
287604
287608
287609
287610
287613
287614
287615
287618
287619
287620
287621
287622
287623
287624
287625
287626
287627
287628
287631
287632
287633
287635
287636
287638
287639
287640
287641
287642
287644
287645
287646
287647
287649
287650
287651
287652
287653
287654
287655
287656
287657
287658
287659
287660
287661
287662
287663
287665
287666
287667
287668
287669
287670
287671
287673
287675
287677
287678
287679
287680
287681
287682
287683
287684
287685
287686
287687
287688
287689
287691
287695
287696
287697
287698
287700
287702
287703
287704
287705
287706
287707
287708
287709
287710
287711
287712
287713
287715
287716
287717
287718
287719
287720
287721
287722
287723
287724
287725
287727
287728
287729
287730
287731
287732
287734
287735
287736
287737
287739
287740
287741
287743
287744
287746
287747
287749
287750
287752
287753
287754
287756
287757
287758
287760
287761
287763
287764
287765
287766
287768
287769
287771
287772
287773
287774
287775
287777
287778
287779
287780
287782
287784
287786
287787
287788
287789
287790
287791
287792
287793
287794
287795
287797
287798
287799
287800
287801
287802
287803
287804
287805
287806
287807
287809
287810
287811
287812
287813
287814
287815
287816
287817
287819
287820
287821
287823
287825
287826
287827
287828
287829
287832
287833
287835
287837
287838
287839
287842
287843
287844
287846
287847
287848
287851
287853
287854
287855
287856
287858
287860
287861
287862
287863
287867
287868
287869
287870
287871
287874
287877
287878
287879
287882
287883
287885
287886
287888
287890
287891
287892
287893
287894
287895
287897
287899
287900
287902
287903
287904
287905
287906
287907
287908
287910
287912
287913
287914
287915
287917
287918
287919
287920
287921
287923
287929
287931
287933
287934
287935
287938
287939
287940
287941
287943
287944
287946
287947
287948
287949
287950
287951
287952
287953
287954
287955
287956
287957
287958
287960
287962
287963
287965
287966
287967
287968
287969
287970
287971
287972
287974
287975
287976
287977
287979
287980
287981
287983
287984
287985
287986
287987
287989
287990
287991
287992
287993
287994
287995
287997
287998
287999
288000
288002
288004
288005
288006
288007
288008
288009
288012
288013
288014
288015
288016
288017
288018
288022
288023
288024
288027
288028
288031
288032
288033
288034
288035
288037
288038
288040
288042
288044
288045
288046
288047
288048
288049
288050
288051
288053
288055
288056
288057
288060
288061
288062
288064
288065
288066
288068
288069
288070
288071
288072
288073
288076
288077
288078
288079
288083
288084
288085
288088
288089
288091
288092
288093
288094
288096
288099
288100
288101
288102
288103
288104
288105
288107
288108
288110
288112
288113
288115
288116
288117
288118
288119
288120
288121
288122
288123
288125
288126
288127
288128
288129
288130
288131
288133
288134
288135
288136
288137
288140
288141
288142
288144
288145
288147
288148
288149
288150
288152
288153
288155
288156
288157
288158
288159
288160
288161
288162
288164
288165
288167
288168
288170
288171
288173
288174
288175
288176
288178
288179
288181
288182
288183
288185
288186
288187
288189
288190
288191
288192
288195
288196
288197
288198
288199
288200
288202
288203
288204
288205
288207
288209
288210
288211
288213
288216
288217
288218
288221
288222
288223
288224
288226
288227
288228
288233
288234
288235
288236
288237
288238
288239
288240
288244
288245
288246
288248
288249
288250
288251
288255
288256
288258
288259
288261
288263
288267
288269
288270
288272
288274
288275
288277
288279
288280
288283
288285
288287
288288
288290
288291
288293
288294
288295
288296
288297
288301
288302
288303
288304
288305
288307
288309
288312
288313
288315
288317
288320
288322
288323
288325
288326
288329
288330
288332
288333
288335
288336
288337
288338
288339
288341
288343
288344
288345
288346
288347
288348
288349
288350
288351
288352
288353
288354
288356
288360
288361
288362
288363
288364
288366
288367
288368
288369
288370
288371
288375
288376
288377
288378
288380
288381
288382
288383
288386
288387
288388
288389
288390
288391
288392
288395
288396
288397
288398
288399
288400
288401
288402
288403
288404
288405
288406
288407
288409
288410
288411
288412
288413
288415
288416
288417
288418
288419
288422
288423
288424
288425
288427
288429
288430
288437
288439
288440
288441
288442
288443
288447
288448
288450
288451
288452
288453
288454
288455
288458
288459
288460
288461
288463
288465
288466
288468
288469
288471
288472
288473
288475
288476
288477
288484
288485
288486
288487
288488
288490
288491
288492
288493
288494
288496
288497
288499
288501
288502
288503
288504
288505
288506
288507
288509
288510
288513
288514
288517
288519
288520
288521
288522
288523
288524
288525
288526
288527
288528
288529
288530
288531
288532
288533
288535
288536
288537
288538
288539
288540
288541
288542
288544
288545
288546
288547
288548
288549
288550
288551
288554
288555
288556
288559
288560
288561
288562
288564
288566
288567
288568
288569
288570
288571
288572
288573
288574
288575
288576
288577
288578
288581
288582
288583
288584
288586
288587
288590
288593
288594
288595
288597
288599
288600
288602
288603
288604
288605
288607
288608
288609
288610
288612
288613
288615
288616
288617
288618
288619
288620
288622
288623
288624
288625
288626
288627
288629
288631
288632
288633
288634
288635
288638
288639
288640
288642
288643
288644
288645
288646
288647
288648
288649
288651
288652
288653
288654
288655
288657
288658
288659
288661
288662
288663
288665
288666
288668
288669
288670
288671
288672
288674
288675
288676
288680
288681
288682
288683
288684
288685
288686
288687
288691
288693
288694
288695
288696
288698
288699
288700
288703
288704
288705
288706
288707
288708
288709
288710
288711
288712
288713
288714
288715
288716
288718
288719
288720
288722
288723
288724
288725
288726
288727
288728
288733
288734
288735
288736
288737
288738
288741
288742
288743
288744
288745
288746
288747
288748
288751
288753
288754
288755
288756
288757
288758
288759
288762
288764
288765
288766
288767
288769
288770
288771
288772
288773
288775
288776
288777
288778
288779
288780
288781
288783
288785
288786
288787
288789
288790
288791
288792
288793
288794
288795
288796
288797
288798
288799
288800
288801
288802
288803
288804
288805
288806
288812
288813
288814
288816
288817
288818
288819
288821
288822
288823
288826
288829
288830
288834
288835
288836
288837
288839
288840
288841
288843
288844
288845
288846
288847
288848
288849
288851
288852
288853
288854
288855
288857
288858
288860
288861
288862
288863
288864
288866
288867
288869
288871
288873
288874
288875
288876
288877
288878
288880
288881
288882
288883
288885
288886
288888
288889
288890
288891
288892
288895
288896
288897
288899
288901
288902
288903
288904
288906
288907
288908
288910
288911
288913
288915
288916
288918
288920
288921
288923
288924
288926
288927
288929
288931
288932
288933
288934
288935
288936
288937
288938
288939
288940
288941
288943
288944
288946
288947
288948
288949
288954
288956
288957
288958
288961
288963
288964
288965
288967
288968
288969
288970
288971
288972
288973
288974
288976
288977
288978
288979
288980
288982
288985
288986
288987
288988
288991
288993
288994
288996
288997
288999
289001
289002
289004
289005
289007
289008
289009
289010
289011
289012
289013
289014
289015
289016
289017
289018
289019
289021
289024
289025
289026
289027
289028
289029
289030
289031
289032
289034
289035
289036
289038
289039
289040
289041
289042
289043
289044
289046
289047
289049
289050
289051
289052
289053
289054
289055
289057
289060
289061
289062
289063
289064
289065
289068
289071
289073
289075
289076
289078
289079
289080
289081
289082
289083
289084
289085
289086
289087
289088
289090
289093
289094
289097
289098
289099
289103
289106
289107
289108
289109
289111
289112
289114
289115
289117
289118
289119
289120
289121
289122
289127
289129
289130
289131
289132
289134
289136
289137
289138
289139
289140
289141
289142
289144
289145
289146
289148
289154
289155
289157
289158
289159
289160
289161
289163
289166
289168
289169
289170
289172
289173
289174
289177
289178
289179
289180
289181
289184
289185
289186
289187
289189
289190
289194
289195
289197
289198
289199
289200
289203
289204
289205
289206
289207
289208
289209
289210
289211
289212
289213
289214
289215
289216
289217
289218
289219
289220
289221
289222
289223
289224
289225
289229
289230
289232
289233
289234
289235
289236
289237
289238
289243
289244
289246
289250
289251
289252
289254
289255
289256
289258
289259
289261
289262
289264
289266
289267
289268
289269
289270
289271
289272
289273
289275
289278
289279
289280
289281
289282
289283
289284
289286
289287
289288
289291
289292
289293
289294
289296
289297
289298
289299
289300
289301
289302
289303
289304
289305
289306
289308
289309
289310
289312
289313
289314
289316
289317
289318
289319
289320
289321
289323
289325
289326
289330
289331
289333
289334
289335
289339
289340
289341
289342
289344
289346
289347
289348
289350
289351
289352
289353
289354
289356
289358
289359
289360
289361
289362
289363
289364
289365
289366
289367
289368
289369
289370
289371
289372
289373
289374
289376
289377
289378
289379
289380
289383
289384
289385
289388
289389
289390
289391
289392
289393
289395
289396
289398
289399
289400
289402
289403
289404
289405
289406
289407
289408
289409
289410
289412
289413
289415
289416
289417
289419
289420
289422
289423
289424
289425
289426
289427
289429
289430
289431
289432
289435
289436
289437
289440
289441
289442
289443
289444
289445
289446
289447
289448
289449
289450
289452
289454
289455
289456
289457
289458
289459
289460
289462
289463
289464
289465
289466
289467
289468
289471
289472
289473
289475
289476
289477
289478
289481
289483
289485
289487
289488
289489
289490
289491
289492
289493
289494
289495
289496
289497
289498
289500
289502
289503
289504
289505
289506
289507
289508
289509
289511
289512
289513
289514
289516
289517
289518
289520
289521
289522
289523
289524
289525
289526
289527
289528
289529
289531
289533
289535
289536
289537
289538
289539
289540
289541
289542
289543
289545
289548
289549
289550
289551
289552
289553
289555
289557
289558
289560
289561
289562
289563
289565
289566
289568
289569
289570
289571
289572
289573
289574
289576
289577
289578
289579
289580
289582
289583
289584
289585
289587
289588
289589
289590
289591
289592
289593
289594
289595
289597
289598
289599
289601
289603
289604
289606
289607
289608
289610
289611
289612
289613
289614
289615
289617
289620
289621
289622
289623
289624
289625
289629
289630
289631
289632
289633
289634
289635
289636
289637
289638
289639
289640
289642
289643
289645
289646
289647
289648
289650
289652
289653
289654
289656
289658
289660
289661
289662
289664
289665
289666
289667
289668
289669
289670
289671
289673
289676
289677
289678
289679
289680
289681
289682
289683
289684
289685
289687
289688
289689
289691
289695
289696
289697
289698
289699
289700
289701
289702
289704
289706
289708
289709
289711
289712
289713
289716
289717
289718
289719
289720
289721
289723
289725
289726
289727
289728
289729
289731
289732
289733
289735
289736
289739
289740
289742
289743
289744
289746
289747
289749
289750
289751
289752
289755
289756
289757
289759
289760
289761
289762
289763
289764
289765
289766
289767
289768
289769
289770
289772
289774
289775
289776
289778
289779
289780
289781
289785
289787
289789
289793
289794
289795
289796
289798
289799
289800
289801
289802
289803
289804
289805
289806
289807
289808
289809
289810
289812
289813
289815
289817
289818
289819
289820
289821
289822
289824
289825
289826
289827
289828
289829
289830
289831
289832
289834
289835
289837
289839
289842
289843
289844
289845
289846
289847
289848
289849
289850
289851
289852
289853
289854
289855
289857
289858
289859
289860
289863
289864
289866
289867
289868
289869
289872
289873
289876
289877
289878
289879
289880
289881
289882
289884
289886
289887
289888
289890
289891
289892
289893
289894
289896
289898
289899
289900
289901
289903
289904
289905
289906
289907
289908
289909
289910
289912
289913
289915
289916
289917
289918
289920
289921
289922
289923
289924
289925
289926
289928
289929
289930
289931
289933
289934
289936
289937
289938
289939
289941
289942
289943
289944
289945
289946
289947
289949
289950
289952
289953
289954
289955
289956
289957
289959
289960
289961
289962
289964
289965
289966
289967
289968
289969
289972
289973
289975
289976
289977
289981
289982
289983
289984
289985
289986
289987
289988
289990
289991
289992
289993
289994
289995
289997
289998
289999
290000
290003
290004
290006
290007
290008
290009
290010
290011
290012
290013
290014
290015
290017
290020
290021
290022
290023
290024
290025
290027
290028
290030
290031
290032
290034
290036
290037
290038
290039
290041
290042
290043
290046
290047
290049
290052
290054
290056
290057
290059
290061
290063
290064
290065
290067
290068
290069
290071
290073
290074
290078
290079
290080
290081
290083
290084
290085
290086
290087
290088
290089
290090
290091
290092
290093
290094
290095
290096
290097
290099
290100
290101
290102
290103
290104
290106
290107
290109
290110
290111
290112
290114
290115
290116
290120
290121
290122
290123
290125
290126
290128
290129
290130
290131
290132
290133
290134
290135
290136
290139
290141
290142
290143
290144
290145
290146
290147
290148
290149
290150
290153
290154
290156
290157
290159
290160
290161
290162
290163
290164
290170
290171
290172
290173
290174
290175
290177
290179
290180
290181
290183
290186
290187
290189
290191
290192
290194
290195
290196
290197
290198
290199
290200
290202
290203
290205
290206
290207
290208
290209
290210
290211
290212
290213
290214
290215
290217
290218
290219
290220
290221
290222
290225
290227
290228
290229
290230
290231
290232
290234
290237
290238
290239
290240
290241
290242
290243
290247
290248
290249
290250
290251
290252
290253
290254
290255
290258
290259
290261
290262
290264
290265
290266
290268
290269
290270
290271
290272
290274
290275
290276
290277
290278
290279
290280
290283
290284
290285
290286
290288
290289
290290
290291
290292
290295
290297
290298
