15447
15448
15450
15452
15454
15455
15457
15458
15459
15461
15463
15464
15465
15471
15473
15474
15475
15477
15478
15479
15481
15483
15484
15486
15488
15489
15491
15493
15494
15495
15500
15503
15505
15506
15507
15508
15509
15510
15511
15512
15513
15514
15515
15519
15522
15524
15525
15526
15528
15530
15531
15532
15533
15534
15540
15541
15543
15546
15547
15548
15549
15551
15553
15557
15559
15560
15561
15562
15565
15566
15567
15569
15570
15571
15574
15577
15579
15580
15581
15582
15583
15584
15585
15586
15587
15591
15592
15593
15594
15595
15598
15599
15601
15603
15604
15606
15607
15609
15610
15611
15617
15618
15619
15621
15622
15623
15624
15626
15627
15628
15629
15630
15632
15635
15636
15638
15639
15640
15641
15642
15644
15645
15647
15648
15650
15652
15653
15654
15658
15659
15660
15661
15662
15664
15665
15667
15668
15669
15670
15671
15673
15676
15677
15678
15679
15681
15682
15683
15684
15686
15687
15689
15691
15693
15695
15696
15697
15699
15701
15702
15703
15704
15705
15706
15707
15708
15710
15711
15712
15713
15714
15715
15716
15718
15721
15723
15724
15725
15726
15727
15728
15729
15734
15736
15737
15739
15740
15741
15742
15743
15744
15746
15749
15756
15757
15761
15762
15763
15764
15766
15767
15768
15773
15774
15775
15776
15782
15783
15784
15785
15787
15790
15792
15793
15795
15801
15802
15805
15806
15808
15811
15812
15814
15815
15818
15819
15821
15823
15824
15825
15826
15827
15830
15831
15832
15833
15835
15838
15841
15843
15844
15846
15847
15848
15850
15852
15853
15854
15855
15856
15857
15858
15859
15860
15861
15862
15864
15865
15866
15868
15869
15870
15872
15873
15877
15878
15880
15881
15882
15885
15887
15889
15890
15891
15892
15893
15894
15895
15897
15899
15901
15902
15904
15905
15906
15907
15908
15909
15910
15915
15916
15918
15919
15920
15922
15923
15926
15927
15928
15930
15932
15933
15934
15935
15937
15938
15939
15941
15942
15946
15947
15948
15949
15950
15951
15952
15958
15959
15967
15969
15970
15971
15972
15978
15979
15980
15982
15983
15984
15985
15986
15987
15988
15989
15991
15993
15994
15995
15996
15998
15999
16002
16003
16004
16007
16009
16011
16012
16013
16014
16016
16017
16018
16019
16020
16023
16025
16026
16027
16028
16029
16030
16034
16035
16036
16037
16043
16045
16046
16048
16051
16052
16054
16058
16059
16061
16062
16063
16065
16067
16068
16069
16073
16074
16075
16076
16077
16078
16079
16080
16081
16083
16085
16087
16088
16090
16092
16097
16098
16100
16104
16106
16108
16109
16110
16116
16117
16118
16119
16120
16121
16122
16125
16126
16127
16129
16130
16133
16134
16135
16136
16137
16139
16141
16145
16146
16147
16149
16150
16154
16155
16156
16157
16158
16159
16161
16165
16166
16167
16169
16171
16172
16173
16174
16175
16177
16180
16182
16183
16189
16191
16192
16193
16194
16196
16197
16198
16201
16204
16205
16206
16208
16210
16211
16212
16214
16215
16216
16218
16219
16220
16221
16222
16224
16225
16226
16230
16231
16232
16236
16237
16238
16239
16240
16241
16242
16243
16244
16245
16248
16250
16253
16257
16258
16259
16260
16261
16262
16267
16269
16270
16271
16272
16273
16275
16276
16277
16280
16282
16284
16287
16288
16289
16290
16292
16293
16294
16296
16297
16299
16301
16302
16304
16305
16307
16308
16309
16310
16317
16318
16319
16320
16321
16322
16323
16325
16327
16329
16330
16333
16334
16335
16336
16338
16340
16341
16343
16346
16349
16350
16351
16352
16353
16354
16357
16360
16361
16365
16367
16369
16370
16372
16373
16374
16376
16377
16378
16380
16381
16383
16384
16385
16386
16387
16389
16392
16393
16395
16396
16397
16399
16400
16402
16403
16404
16405
16406
16407
16408
16409
16410
16411
16412
16413
16414
16416
16417
16418
16419
16422
16423
16424
16425
16427
16429
16431
16432
16433
16435
16436
16440
16441
16444
16445
16446
16447
16448
16449
16451
16458
16460
16461
16463
16464
16469
16470
16471
16475
16477
16478
16481
16482
16486
16487
16488
16489
16490
16491
16492
16495
16497
16499
16500
16501
16504
16506
16508
16511
16512
16513
16514
16516
16517
16518
16519
16526
16527
16528
16529
16530
16531
16532
16534
16536
16538
16542
16543
16545
16546
16547
16548
16551
16552
16553
16554
16556
16557
16558
16561
16563
16565
16566
16567
16571
16572
16574
16577
16578
16582
16583
16586
16587
16591
16593
16594
16597
16598
16599
16600
16602
16603
16605
16606
16608
16609
16610
16611
16613
16614
16617
16618
16619
16624
16625
16627
16629
16631
16632
16633
16634
16637
16638
16639
16640
16641
16643
16645
16647
16648
16650
16651
16652
16654
16655
16656
16658
16661
16662
16664
16665
16668
16671
16672
16673
16674
16675
16677
16680
16682
16683
16685
16689
16690
16691
16692
16694
16697
16698
16699
16700
16701
16703
16705
16707
16709
16710
16711
16717
16718
16720
16721
16722
16726
16727
16728
16729
16730
16731
16732
16733
16734
16735
16736
16738
16739
16740
16741
16744
16745
16746
16749
16750
16751
16752
16754
16755
16756
16757
16758
16760
16761
16762
16763
16765
16767
16768
16772
16774
16776
16777
16782
16784
16785
16786
16787
16789
16790
16791
16792
16795
16796
16797
16798
16799
16800
16801
16802
16803
16804
16805
16806
16807
16808
16809
16810
16811
16813
16814
16815
16817
16820
16822
16823
16824
16825
16826
16827
16828
16829
16830
16831
16835
16837
16838
16840
16841
16842
16843
16847
16848
16852
16854
16856
16857
16858
16859
16860
16861
16862
16863
16864
16865
16866
16869
16870
16871
16872
16873
16874
16877
16879
16882
16883
16885
16886
16889
16891
16898
16900
16902
16903
16904
16905
16908
16910
16913
16915
16916
16918
16919
16921
16925
16927
16928
16929
16930
16932
16934
16939
16941
16942
16944
16947
16948
16950
16952
16953
16955
16957
16959
16961
16964
16965
16966
16967
16968
16970
16972
16973
16975
16977
16979
16980
16981
16982
16984
16985
16986
16987
16988
16989
16991
16992
16993
16994
16995
16996
16997
16998
16999
17000
17001
17004
17007
17009
17010
17013
17015
17017
17018
17021
17022
17024
17026
17027
17028
17030
17031
17032
17033
17034
17036
17037
17038
17039
17040
17041
17042
17043
17044
17045
17046
17048
17049
17050
17052
17056
17057
17059
17061
17062
17063
17065
17066
17068
17069
17070
17071
17072
17073
17074
17077
17078
17081
17085
17086
17088
17089
17091
17093
17094
17095
17098
17099
17100
17101
17102
17117
17118
17119
17121
17124
17126
17128
17129
17130
17132
17134
17136
17138
17140
17142
17144
17145
17146
17148
17152
17153
17155
17156
17160
17161
17164
17166
17168
17169
17170
17174
17175
17176
17177
17178
17183
17185
17187
17189
17190
17191
17192
17193
17196
17197
17198
17200
17201
17203
17205
17206
17208
17210
17211
17213
17214
17215
17216
17217
17218
17220
17221
17222
17224
17226
17229
17232
17233
17234
17235
17236
17237
17240
17242
17243
17245
17247
17248
17249
17250
17251
17252
17253
17254
17255
17256
17258
17260
17261
17262
17264
17265
17267
17270
17272
17273
17276
17277
17280
17282
17283
17285
17287
17288
17289
17290
17293
17294
17295
17296
17297
17298
17299
17300
17301
17302
17303
17304
17306
17307
17308
17310
17311
17312
17313
17317
17318
17319
17320
17321
17324
17325
17326
17328
17330
17331
17332
17334
17335
17336
17338
17339
17341
17342
17343
17345
17346
17347
17348
17350
17352
17353
17354
17355
17356
17357
17359
17360
17361
17362
17363
17364
17368
17370
17371
17373
17374
17375
17376
17377
17379
17380
17381
17383
17384
17385
17386
17390
17391
17393
17394
17396
17397
17398
17400
17402
17403
17404
17405
17406
17407
17411
17412
17422
17427
17428
17429
17435
17436
17437
17438
17440
17444
17445
17448
17451
17452
17453
17454
17457
17458
17459
17460
17461
17462
17463
17464
17465
17466
17468
17469
17472
17475
17476
17477
17479
17482
17484
17485
17486
17489
17490
17491
17494
17495
17496
17497
17498
17499
17500
17502
17503
17504
17505
17506
17507
17508
17509
17510
17512
17513
17514
17515
17516
17518
17520
17521
17527
17529
17531
17534
17535
17536
17538
17539
17540
17541
17542
17543
17544
17545
17546
17548
17549
17551
17552
17553
17555
17556
17558
17559
17560
17561
17563
17564
17566
17568
17569
17574
17575
17577
17578
17581
17583
17584
17586
17587
17588
17592
17593
17594
17595
17596
17597
17598
17599
17600
17602
17603
17606
17608
17612
17613
17614
17615
17617
17621
17622
17623
17624
17625
17626
17628
17630
17631
17632
17635
17636
17641
17645
17646
17647
17649
17650
17652
17655
17656
17658
17659
17660
17661
17662
17663
17664
17665
17666
17670
17671
17672
17674
17677
17678
17679
17683
17684
17685
17689
17690
17695
17698
17700
17703
17704
17705
17706
17707
17708
17709
17711
17712
17713
17714
17715
17716
17720
17721
17722
17723
17724
17726
17727
17729
17730
17731
17732
17733
17734
17735
17736
17737
17738
17739
17740
17741
17743
17744
17745
17746
17747
17748
17749
17750
17751
17752
17753
17755
17756
17757
17759
17763
17765
17767
17769
17770
17773
17774
17775
17776
17777
17778
17781
17782
17783
17784
17785
17786
17787
17789
17790
17791
17797
17798
17802
17803
17806
17807
17809
17811
17812
17816
17818
17819
17820
17823
17826
17827
17828
17829
17831
17837
17839
17841
17842
17845
17847
17848
17849
17852
17855
17856
17858
17860
17866
17867
17868
17869
17870
17871
17872
17873
17876
17879
17881
17882
17883
17884
17886
17887
17889
17890
17891
17892
17895
17896
17898
17899
17900
17901
17902
17903
17906
17907
17908
17909
17910
17911
17912
17913
17914
17915
17916
17917
17918
17919
17922
17924
17926
17927
17929
17930
17932
17933
17934
17935
17936
17937
17938
17939
17940
17941
17942
17944
17945
17947
17948
17950
17951
17952
17953
17954
17955
17956
17957
17958
17962
17963
17964
17965
17966
17967
17968
17969
17970
17971
17973
17974
17975
17976
17977
17978
17981
17982
17984
17985
17986
17990
17991
17992
17993
17994
17995
17996
17997
17998
18001
18002
18004
18005
18007
18008
18010
18012
18013
18014
18016
18017
18018
18019
18020
18021
18022
18024
18025
18026
18027
18028
18029
18032
18034
18035
18038
18041
18042
18044
18045
18047
18048
18049
18052
18053
18056
18057
18059
18065
18066
18068
18069
18072
18073
18074
18077
18080
18081
18082
18083
18085
18086
18088
18089
18090
18095
18096
18097
18100
18101
18102
18104
18105
18108
18110
18112
18113
18116
18117
18118
18119
18120
18121
18124
18125
18127
18128
18129
18130
18131
18132
18133
18135
18136
18138
18140
18142
18143
18145
18150
18151
18153
18155
18157
18159
18162
18163
18166
18167
18168
18169
18170
18173
18174
18175
18176
18177
18178
18179
18180
18181
18184
18185
18186
18187
18188
18189
18190
18192
18193
18194
18195
18196
18197
18198
18200
18201
18203
18204
18205
18206
18208
18209
18210
18211
18213
18215
18216
18217
18220
18221
18222
18223
18225
18227
18229
18230
18231
18232
18234
18236
18238
18239
18240
18243
18244
18245
18246
18247
18248
18249
18250
18251
18252
18255
18256
18258
18259
18260
18261
18262
18264
18265
18266
18267
18270
18272
18273
18275
18276
18279
18280
18284
18286
18287
18288
18289
18291
18293
18295
18297
18298
18299
18300
18301
18302
18303
18304
18305
18306
18307
18308
18309
18311
18312
18314
18315
18316
18317
18322
18324
18325
18327
18328
18329
18330
18331
18334
18336
18339
18340
18344
18346
18347
18348
18349
18350
18352
18353
18354
18355
18356
18357
18358
18360
18363
18364
18366
18367
18369
18370
18371
18372
18373
18374
18376
18377
18378
18379
18380
18381
18382
18386
18387
18388
18389
18391
18392
18394
18395
18400
18401
18403
18404
18406
18407
18408
18409
18411
18412
18414
18415
18416
18417
18418
18419
18421
18423
18424
18426
18428
18429
18430
18431
18432
18434
18435
18436
18439
18440
18444
18447
18448
18449
18450
18451
18453
18454
18455
18456
18457
18458
18460
18463
18467
18468
18471
18472
18473
18474
18480
18485
18488
18489
18491
18492
18494
18495
18497
18498
18500
18501
18503
18504
18505
18507
18511
18515
18516
18518
18520
18521
18523
18524
18526
18528
18529
18530
18531
18533
18535
18536
18538
18539
18540
18543
18544
18548
18549
18550
18551
18554
18556
18559
18560
18562
18566
18568
18569
18570
18571
18572
18574
18575
18576
18577
18578
18579
18580
18584
18585
18586
18587
18589
18590
18592
18593
18594
18595
18597
18598
18599
18600
18603
18604
18605
18606
18607
18609
18610
18613
18614
18615
18616
18617
18618
18619
18621
18622
18624
18625
18627
18628
18629
18630
18632
18633
18634
18635
18638
18639
18640
18641
18642
18643
18644
18646
18647
18648
18650
18651
18652
18653
18655
18659
18660
18661
18663
18664
18665
18666
18667
18668
18671
18672
18675
18676
18677
18678
18679
18681
18683
18686
18688
18690
18691
18693
18694
18697
18698
18699
18701
18702
18703
18704
18706
18707
18708
18709
18721
18722
18726
18728
18730
18732
18733
18735
18737
18739
18740
18741
18742
18743
18744
18746
18747
18748
18749
18750
18751
18752
18755
18756
18758
18759
18761
18762
18765
18766
18767
18768
18769
18770
18772
18773
18775
18776
18777
18780
18782
18783
18785
18786
18787
18788
18789
18790
18791
18793
18794
18795
18796
18797
18798
18800
18801
18803
18804
18805
18807
18808
18809
18811
18814
18815
18816
18818
18819
18825
18826
18827
18830
18832
18834
18836
18837
18840
18842
18843
18844
18846
18847
18848
18849
18850
18851
18854
18855
18856
18858
18859
18860
18861
18862
18866
18867
18868
18869
18870
18873
18874
18876
18877
18878
18880
18884
18885
18886
18887
18888
18891
18895
18896
18898
18901
18903
18905
18906
18909
18910
18911
18913
18914
18915
18917
18920
18923
18925
18926
18927
18931
18933
18934
18935
18938
18942
18944
18945
18946
18949
18951
18952
18954
18955
18956
18957
18958
18960
18962
18965
18966
18968
18969
18970
18972
18973
18974
18975
18976
18978
18979
18980
18981
18985
18986
18987
18989
18991
18996
18997
18998
18999
19001
19004
19009
19010
19016
19019
19022
19024
19026
19028
19030
19031
19033
19035
19036
19038
19039
19041
19042
19043
19044
19045
19046
19047
19049
19051
19052
19053
19054
19055
19056
19057
19058
19060
19063
19064
19066
19067
19070
19071
19073
19076
19077
19078
19079
19080
19082
19085
19086
19089
19090
19092
19093
19094
19095
19096
19099
19100
19102
19103
19104
19106
19107
19108
19109
19111
19112
19114
19115
19117
19119
19120
19121
19122
19123
19124
19125
19126
19128
19129
19130
19132
19133
19134
19135
19136
19137
19138
19139
19141
19142
19143
19144
19145
19147
19148
19149
19151
19153
19154
19156
19157
19158
19159
19160
19161
19162
19163
19165
19166
19167
19170
19171
19172
19173
19174
19175
19176
19178
19179
19180
19182
19184
19185
19186
19194
19196
19197
19199
19201
19202
19204
19207
19209
19211
19212
19214
19215
19216
19217
19219
19220
19221
19222
19224
19225
19226
19227
19228
19229
19230
19231
19232
19233
19234
19235
19236
19237
19238
19239
19240
19241
19242
19244
19245
19246
19250
19251
19252
19253
19254
19256
19257
19260
19261
19262
19263
19264
19266
19267
19268
19271
19272
19275
19276
19277
19278
19279
19281
19284
19285
19286
19287
19289
19291
19292
19294
19295
19296
19300
19301
19302
19303
19305
19307
19310
19311
19312
19315
19317
19319
19320
19321
19322
19323
19324
19325
19326
19327
19328
19330
19331
19332
19333
19336
19337
19338
19340
19341
19342
19344
19346
19347
19348
19349
19350
19351
19353
19354
19355
19357
19358
19359
19361
19363
19365
19367
19368
19369
19370
19371
19372
19373
19374
19375
19376
19377
19381
19382
19384
19385
19386
19387
19389
19390
19391
19393
19394
19395
19396
19398
19399
19400
19401
19402
19403
19404
19405
19406
19409
19411
19412
19413
19414
19418
19419
19421
19422
19423
19424
19425
19426
19427
19428
19430
19431
19432
19433
19434
19436
19437
19438
19439
19440
19441
19443
19444
19445
19446
19448
19450
19451
19452
19453
19455
19456
19457
19458
19459
19460
19461
19463
19464
19467
19468
19469
19471
19472
19473
19474
19475
19476
19479
19481
19483
19484
19486
19487
19488
19489
19491
19492
19493
19498
19499
19500
19501
19502
19505
19506
19508
19509
19510
19512
19513
19515
19516
19517
19518
19519
19523
19524
19525
19526
19527
19530
19531
19532
19533
19534
19535
19536
19538
19539
19540
19542
19543
19545
19546
19547
19548
19549
19550
19551
19553
19556
19558
19561
19563
19564
19565
19567
19568
19569
19572
19573
19574
19575
19576
19577
19579
19580
19581
19582
19583
19584
19585
19590
19591
19593
19594
19595
19596
19598
19599
19600
19602
19603
19606
19608
19609
19610
19614
19615
19616
19617
19618
19619
19622
19624
19625
19626
19628
19629
19632
19633
19634
19637
19639
19640
19641
19642
19644
19645
19646
19649
19651
19652
19654
19658
19659
19660
19663
19664
19666
19668
19669
19671
19672
19673
19676
19679
19681
19684
19685
19687
19690
19692
19694
19695
19699
19702
19703
19705
19706
19707
19708
19712
19714
19715
19716
19717
19719
19721
19723
19726
19727
19728
19729
19730
19731
19732
19734
19737
19738
19739
19741
19742
19744
19746
19747
19748
19749
19751
19752
19753
19755
19756
19758
19760
19762
19763
19767
19768
19770
19772
19774
19775
19776
19779
19781
19782
19783
19784
19787
19788
19789
19792
19794
19795
19797
19798
19799
19802
19803
19806
19808
19809
19810
19811
19812
19814
19815
19816
19817
19818
19819
19822
19823
19824
19825
19826
19827
19828
19830
19831
19832
19833
19835
19836
19837
19838
19839
19840
19841
19843
19846
19847
19852
19853
19856
19857
19858
19859
19860
19861
19863
19865
19866
19868
19869
19871
19874
19875
19878
19879
19880
19881
19882
19883
19884
19885
19886
19887
19889
19890
19891
19892
19893
19896
19897
19898
19899
19900
19901
19902
19904
19905
19906
19907
19908
19909
19911
19912
19915
19916
19917
19922
19924
19925
19926
19928
19929
19930
19931
19934
19936
19937
19938
19939
19942
19943
19944
19945
19946
19947
19948
19949
19951
19952
19954
19956
19957
19958
19959
19960
19961
19963
19965
19967
19968
19969
19971
19973
19975
19976
19977
19978
19983
19984
19985
19986
19987
19988
19989
19991
19992
19993
19996
19997
19999
20001
20002
20003
20004
20005
20006
20007
20010
20011
20012
20014
20016
20017
20018
20019
20020
20022
20023
20027
20028
20030
20032
20033
20034
20035
20038
20040
20041
20042
20045
20046
20047
20048
20051
20052
20054
20055
20056
20058
20061
20064
20065
20066
20068
20069
20070
20071
20075
20076
20077
20079
20080
20081
20084
20085
20094
20101
20103
20104
20105
20106
20107
20109
20112
20114
20115
20116
20118
20120
20122
20123
20125
20126
20128
20129
20132
20135
20138
20140
20141
20142
20143
20145
20146
20149
20150
20151
20152
20153
20154
20156
20157
20158
20159
20160
20162
20163
20164
20166
20168
20169
20170
20171
20174
20175
20176
20177
20178
20179
20180
20181
20182
20183
20185
20186
20188
20189
20190
20191
20192
20193
20195
20196
20198
20199
20202
20203
20205
20210
20211
20212
20215
20216
20217
20218
20219
20220
20224
20226
20227
20228
20229
20230
20232
20233
20234
20235
20237
20238
20239
20240
20241
20242
20243
20244
20246
20247
20248
20249
20250
20251
20252
20253
20254
20256
20257
20258
20259
20260
20261
20262
20265
20266
20267
20269
20271
20272
20273
20274
20275
20276
20279
20282
20284
20288
20290
20292
20296
20297
20298
20299
20300
20301
20303
20304
20306
20307
20309
20310
20311
20313
20314
20315
20316
20317
20318
20319
20320
20321
20322
20323
20324
20325
20326
20328
20329
20330
20331
20332
20333
20334
20335
20336
20337
20341
20342
20343
20344
20346
20348
20350
20351
20352
20354
20355
20356
20357
20359
20360
20362
20363
20368
20369
20371
20372
20373
20374
20375
20377
20379
20380
20381
20386
20387
20390
20391
20392
20393
20394
20396
20400
20401
20404
20405
20406
20407
20408
20409
20411
20413
20415
20416
20417
20419
20420
20421
20423
20426
20427
20431
20432
20435
20436
20438
20441
20442
20443
20444
20445
20447
20448
20450
20451
20452
20453
20455
20456
20457
20458
20459
20463
20464
20465
20466
20467
20468
20469
20470
20471
20474
20475
20476
20479
20480
20481
20483
20484
20486
20487
20488
20490
20492
20495
20496
20498
20500
20501
20502
20503
20505
20506
20507
20508
20511
20513
20518
20522
20525
20526
20528
20529
20532
20534
20535
20536
20538
20539
20541
20542
20543
20544
20545
20548
20550
20551
20552
20553
20555
20556
20560
20561
20562
20564
20565
20566
20567
20569
20571
20576
20578
20581
20582
20583
20585
20586
20587
20588
20590
20591
20594
20595
20596
20600
20601
20602
20603
20604
20606
20607
20608
20610
20611
20612
20616
20617
20620
20626
20627
20628
20629
20632
20634
20635
20636
20637
20639
20640
20641
20642
20643
20644
20646
20648
20650
20651
20652
20653
20654
20655
20657
20662
20663
20665
20668
20669
20670
20672
20674
20675
20676
20678
20681
20683
20685
20686
20687
20688
20691
20694
20697
20698
20701
20702
20703
20705
20706
20707
20711
20713
20715
20717
20718
20719
20724
20725
20726
20728
20730
20732
20733
20734
20735
20736
20741
20743
20746
20749
20750
20751
20752
20754
20755
20760
20761
20762
20763
20764
20766
20769
20770
20771
20772
20773
20775
20776
20777
20778
20779
20780
20781
20782
20783
20784
20785
20786
20787
20789
20791
20792
20793
20796
20799
20800
20801
20802
20804
20806
20808
20809
20810
20812
20813
20815
20818
20820
20822
20824
20825
20827
20831
20832
20834
20835
20836
20838
20839
20840
20841
20842
20844
20846
20848
20849
20850
20851
20852
20853
20854
20855
20857
20858
20859
20861
20862
20868
20869
20872
20873
20875
20878
20879
20880
20881
20882
20883
20885
20886
20887
20888
20889
20891
20892
20893
20894
20895
20897
20899
20902
20904
20906
20907
20910
20911
20912
20913
20914
20915
20916
20917
20918
20919
20920
20923
20924
20926
20927
20928
20930
20931
20932
20934
20935
20937
20938
20939
20940
20941
20942
20943
20944
20945
20946
20948
20951
20953
20954
20955
20956
20957
20958
20959
20964
20965
20967
20968
20969
20970
20972
20973
20975
20976
20978
20979
20980
20981
20982
20983
20985
20986
20987
20989
20990
20992
20993
20994
20998
21000
21002
21004
21006
21007
21008
21010
21011
21012
21013
21014
21016
21017
21018
21020
21021
21022
21025
21026
21031
21032
21033
21034
21035
21036
21037
21038
21046
21047
21048
21049
21050
21051
21052
21053
21055
21057
21058
21060
21062
21063
21065
21068
21069
21070
21071
21074
21078
21080
21081
21082
21084
21085
21086
21091
21092
21093
21094
21096
21097
21099
21102
21103
21105
21108
21109
21111
21112
21113
21114
21115
21116
21117
21119
21121
21123
21124
21125
21126
21128
21130
21135
21136
21138
21139
21140
21141
21142
21143
21144
21145
21146
21147
21148
21151
21154
21156
21157
21158
21159
21161
21162
21163
21165
21166
21168
21170
21171
21172
21173
21175
21179
21180
21181
21183
21184
21185
21186
21187
21189
21190
21191
21193
21194
21197
21198
21199
21200
21202
21203
21205
21206
21207
21208
21209
21210
21213
21216
21217
21218
21222
21224
21225
21226
21227
21229
21231
21232
21235
21236
21237
21238
21239
21242
21243
21248
21250
21251
21252
21253
21256
21258
21259
21262
21263
21264
21265
21266
21267
21268
21269
21270
21272
21273
21275
21276
21278
21279
21280
21281
21283
21285
21286
21287
21288
21289
21290
21292
21293
21294
21296
21297
21298
21299
21300
21301
21302
21305
21306
21307
21308
21309
21310
21311
21312
21313
21314
21315
21316
21317
21318
21319
21320
21322
21324
21325
21326
21327
21329
21330
21331
21333
21334
21335
21336
21338
21340
21342
21343
21350
21353
21356
21358
21361
21362
21363
21364
21367
21373
21375
21376
21377
21378
21380
21381
21382
21383
21384
21386
21387
21388
21389
21390
21391
21394
21395
21398
21399
21400
21402
21403
21404
21405
21407
21408
21409
21410
21411
21412
21413
21414
21417
21418
21419
21420
21421
21422
21423
21424
21425
21426
21427
21428
21429
21431
21432
21433
21434
21435
21436
21438
21439
21440
21441
21442
21443
21445
21446
21448
21449
21450
21451
21452
21453
21455
21456
21457
21458
21459
21460
21461
21462
21463
21464
21467
21468
21470
21472
21473
21475
21476
21477
21478
21479
21481
21486
21487
21488
21489
21490
21492
21493
21495
21496
21497
21498
21499
21500
21501
21502
21503
21504
21506
21507
21508
21510
21511
21512
21514
21515
21516
21517
21519
21520
21521
21523
21524
21528
21529
21530
21531
21532
21535
21538
21539
21540
21543
21544
21545
21546
21548
21549
21550
21553
21554
21556
21559
21563
21564
21565
21567
21568
21571
21572
21573
21574
21577
21578
21582
21584
21585
21587
21589
21592
21596
21598
21603
21606
21607
21608
21609
21610
21612
21613
21614
21615
21617
21618
21619
21620
21621
21622
21623
21624
21626
21627
21628
21629
21630
21631
21632
21634
21636
21637
21638
21640
21641
21642
21643
21644
21647
21648
21649
21651
21652
21654
21656
21657
21658
21659
21661
21664
21665
21666
21667
21668
21669
21670
21675
21676
21677
21678
21679
21682
21684
21686
21687
21689
21690
21691
21692
21696
21697
21698
21700
21702
21703
21704
21705
21707
21708
21709
21711
21712
21713
21714
21715
21716
21718
21719
21720
21722
21723
21726
21727
21728
21729
21730
21732
21733
21736
21737
21738
21739
21741
21742
21743
21745
21746
21747
21748
21749
21752
21753
21754
21755
21756
21757
21759
21760
21763
21765
21766
21767
21768
21769
21770
21771
21772
21773
21775
21776
21779
21780
21781
21782
21783
21784
21785
21786
21788
21789
21790
21792
21796
21797
21798
21799
21800
21801
21802
21804
21806
21809
21810
21812
21813
21814
21815
21817
21818
21819
21820
21822
21824
21825
21826
21827
21828
21829
21830
21831
21832
21834
21842
21843
21844
21846
21848
21849
21850
21851
21852
21853
21854
21856
21859
21860
21863
21864
21866
21867
21868
21869
21870
21871
21872
21873
21874
21875
21876
21879
21880
21881
21884
21888
21889
21895
21896
21898
21899
21901
21902
21904
21905
21906
21909
21910
21913
21914
21915
21917
21918
21920
21921
21922
21924
21925
21926
21927
21928
21929
21934
21935
21936
21938
21940
21941
21942
21943
21945
21946
21948
21949
21950
21951
21952
21954
21955
21957
21958
21959
21960
21963
21964
21965
21966
21967
21968
21970
21972
21973
21974
21975
21976
21977
21978
21979
21980
21982
21984
21987
21989
21992
21994
21995
21997
21999
22000
22001
22002
22004
22005
22006
22019
22023
22026
22028
22029
22030
22033
22034
22036
22037
22043
22045
22046
22048
22050
22051
22057
22061
22063
22064
22065
22066
22067
22068
22070
22073
22075
22077
22079
22081
22082
22083
22084
22086
22087
22090
22091
22096
22097
22098
22101
22102
22103
22104
22105
22106
22107
22108
22109
22110
22111
22112
22113
22114
22116
22120
22121
22124
22128
22129
22130
22131
22134
22136
22137
22138
22139
22140
22141
22142
22143
22144
22145
22146
22147
22148
22150
22153
22154
22156
22158
22159
22161
22162
22163
22165
22166
22167
22169
22171
22173
22174
22175
22176
22177
22178
22179
22181
22182
22184
22185
22186
22187
22188
22189
22190
22191
22192
22193
22194
22196
22198
22201
22205
22207
22208
22210
22211
22212
22216
22217
22218
22219
22223
22226
22229
22230
22231
22234
22235
22238
22239
22240
22243
22244
22245
22246
22247
22248
22249
22252
22253
22254
22255
22258
22260
22261
22263
22264
22265
22266
22267
22268
22269
22270
22271
22272
22273
22274
22275
22277
22279
22280
22281
22282
22283
22285
22287
22288
22289
22290
22292
22293
22294
22295
22296
22297
22298
22299
22300
22301
22302
22303
22304
22305
22306
22307
22308
22309
22311
22313
22315
22316
22317
22318
22320
22321
22322
22323
22326
22327
22328
22329
22330
22331
22332
22333
22334
22335
22337
22338
22339
22340
22341
22342
22345
22346
22348
22349
22350
22352
22353
22354
22356
22358
22361
22362
22363
22369
22371
22372
22373
22374
22375
22376
22377
22378
22379
22380
22381
22383
22384
22385
22386
22387
22390
22391
22392
22393
22395
22396
22399
22400
22401
22402
22403
22406
22407
22408
22409
22410
22412
22413
22414
22415
22417
22418
22419
22420
22421
22422
22425
22426
22427
22432
22433
22434
22435
22436
22437
22438
22440
22441
22442
22443
22444
22445
22446
22447
22448
22450
22451
22453
22454
22456
22457
22458
22459
22460
22461
22462
22464
22465
22468
22469
22471
22472
22475
22477
22478
22480
22481
22482
22483
22485
22486
22490
22491
22493
22494
22495
22496
22498
22501
22502
22504
22505
22506
22509
22510
22511
22512
22513
22514
22516
22517
22518
22519
22520
22523
22524
22525
22526
22527
22528
22531
22532
22533
22534
22535
22536
22538
22539
22541
22542
22543
22544
22545
22546
22547
22548
22550
22551
22554
22555
22556
22557
22558
22559
22560
22561
22562
22563
22564
22566
22569
22570
22571
22572
22573
22574
22575
22576
22577
22578
22579
22580
22583
22584
22586
22589
22590
22591
22592
22593
22594
22596
22597
22598
22599
22600
22601
22602
22603
22604
22605
22606
22607
22608
22610
22611
22612
22613
22614
22615
22617
22618
22619
22620
22621
22622
22623
22625
22626
22627
22631
22632
22638
22639
22642
22643
22644
22646
22648
22650
22654
22657
22658
22661
22663
22665
22667
22668
22669
22670
22672
22673
22674
22675
22676
22679
22683
22689
22690
22692
22693
22695
22698
22700
22701
22702
22704
22706
22707
22708
22710
22712
22713
22714
22717
22718
22720
22721
22722
22723
22728
22729
22730
22733
22735
22736
22740
22741
22742
22743
22744
22745
22747
22748
22750
22751
22752
22754
22755
22756
22758
22759
22761
22763
22764
22766
22769
22770
22775
22778
22779
22780
22781
22782
22784
22786
22788
22789
22791
22793
22794
22799
22800
22801
22803
22806
22807
22810
22811
22815
22817
22818
22819
22820
22821
22822
22823
22824
22825
22828
22830
22831
22832
22833
22835
22836
22837
22839
22840
22841
22842
22843
22845
22846
22847
22849
22850
22851
22852
22853
22856
22857
22858
22859
22861
22862
22863
22865
22866
22868
22869
22871
22872
22873
22874
22875
22876
22878
22880
22881
22883
22884
22887
22888
22889
22890
22891
22892
22893
22894
22895
22896
22898
22900
22901
22903
22904
22905
22906
22909
22910
22911
22912
22913
22914
22916
22917
22918
22919
22921
22922
22923
22924
22925
22927
22929
22930
22931
22932
22933
22936
22937
22941
22942
22944
22945
22946
22948
22949
22951
22952
22953
22954
22955
22956
22957
22958
22959
22960
22962
22964
22966
22970
22971
22973
22974
22975
22976
22977
22979
22980
22981
22988
22989
22990
22991
22992
22993
22995
22997
22999
23000
23002
23006
23007
23008
23010
23013
23015
23016
23017
23020
23021
23024
23025
23027
23028
23029
23030
23031
23032
23033
23035
23036
23038
23040
23041
23042
23043
23044
23046
23048
23052
23053
23055
23058
23060
23063
23064
23068
23069
23073
23074
23076
23078
23080
23082
23083
23086
23087
23088
23089
23091
23092
23093
23094
23096
23097
23099
23101
23103
23105
23106
23107
23108
23109
23110
23112
23121
23122
23124
23127
23128
23129
23130
23131
23136
23137
23138
23139
23140
23142
23143
23145
23147
23148
23149
23150
23153
23155
23156
23158
23159
23164
23165
23166
23167
23168
23169
23172
23173
23174
23175
23176
23178
23179
23180
23181
23182
23184
23185
23186
23188
23190
23191
23193
23194
23195
23196
23199
23200
23201
23202
23203
23206
23207
23209
23210
23211
23212
23213
23214
23215
23216
23219
23220
23221
23222
23223
23224
23225
23227
23229
23230
23232
23235
23236
23237
23240
23241
23242
23243
23244
23245
23247
23248
23250
23251
23252
23253
23254
23257
23258
23259
23260
23261
23262
23265
23267
23271
23272
23273
23275
23276
23277
23278
23279
23280
23281
23282
23283
23286
23288
23289
23290
23291
23292
23293
23294
23295
23296
23297
23299
23301
23304
23307
23308
23310
23312
23313
23315
23316
23317
23318
23319
23320
23321
23322
23323
23324
23325
23326
23327
23328
23330
23331
23332
23333
23334
23335
23336
23337
23340
23342
23343
23344
23345
23346
23347
23349
23350
23351
23352
23354
23356
23357
23361
23362
23363
23364
23366
23368
23369
23370
23371
23373
23375
23378
23379
23380
23381
23384
23387
23389
23390
23391
23393
23395
23396
23397
23401
23403
23404
23405
23407
23409
23410
23411
23412
23414
23415
23416
23417
23418
23420
23422
23423
23424
23425
23426
23427
23428
23429
23430
23431
23432
23434
23435
23436
23437
23438
23439
23440
23444
23445
23446
23447
23450
23451
23453
23454
23456
23457
23458
23459
23460
23461
23462
23464
23465
23466
23467
23468
23470
23471
23472
23473
23474
23475
23476
23478
23479
23481
23483
23484
23485
23486
23488
23489
23491
23492
23495
23497
23498
23500
23501
23502
23503
23504
23505
23506
23509
23510
23512
23513
23514
23515
23516
23517
23518
23519
23522
23523
23524
23526
23527
23528
23529
23530
23531
23532
23534
23536
23537
23538
23539
23541
23542
23544
23545
23546
23550
23551
23552
23553
23555
23556
23557
23558
23559
23560
23562
23563
23564
23566
23567
23569
23570
23571
23572
23574
23576
23577
23579
23581
23582
23583
23584
23585
23586
23587
23589
23593
23594
23595
23596
23598
23599
23600
23601
23602
23603
23604
23609
23610
23611
23613
23614
23618
23619
23620
23623
23625
23626
23627
23628
23629
23630
23631
23632
23633
23634
23636
23638
23639
23642
23643
23645
23646
23647
23648
23650
23651
23653
23654
23655
23656
23657
23660
23661
23662
23664
23666
23667
23669
23671
23673
23678
23681
23683
23684
23685
23687
23688
23689
23690
23691
23692
23695
23696
23697
23699
23702
23704
23705
23711
23712
23713
23716
23717
23718
23719
23720
23721
23722
23723
23724
23725
23726
23727
23728
23730
23732
23733
23734
23736
23737
23739
23741
23742
23743
23744
23745
23746
23749
23752
23753
23754
23755
23756
23758
23759
23760
23761
23762
23763
23767
23768
23769
23770
23771
23772
23773
23775
23776
23778
23779
23781
23782
23784
23788
23789
23790
23791
23794
23795
23797
23798
23800
23801
23809
23810
23811
23813
23814
23815
23816
23817
23823
23824
23825
23826
23827
23828
23832
23833
23836
23838
23839
23841
23842
23843
23844
23845
23846
23849
23850
23854
23855
23856
23857
23858
23859
23860
23862
23864
23865
23867
23869
23870
23871
23875
23879
23881
23882
23885
23886
23887
23888
23890
23894
23895
23897
23899
23901
23902
23903
23904
23905
23908
23910
23911
23915
23917
23918
23919
23920
23922
23923
23926
23927
23928
23929
23931
23932
23933
23935
23937
23938
23943
23944
23945
23949
23950
23951
23953
23955
23956
23957
23961
23964
23966
23967
23969
23971
23975
23977
23978
23981
23982
23988
23989
23990
23991
23992
23996
23997
23999
24000
24001
24002
24003
24005
24006
24008
24009
24010
24011
24013
24015
24017
24020
24023
24024
24025
24026
24027
24028
24030
24031
24032
24033
24035
24036
24037
24038
24039
24040
24041
24043
24045
24046
24047
24048
24049
24050
24051
24052
24053
24054
24055
24057
24058
24059
24060
24061
24062
24063
24064
24065
24066
24067
24068
24069
24071
24072
24073
24074
24075
24076
24078
24079
24080
24081
24082
24083
24084
24085
24086
24087
24089
24091
24092
24093
24097
24098
24099
24101
24103
24104
24105
24106
24107
24108
24110
24111
24112
24113
24114
24118
24119
24120
24122
24123
24124
24126
24127
24129
24130
24132
24133
24134
24135
24136
24137
24140
24142
24143
24145
24146
24147
24148
24150
24151
24152
24153
24154
24155
24156
24157
24158
24160
24161
24163
24165
24166
24167
24168
24169
24171
24174
24175
24176
24180
24183
24184
24186
24188
24189
24190
24193
24198
24201
24202
24203
24205
24207
24208
24209
24210
24211
24213
24214
24215
24217
24218
24219
24222
24223
24226
24227
24228
24229
24230
24231
24232
24234
24237
24239
24240
24241
24250
24251
24252
24253
24255
24256
24257
24258
24262
24265
24266
24267
24269
24270
24272
24273
24276
24277
24278
24280
24284
24285
24286
24288
24289
24290
24291
24292
24293
24294
24296
24297
24301
24302
24303
24305
24306
24309
24310
24311
24314
24315
24316
24317
24319
24321
24322
24323
24324
24326
24328
24329
24330
24333
24334
24335
24336
24339
24344
24345
24346
24347
24348
24349
24351
24354
24355
24356
24360
24361
24362
24363
24364
24365
24367
24368
24369
24371
24373
24375
24376
24377
24381
24382
24383
24385
24386
24387
24389
24391
24392
24394
24395
24397
24398
24400
24401
24402
24406
24407
24408
24409
24410
24411
24412
24413
24414
24417
24418
24419
24425
24427
24428
24430
24432
24434
24435
24436
24439
24440
24441
24442
24450
24455
24461
24462
24463
24464
24466
24474
24480
24482
24483
24484
24488
24489
24490
24491
24492
24494
24496
24497
24499
24500
24502
24504
24507
24510
24511
24512
24513
24514
24515
24516
24517
24518
24520
24521
24522
24523
24524
24525
24526
24527
24529
24532
24538
24540
24541
24542
24543
24545
24546
24547
24548
24549
24550
24551
24552
24553
24555
24556
24557
24559
24560
24561
24562
24563
24564
24565
24566
24569
24573
24574
24576
24578
24579
24580
24581
24582
24583
24584
24585
24588
24589
24591
24593
24594
24597
24598
24600
24601
24602
24604
24605
24606
24607
24609
24610
24611
24613
24614
24615
24616
24617
24618
24619
24620
24621
24622
24624
24625
24626
24629
24631
24632
24633
24634
24635
24636
24637
24639
24640
24641
24642
24643
24645
24647
24648
24649
24651
24652
24653
24655
24657
24658
24659
24661
24662
24663
24665
24666
24667
24668
24669
24670
24672
24673
24674
24677
24679
24681
24684
24685
24686
24688
24689
24692
24696
24697
24698
24699
24701
24703
24704
24705
24706
24707
24708
24709
24711
24712
24713
24716
24717
24721
24722
24724
24725
24727
24728
24729
24730
24733
24734
24736
24738
24739
24740
24744
24746
24747
24748
24749
24751
24752
24753
24754
24755
24756
24757
24760
24763
24765
24766
24769
24770
24771
24772
24774
24776
24779
24780
24781
24782
24785
24786
24787
24788
24791
24794
24795
24796
24797
24798
24799
24800
24801
24802
24803
24804
24807
24808
24810
24812
24817
24820
24821
24822
24824
24825
24828
24830
24831
24832
24836
24837
24838
24839
24840
24841
24842
24845
24846
24848
24849
24850
24852
24853
24854
24855
24857
24859
24860
24861
24862
24865
24866
24867
24868
24870
24871
24879
24885
24886
24887
24888
24889
24890
24891
24892
24893
24894
24895
24896
24897
24898
24899
24900
24901
24902
24904
24907
24908
24910
24913
24916
24918
24919
24922
24923
24925
24926
24928
24929
24930
24931
24932
24935
24937
24938
24939
24940
24941
24942
24943
24944
24945
24949
24950
24951
24954
24955
24957
24958
24959
24960
24961
24963
24964
24965
24967
24968
24971
24973
24974
24975
24976
24977
24979
24980
24981
24982
24984
24985
24986
24987
24988
24989
24990
24991
24992
24993
24994
24995
24997
24998
24999
25000
25001
25003
25004
25005
25006
25008
25009
25010
25011
25012
25013
25014
25015
25017
25018
25019
25020
25021
25022
25023
25025
25026
25028
25029
25031
25032
25033
25034
25035
25037
25038
25041
25042
25043
25044
25045
25049
25050
25051
25052
25054
25055
25056
25057
25058
25059
25065
25068
25070
25071
25072
25073
25074
25075
25080
25081
25082
25084
25085
25086
25087
25088
25089
25090
25092
25093
25094
25096
25098
25099
25100
25101
25102
25103
25104
25107
25108
25111
25113
25114
25115
25116
25117
25119
25120
25121
25122
25125
25129
25130
25132
25134
25135
25137
25138
25139
25140
25141
25142
25144
25146
25147
25148
25149
25151
25152
25153
25156
25158
25159
25164
25165
25168
25169
25172
25175
25176
25177
25180
25181
25182
25184
25185
25186
25187
25188
25189
25191
25193
25201
25204
25208
25210
25211
25212
25213
25214
25215
25217
25218
25219
25221
25222
25224
25226
25227
25228
25229
25230
25231
25236
25237
25238
25239
25243
25247
25249
25250
25251
25252
25255
25257
25259
25260
25261
25262
25263
25264
25272
25275
25278
25279
25281
25283
25284
25286
25287
25288
25290
25291
25292
25294
25295
25299
25301
25303
25305
25306
25309
25310
25311
25312
25313
25314
25316
25317
25319
25321
25322
25323
25324
25327
25328
25329
25331
25333
25334
25335
25336
25338
25341
25343
25345
25346
25348
25350
25351
25353
25355
25356
25357
25358
25359
25364
25365
25367
25368
25369
25370
25371
25373
25374
25375
25377
25378
25379
25380
25381
25382
25383
25384
25385
25386
25390
25391
25392
25393
25394
25395
25396
25397
25398
25399
25400
25401
25402
25403
25404
25406
25408
25410
25411
25412
25413
25414
25415
25416
25417
25419
25420
25421
25422
25423
25424
25425
25426
25427
25428
25429
25430
25431
25432
25433
25434
25435
25436
25438
25439
25440
25441
25442
25443
25444
25445
25446
25447
25449
25450
25451
25452
25453
25454
25455
25456
25457
25458
25460
25461
25462
25463
25465
25466
25470
25471
25473
25475
25476
25477
25478
25479
25481
25482
25483
25484
25485
25486
25488
25491
25492
25493
25494
25495
25497
25498
25501
25503
25504
25505
25507
25511
25512
25513
25514
25515
25517
25519
25521
25522
25523
25526
25528
25529
25531
25533
25534
25537
25539
25541
25542
25544
25546
25547
25549
25550
25551
25553
25554
25555
25560
25563
25565
25566
25567
25569
25571
25573
25574
25575
25576
25577
25580
25581
25582
25584
25587
25588
25590
25592
25595
25596
25597
25599
25600
25602
25603
25605
25608
25609
25610
25613
25614
25615
25616
25617
25618
25619
25620
25621
25622
25623
25624
25625
25626
25627
25628
25629
25631
25632
25634
25635
25637
25638
25639
25642
25644
25646
25647
25648
25650
25654
25656
25657
25658
25660
25662
25663
25664
25665
25667
25669
25673
25674
25677
25678
25679
25681
25682
25683
25684
25686
25688
25689
25690
25691
25692
25693
25694
25697
25698
25699
25700
25702
25705
25706
25710
25713
25714
25715
25716
25717
25718
25719
25725
25726
25729
25730
25731
25732
25733
25735
25737
25738
25740
25741
25742
25743
25744
25745
25748
25750
25752
25753
25754
25757
25759
25761
25764
25765
25767
25769
25770
25771
25772
25776
25779
25781
25782
25783
25785
25786
25787
25788
25789
25792
25794
25795
25796
25797
25798
25802
25805
25807
25808
25815
25816
25820
25821
25822
25823
25825
25827
25832
25833
25834
25835
25837
25842
25843
25846
25848
25851
25852
25853
25854
25856
25858
25859
25861
25862
25863
25864
25866
25867
25868
25869
25870
25874
25875
25877
25878
25880
25881
25882
25885
25886
25887
25888
25890
25891
25893
25896
25903
25905
25913
25914
25917
25918
25923
25927
25928
25930
25931
25932
25934
25936
25940
25941
25942
25943
25945
25946
25948
25950
25951
25952
25953
25954
25955
25956
25958
25959
25960
25961
25962
25963
25964
25966
25968
25969
25970
25972
25973
25974
25976
25977
25979
25980
25981
25984
25985
25986
25987
25988
25990
25991
25992
25993
25995
25996
25997
26000
26001
26002
26006
26007
26008
26009
26011
26013
26014
26015
26016
26017
26018
26019
26021
26022
26023
26024
26028
26029
26030
26031
26032
26034
26035
26036
26038
26040
26041
26042
26043
26045
26048
26049
26050
26051
26052
26053
26056
26059
26060
26061
26063
26065
26066
26068
26069
26070
26071
26075
26077
26079
26080
26082
26083
26085
26086
26087
26089
26091
26092
26093
26094
26095
26097
26098
26101
26102
26103
26104
26105
26107
26109
26110
26111
26112
26113
26114
26115
26116
26117
26118
26121
26122
26123
26125
26126
26127
26128
26129
26131
26133
26135
26136
26137
26138
26139
26141
26142
26144
26146
26147
26148
26149
26150
26151
26152
26153
26156
26159
26160
26162
26164
26165
26167
26168
26169
26170
26171
26173
26174
26175
26176
26177
26179
26180
26182
26186
26188
26190
26192
26193
26194
26195
26196
26197
26198
26199
26200
26201
26202
26204
26208
26210
26211
26213
26214
26215
26218
26220
26223
26226
26228
26229
26231
26233
26234
26235
26236
26239
26240
26241
26242
26243
26245
26247
26248
26249
26250
26251
26252
26253
26254
26255
26258
26259
26261
26262
26263
26264
26265
26267
26268
26271
26272
26273
26274
26275
26276
26279
26280
26282
26283
26284
26285
26286
26287
26289
26290
26292
26293
26295
26296
26298
26300
26301
26302
26304
26305
26307
26311
26312
26313
26314
26315
26321
26322
26324
26325
26327
26328
26330
26333
26335
26338
26339
26340
26341
26342
26345
26347
26349
26351
26352
26354
26355
26356
26358
26360
26361
26362
26365
26367
26368
26369
26371
26374
26376
26377
26380
26381
26382
26384
26386
26388
26389
26391
26392
26393
26395
26396
26397
26398
26399
26400
26401
26404
26405
26406
26407
26409
26412
26413
26414
26415
26416
26417
26420
26422
26423
26424
26425
26426
26428
26429
26430
26431
26433
26434
26435
26436
26437
26438
26439
26440
26441
26442
26444
26445
26446
26448
26450
26451
26452
26453
26455
26456
26457
26458
26460
26461
26465
26466
26468
26469
26472
26474
26476
26477
26479
26480
26483
26484
26485
26487
26488
26489
26491
26492
26493
26494
26496
26497
26498
26499
26500
26502
26503
26505
26507
26508
26509
26513
26517
26518
26520
26521
26522
26524
26525
26526
26527
26529
26530
26533
26534
26535
26536
26537
26539
26540
26541
26542
26543
26544
26545
26546
26548
26551
26552
26553
26554
26555
26556
26557
26558
26560
26561
26563
26565
26567
26568
26569
26571
26574
26579
26581
26582
26583
26587
26588
26589
26590
26591
26596
26598
26599
26600
26602
26604
26605
26607
26608
26610
26611
26615
26617
26618
26620
26621
26622
26623
26632
26634
26638
26639
26640
26643
26645
26646
26649
26650
26651
26652
26653
26655
26656
26657
26658
26659
26660
26661
26662
26664
26665
26666
26667
26668
26669
26670
26671
26672
26673
26674
26675
26676
26678
26679
26684
26685
26689
26690
26691
26692
26693
26694
26696
26698
26699
26702
26703
26704
26707
26708
26710
26715
26716
26717
26718
26720
26721
26722
26723
26725
26726
26728
26730
26731
26732
26733
26734
26738
26739
26742
26744
26746
26747
26748
26749
26750
26751
26753
26754
26755
26756
26757
26758
26759
26762
26764
26765
26767
26769
26770
26771
26772
26773
26774
26776
26777
26778
26779
26780
26781
26787
26789
26790
26794
26795
26796
26797
26800
26801
26803
26804
26806
26808
26809
26811
26812
26813
26815
26816
26818
26820
26822
26823
26824
26826
26827
26830
26831
26832
26833
26834
26835
26836
26837
26838
26840
26841
26842
26843
26844
26845
26847
26848
26851
26852
26853
26854
26855
26856
26857
26859
26861
26863
26864
26865
26866
26867
26868
26869
26870
26871
26872
26874
26878
26880
26881
26882
26883
26884
26885
26886
26887
26888
26889
26890
26892
26894
26895
26896
26897
26898
26899
26900
26901
26902
26904
26905
26906
26907
26908
26909
26911
26914
26917
26918
26919
26922
26925
26926
26927
26928
26929
26930
26931
26932
26933
26934
26935
26937
26938
26940
26941
26942
26943
26944
26945
26946
26948
26949
26950
26952
26953
26954
26955
26956
26957
26959
26960
26961
26962
26963
26964
26965
26966
26967
26968
26969
26971
26972
26973
26974
26975
26978
26979
26980
26981
26982
26983
26984
26985
26988
26991
26993
26996
26997
26998
26999
27000
27003
27005
27006
27008
27009
27011
27012
27013
27014
27015
27017
27018
27020
27021
27022
27023
27024
27026
27027
27028
27029
27030
27032
27033
27034
27035
27036
27037
27038
27039
27040
27041
27042
27043
27044
27045
27046
27047
27048
27049
27050
27051
27052
27053
27054
27058
27059
27060
27061
27063
27064
27065
27066
27067
27068
27069
27070
27071
27072
27073
27074
27075
27076
27077
27078
27079
27080
27082
27083
27084
27085
27086
27087
27088
27089
27090
27091
27092
27093
27095
27096
27097
27098
27099
27100
27101
27102
27103
27104
27105
27107
27108
27109
27110
27111
27112
27113
27115
27119
27121
27122
27123
27125
27126
27129
27130
27131
27133
27135
27136
27138
27142
27143
27144
27145
27149
27150
27156
27159
27161
27162
27164
27166
27167
27172
27174
27175
27176
27178
27179
27181
27183
27185
27188
27189
27192
27193
27194
27196
27200
27201
27205
27206
27207
27208
27210
27211
27212
27214
27215
27216
27217
27220
27221
27222
27223
27226
27227
27228
27230
27231
27233
27235
27236
27238
27239
27240
27241
27242
27246
27247
27248
27249
27250
27251
27252
27253
27256
27257
27258
27259
27260
27261
27264
27267
27268
27269
27270
27272
27273
27274
27276
27277
27280
27282
27287
27288
27289
27290
27291
27292
27293
27294
27296
27299
27300
27301
27302
27303
27304
27305
27306
27307
27308
27309
27311
27312
27313
27314
27315
27317
27318
27321
27322
27323
27324
27325
27326
27327
27328
27329
27330
27332
27334
27335
27336
27337
27338
27340
27341
27342
27343
27344
27345
27347
27349
27351
27352
27353
27356
27357
27358
27359
27360
27362
27365
27366
27367
27368
27372
27373
27375
27378
27380
27381
27382
27383
27384
27387
27388
27389
27390
27391
27392
27394
27396
27397
27399
27401
27403
27404
27405
27406
27407
27408
27410
27411
27412
27413
27415
27416
27417
27418
27419
27421
27422
27423
27424
27426
27427
27428
27429
27431
27432
27435
27438
27439
27440
27441
27442
27444
27445
27446
27447
27448
27449
27450
27452
27453
27456
27457
27458
27460
27462
27463
27465
27466
27467
27468
27469
27471
27472
27473
27476
27477
27478
27480
27484
27487
27488
27490
27491
27492
27499
27501
27503
27505
27506
27507
27509
27510
27512
27513
27517
27518
27520
27522
27524
27525
27526
27528
27530
27534
27536
27537
27538
27540
27541
27543
27544
27546
27547
27548
27549
27551
27553
27556
27557
27558
27559
27560
27561
27562
27563
27565
27567
27569
27570
27571
27572
27574
27578
27580
27582
27583
27584
27585
27589
27590
27591
27592
27593
27594
27595
27596
27597
27599
27600
27602
27603
27604
27606
27607
27608
27609
27610
27611
27612
27613
27615
27616
27619
27621
27622
27625
27626
27627
27628
27629
27630
27632
27633
27634
27636
27637
27638
27642
27643
27645
27646
27647
27648
27649
27650
27651
27653
27654
27658
27661
27664
27665
27668
27670
27671
27672
27673
27674
27676
27677
27678
27680
27682
27684
27685
27687
27688
27689
27690
27691
27692
27693
27694
27695
27697
27698
27699
27700
27701
27702
27703
27705
27706
27707
27708
27710
27711
27712
27714
27715
27716
27717
27718
27719
27722
27723
27724
27726
27730
27735
27736
27740
27741
27742
27743
27744
27746
27747
27748
27749
27750
27751
27752
27753
27755
27756
27757
27758
27760
27761
27762
27763
27764
27766
27767
27768
27769
27770
27771
27772
27773
27774
27777
27779
27780
27781
27782
27783
27784
27788
27791
27794
27795
27797
27798
27799
27800
27801
27804
27805
27806
27807
27808
27809
27813
27815
27816
27817
27819
27820
27821
27822
27823
27826
27827
27828
27832
27833
27835
27836
27837
27838
27839
27841
27842
27843
27847
27849
27852
27854
27855
27856
27857
27858
27859
27862
27863
27864
27865
27866
27867
27868
27870
27871
27872
27874
27875
27876
27877
27878
27879
27880
27881
27885
27886
27888
27889
27892
27900
27901
27902
27903
27904
27905
27906
27907
27908
27909
27910
27916
27917
27918
27919
27922
27923
27924
27925
27926
27927
27929
27930
27931
27932
27933
27934
27935
27936
27937
27939
27940
27942
27943
27944
27946
27947
27949
27951
27955
27957
27961
27962
27964
27966
27967
27968
27969
27970
27971
27973
27975
27977
27978
27979
27980
27982
27986
27987
27988
27993
27997
27998
28004
28005
28006
28007
28008
28009
28010
28011
28013
28014
28019
28021
28025
28027
28029
28030
28031
28032
28035
28037
28039
28041
28042
28043
28045
28046
28047
28048
28049
28050
28052
28053
28054
28059
28060
28062
28063
28068
28069
28070
28071
28073
28074
28075
28076
28077
28078
28079
28080
28081
28083
28084
28086
28087
28088
28089
28090
28091
28092
28093
28094
28095
28096
28099
28100
28101
28102
28103
28104
28106
28107
28108
28110
28111
28113
28116
28117
28118
28119
28121
28122
28124
28125
28126
28127
28128
28129
28130
28131
28132
28133
28134
28135
28136
28137
28140
28141
28142
28144
28145
28147
28148
28149
28150
28151
28152
28153
28154
28155
28156
28157
28158
28159
28160
28161
28162
28163
28164
28165
28166
28167
28168
28169
28170
28174
28175
28176
28177
28178
28179
28180
28181
28183
28184
28185
28186
28189
28190
28192
28193
28194
28195
28198
28199
28201
28205
28206
28207
28208
28209
28210
28211
28212
28213
28214
28218
28219
28220
28222
28223
28225
28226
28227
28228
28229
28230
28232
28233
28234
28235
28237
28240
28241
28242
28243
28244
28245
28246
28247
28248
28250
28254
28255
28257
28258
28259
28260
28262
28263
28265
28266
28267
28268
28272
28273
28275
28279
28280
28284
28285
28286
28292
28293
28295
28296
28297
28298
28299
28302
28303
28305
28308
28309
28310
28311
28313
28315
28316
28317
28318
28320
28321
28322
28324
28327
28332
28334
28336
28338
28345
28346
28349
28351
28353
28354
28355
28356
28358
28359
28361
28364
28365
28366
28367
28368
28369
28370
28373
28376
28379
28383
28386
28387
28390
28392
28393
28394
28395
28396
28398
28400
28401
28404
28405
28406
28407
28408
28409
28410
28411
28412
28413
28414
28415
28416
28417
28418
28419
28420
28423
28424
28425
28426
28427
28428
28429
28430
28431
28433
28434
28436
28437
28439
28440
28443
28444
28445
28446
28447
28448
28449
28450
28452
28453
28454
28455
28456
28458
28459
28460
28461
28462
28466
28467
28468
28469
28470
28475
28476
28478
28480
28482
28483
28484
28485
28486
28487
28488
28489
28490
28491
28492
28493
28494
28495
28496
28497
28498
28499
28505
28506
28507
28508
28509
28512
28514
28515
28516
28517
28520
28521
28522
28524
28525
28526
28527
28528
28529
28530
28531
28532
28534
28535
28536
28537
28538
28539
28540
28541
28542
28544
28547
28548
28549
28550
28552
28553
28554
28555
28556
28557
28558
28560
28562
28563
28564
28566
28567
28568
28569
28571
28572
28573
28574
28575
28576
28579
28580
28581
28582
28583
28585
28588
28589
28590
28591
28592
28596
28597
28598
28601
28602
28603
28604
28605
28607
28608
28609
28610
28611
28612
28613
28614
28615
28616
28618
28619
28620
28621
28622
28623
28624
28625
28626
28627
28628
28629
28630
28632
28633
28634
28635
28636
28637
28640
28642
28643
28644
28645
28646
28647
28648
28649
28651
28652
28653
28654
28655
28656
28657
28658
28662
28664
28666
28667
28668
28669
28670
28672
28673
28674
28675
28676
28677
28678
28679
28681
28682
28683
28684
28685
28686
28688
28691
28694
28695
28696
28698
28700
28701
28702
28704
28705
28706
28709
28711
28712
28713
28714
28715
28716
28718
28720
28721
28722
28723
28724
28725
28726
28727
28728
28729
28732
28733
28734
28736
28738
28739
28741
28744
28745
28748
28750
28751
28752
28753
28754
28756
28757
28759
28760
28761
28762
28764
28765
28766
28768
28769
28770
28771
28772
28775
28777
28779
28780
28781
28782
28785
28786
28787
28790
28791
28792
28793
28794
28795
28796
28798
28799
28800
28801
28802
28805
28807
28808
28809
28810
28811
28812
28813
28815
28817
28818
28820
28821
28822
28823
28824
28825
28827
28828
28829
28830
28831
28832
28835
28836
28837
28839
28840
28841
28844
28845
28846
28847
28850
28851
28852
28854
28855
28856
28857
28858
28860
28861
28862
28863
28866
28867
28868
28869
28872
28873
28876
28877
28878
28879
28881
28882
28883
28884
28887
28888
28890
28891
28892
28893
28896
28899
28901
28903
28906
28907
28909
28910
28913
28916
28917
28918
28920
28921
28922
28924
28925
28927
28929
28930
28932
28933
28934
28935
28936
28938
28940
28941
28942
28944
28945
28946
28948
28953
28954
28955
28956
28957
28961
28962
28964
28966
28967
28968
28969
28971
28974
28975
28976
28979
28980
28982
28983
28985
28987
28988
28989
28994
28995
28996
28997
28998
28999
29000
29002
29003
29005
29006
29007
29011
29013
29014
29015
29016
29017
29020
29021
29022
29026
29029
29030
29032
29034
29035
29037
29039
29040
29041
29042
29044
29045
29047
29048
29049
29051
29052
29053
29056
29057
29058
29059
29060
29061
29062
29063
29064
29065
29067
29069
29070
29071
29072
29073
29074
29077
29082
29084
29085
29086
29087
29089
29090
29091
29092
29093
29094
29095
29096
29097
29098
29099
29100
29102
29103
29104
29105
29107
29108
29110
29111
29112
29113
29114
29115
29116
29120
29121
29122
29123
29124
29125
29127
29128
29129
29130
29132
29135
29136
29138
29139
29141
29143
29145
29146
29147
29148
29151
29152
29153
29155
29156
29158
29159
29160
29161
29164
29165
29167
29169
29171
29173
29174
29176
29178
29179
29180
29182
29184
29187
29189
29190
29192
29193
29195
29197
29199
29201
29203
29204
29206
29207
29208
29209
29210
29213
29214
29215
29217
29218
29219
29220
29222
29224
29225
29226
29227
29229
29231
29232
29233
29234
29235
29237
29239
29240
29241
29243
29245
29246
29247
29248
29252
29253
29255
29257
29258
29259
29260
29261
29262
29264
29265
29266
29267
29268
29270
29271
29272
29273
29274
29275
29277
29278
29279
29280
29282
29284
29286
29288
29289
29290
29291
29293
29294
29295
29296
29297
29299
29300
29301
29304
29305
29307
29309
29310
29312
29313
29315
29316
29317
29318
29319
29320
29321
29322
29323
29325
29327
29328
29329
29331
29332
29333
29335
29336
29337
29338
29339
29340
29341
29342
29345
29346
29347
29348
29349
29350
29352
29357
29358
29359
29360
29361
29362
29364
29365
29368
29369
29370
29372
29373
29374
29376
29378
29379
29380
29381
29382
29383
29384
29385
29388
29389
29395
29396
29397
29398
29399
29400
29402
29403
29407
29408
29409
29411
29412
29415
29416
29417
29418
29419
29420
29423
29424
29425
29426
29427
29429
29430
29431
29432
29433
29434
29435
29436
29437
29438
29439
29440
29441
29442
29443
29446
29447
29448
29450
29452
29453
29454
29455
29456
29459
29460
29462
29463
29464
29466
29468
29469
29471
29472
29473
29474
29476
29477
29478
29481
29482
29483
29484
29485
29486
29488
29490
29491
29492
29493
29494
29495
29496
29497
29498
29501
29502
29504
29506
29507
29511
29512
29514
29515
29517
29519
29521
29524
29526
29527
29528
29529
29531
29532
29533
29534
29536
29538
29540
29541
29543
29546
29548
29549
29552
29553
29555
29558
29559
29560
29561
29564
29565
29568
29570
29573
29574
29575
29576
29577
29578
29580
29581
29582
29585
29586
29587
29588
29589
29590
29591
29592
29593
29594
29595
29596
29597
29598
29599
29601
29602
29604
29605
29607
29608
29610
29611
29612
29613
29614
29615
29616
29617
29618
29620
29621
29622
29623
29625
29627
29628
29629
29631
29632
29635
29636
29637
29639
29640
29641
29642
29643
29645
29646
29648
29649
29650
29651
29652
29653
29654
29655
29656
29658
29659
29660
29661
29662
29663
29665
29667
29668
29669
29673
29674
29675
29676
29677
29678
29679
29681
29683
29684
29687
29688
29689
29690
29692
29693
29694
29695
29697
29698
29699
29700
29701
29702
29703
29704
29705
29706
29707
29708
29710
29712
29715
29716
29717
29718
29719
29720
29722
29723
29724
29725
29726
29727
29728
29731
29732
29733
29734
29735
29738
29739
29740
29741
29742
29745
29746
29747
29748
29749
29750
29751
29752
29753
29754
29755
29756
29759
29760
29761
29762
29763
29764
29765
29766
29767
29768
29770
29773
29774
29775
29776
29777
29778
29779
29784
29785
29786
29787
29788
29793
29794
29796
29801
29802
29803
29806
29807
29809
29810
29812
29814
29817
29818
29819
29822
29823
29825
29826
29827
29828
29829
29830
29831
29832
29833
29835
29836
29840
29842
29843
29844
29845
29846
29847
29850
29853
29854
29855
29856
29859
29860
29861
29862
29863
29865
29867
29868
29869
29870
29872
29873
29875
29876
29877
29878
29882
29884
29885
29887
29889
29890
29892
29894
29895
29896
29897
29898
29899
29901
29902
29904
29905
29906
29911
29914
29915
29916
29920
29922
29923
29927
29930
29932
29933
29934
29935
29936
29939
29941
29943
29944
29945
29947
29949
29951
29954
29956
29958
29962
29964
29966
29967
29970
29971
29975
29979
29980
29982
29983
29984
29985
29986
29987
29988
29989
29990
29991
29992
29995
29997
29998
29999
30000
30002
30003
30005
30007
30009
30010
30011
30012
30013
30014
30015
30017
30018
30021
30024
30026
30027
30031
30033
30034
30035
30037
30038
30040
30041
30042
30043
30044
30046
30048
30049
30050
30051
30052
30053
30054
30056
30058
30059
30061
30062
30063
30064
30065
30066
30067
30070
30071
30074
30076
30077
30078
30079
30081
30082
30084
30085
30086
30087
30089
30090
30091
30094
30095
30097
30099
30100
30101
30104
30106
30108
30109
30110
30113
30114
30115
30116
30117
30118
30119
30121
30122
30123
30124
30125
30126
30127
30128
30129
30130
30131
30132
30133
30136
30137
30138
30139
30140
30141
30142
30144
30145
30147
30148
30149
30153
30154
30155
30156
30158
30159
30160
30161
30164
30165
30166
30167
30169
30170
30173
30174
30175
30176
30178
30179
30180
30181
30183
30185
30186
30187
30188
30189
30190
30191
30193
30194
30195
30196
30197
30198
30199
30201
30202
30204
30205
30206
30207
30210
30211
30212
30213
30215
30217
30218
30219
30220
30221
30222
30226
30227
30229
30230
30232
30233
30235
30236
30237
30240
30241
30242
30243
30244
30245
30246
30248
30250
30251
30252
30253
30255
30256
30257
30259
30262
30264
30265
30267
30268
30271
30272
30273
30275
30276
30277
30279
30280
30281
30283
30284
30289
30290
30291
30292
30293
30294
30295
30296
30297
30298
30299
30302
30303
30304
30306
30307
30308
30310
30312
30315
30316
30317
30318
30319
30320
30321
30322
30323
30324
30325
30326
30328
30330
30332
30333
30334
30336
30338
30339
30340
30341
30344
30345
30347
30348
30349
30350
30355
30356
30357
30360
30361
30362
30365
30368
30369
30370
30371
30372
30375
30378
30379
30380
30382
30383
30384
30385
30386
30388
30389
30390
30392
30395
30396
30398
30399
30400
30402
30404
30405
30406
30407
30409
30411
30412
30413
30414
30415
30416
30419
30420
30422
30423
30424
30426
30428
30430
30431
30433
30434
30435
30436
30438
30439
30440
30443
30446
30447
30449
30451
30452
30453
30454
30455
30456
30458
30464
30465
30467
30468
30470
30471
30472
30473
30475
30476
30477
30478
30479
30481
30483
30485
30486
30489
30490
30493
30494
30495
30497
30501
30502
30509
30511
30513
30514
30519
30521
30522
30523
30524
30525
30526
30528
30529
30531
30534
30537
30539
30540
30541
30543
30545
30547
30548
30550
30551
30552
30553
30556
30558
30560
30565
30567
30569
30571
30573
30574
30575
30576
30578
30580
30581
30582
30585
30586
30588
30590
30591
30592
30593
30594
30595
30596
30597
30599
30600
30601
30603
30609
30610
30611
30612
30614
30615
30616
30617
30618
30619
30620
30625
30629
30630
30632
30633
30634
30635
30636
30638
30639
30640
30641
30642
30644
30645
30646
30647
30648
30649
30650
30651
30652
30653
30654
30656
30657
