237106
237107
237108
237110
237112
237113
237114
237115
237116
237117
237118
237119
237121
237122
237124
237125
237126
237127
237128
237129
237130
237131
237133
237134
237135
237136
237137
237138
237139
237141
237142
237143
237144
237145
237146
237147
237148
237149
237150
237151
237153
237156
237157
237159
237160
237162
237163
237164
237165
237166
237167
237171
237173
237175
237176
237177
237178
237179
237180
237181
237182
237183
237184
237185
237186
237187
237188
237189
237191
237192
237193
237195
237196
237197
237199
237200
237202
237203
237204
237205
237206
237207
237208
237209
237210
237211
237212
237213
237215
237216
237218
237219
237220
237221
237223
237224
237228
237231
237232
237233
237234
237235
237238
237239
237240
237244
237245
237246
237247
237250
237251
237254
237256
237257
237258
237260
237261
237262
237264
237265
237266
237268
237269
237270
237271
237274
237275
237276
237277
237278
237279
237280
237281
237282
237283
237284
237287
237288
237289
237290
237291
237292
237293
237294
237298
237300
237301
237302
237303
237304
237306
237307
237308
237309
237310
237311
237312
237313
237314
237315
237316
237318
237320
237322
237323
237324
237325
237327
237328
237329
237334
237335
237336
237337
237342
237345
237346
237347
237348
237349
237350
237351
237352
237353
237354
237356
237357
237358
237359
237361
237362
237364
237365
237366
237368
237369
237370
237372
237373
237374
237376
237377
237378
237379
237380
237381
237382
237383
237385
237387
237388
237390
237392
237393
237394
237395
237396
237397
237398
237399
237400
237401
237402
237403
237404
237406
237407
237408
237409
237411
237412
237413
237415
237417
237418
237420
237422
237423
237424
237426
237427
237429
237430
237431
237432
237433
237434
237435
237436
237437
237440
237441
237443
237445
237446
237448
237449
237450
237451
237452
237453
237455
237456
237458
237460
237461
237462
237463
237464
237465
237466
237468
237469
237470
237471
237472
237473
237474
237475
237476
237478
237479
237481
237482
237483
237484
237485
237487
237488
237489
237490
237491
237493
237494
237495
237496
237497
237498
237499
237500
237501
237502
237503
237504
237505
237506
237507
237508
237509
237510
237511
237512
237514
237515
237518
237520
237522
237523
237525
237527
237529
237530
237531
237532
237533
237535
237536
237537
237538
237539
237543
237544
237550
237552
237553
237554
237555
237556
237557
237558
237559
237562
237564
237568
237569
237570
237571
237572
237573
237574
237575
237576
237578
237579
237580
237586
237587
237588
237589
237591
237593
237594
237596
237597
237598
237599
237600
237601
237603
237604
237606
237607
237610
237611
237612
237613
237614
237615
237616
237617
237618
237619
237620
237621
237624
237626
237627
237628
237629
237631
237632
237633
237634
237635
237636
237637
237638
237639
237640
237641
237642
237644
237645
237646
237647
237648
237650
237653
237654
237655
237656
237657
237658
237659
237661
237662
237664
237665
237666
237667
237668
237669
237670
237674
237675
237676
237677
237679
237680
237681
237683
237684
237686
237688
237689
237690
237691
237692
237695
237696
237697
237698
237699
237700
237701
237703
237704
237705
237706
237707
237708
237709
237711
237712
237713
237714
237715
237716
237717
237718
237719
237720
237721
237723
237724
237726
237727
237728
237729
237730
237731
237732
237734
237735
237736
237739
237740
237741
237742
237744
237745
237746
237749
237751
237752
237754
237756
237757
237758
237759
237760
237761
237762
237765
237766
237767
237768
237769
237773
237774
237775
237776
237777
237778
237779
237780
237782
237785
237786
237787
237788
237789
237790
237791
237792
237793
237794
237795
237796
237799
237804
237807
237808
237809
237812
237813
237815
237816
237818
237819
237820
237821
237823
237824
237825
237826
237827
237829
237830
237832
237833
237836
237837
237840
237841
237842
237845
237847
237849
237850
237851
237852
237853
237855
237856
237857
237858
237859
237860
237862
237863
237866
237868
237870
237871
237872
237873
237874
237875
237878
237879
237882
237883
237885
237886
237887
237889
237890
237891
237892
237893
237895
237896
237898
237899
237902
237903
237904
237905
237908
237909
237911
237912
237913
237914
237915
237916
237917
237919
237920
237924
237925
237930
237931
237932
237935
237939
237940
237941
237942
237943
237944
237945
237946
237947
237950
237951
237952
237953
237954
237956
237957
237958
237959
237960
237962
237963
237964
237965
237966
237967
237968
237969
237970
237971
237972
237974
237975
237976
237977
237979
237980
237981
237984
237986
237988
237989
237990
237992
237994
237996
237997
237998
237999
238000
238001
238003
238005
238006
238007
238009
238010
238011
238013
238015
238016
238017
238018
238019
238020
238021
238023
238024
238026
238027
238028
238029
238030
238031
238032
238034
238035
238036
238037
238038
238040
238041
238042
238043
238044
238045
238046
238047
238048
238049
238050
238052
238053
238055
238056
238057
238058
238059
238060
238061
238062
238064
238065
238067
238068
238071
238072
238073
238074
238076
238077
238078
238079
238080
238081
238082
238083
238085
238086
238087
238088
238091
238092
238093
238095
238096
238097
238098
238099
238100
238101
238102
238103
238104
238105
238106
238107
238108
238109
238110
238111
238112
238113
238114
238115
238116
238117
238118
238119
238120
238121
238123
238125
238126
238128
238129
238130
238131
238132
238137
238138
238140
238141
238142
238143
238144
238145
238146
238147
238148
238150
238151
238153
238154
238155
238156
238157
238158
238159
238160
238161
238164
238166
238167
238170
238171
238172
238173
238174
238175
238176
238177
238178
238180
238181
238182
238184
238186
238187
238188
238189
238190
238191
238192
238193
238197
238198
238199
238200
238201
238204
238206
238207
238208
238209
238210
238211
238212
238214
238215
238216
238217
238219
238220
238221
238223
238224
238227
238228
238229
238231
238233
238234
238236
238239
238240
238241
238242
238243
238244
238245
238246
238248
238249
238250
238251
238252
238253
238254
238255
238256
238258
238259
238260
238261
238262
238263
238264
238265
238267
238268
238269
238270
238271
238272
238273
238274
238275
238277
238278
238279
238282
238285
238286
238287
238288
238289
238290
238291
238292
238293
238295
238296
238297
238298
238299
238300
238301
238302
238303
238304
238305
238308
238310
238311
238312
238313
238314
238316
238317
238319
238322
238323
238325
238326
238327
238328
238329
238330
238332
238333
238335
238336
238337
238340
238341
238343
238344
238347
238349
238350
238351
238353
238354
238358
238359
238360
238361
238362
238363
238364
238365
238366
238367
238369
238370
238371
238372
238373
238374
238375
238376
238377
238378
238380
238381
238382
238384
238388
238390
238391
238393
238394
238398
238400
238401
238403
238404
238405
238406
238408
238409
238410
238411
238412
238413
238414
238415
238416
238419
238420
238422
238424
238427
238428
238429
238430
238431
238433
238435
238436
238437
238438
238439
238440
238441
238443
238444
238445
238446
238447
238448
238450
238451
238452
238454
238455
238459
238460
238462
238463
238464
238466
238467
238468
238469
238473
238474
238475
238476
238477
238480
238481
238482
238483
238484
238485
238488
238489
238490
238491
238494
238495
238496
238497
238498
238500
238501
238502
238504
238505
238506
238508
238510
238511
238512
238514
238515
238516
238517
238518
238519
238520
238521
238522
238523
238524
238525
238526
238527
238528
238529
238530
238532
238533
238534
238535
238536
238537
238538
238539
238542
238544
238545
238546
238547
238548
238549
238550
238551
238552
238554
238555
238556
238557
238558
238559
238561
238562
238563
238564
238565
238566
238568
238569
238570
238571
238572
238573
238575
238576
238578
238579
238580
238581
238582
238583
238584
238586
238587
238590
238591
238592
238593
238594
238595
238596
238597
238598
238599
238600
238601
238602
238603
238604
238605
238606
238607
238608
238609
238610
238611
238612
238614
238615
238616
238617
238618
238619
238622
238624
238625
238626
238628
238629
238630
238631
238632
238633
238634
238635
238636
238639
238640
238641
238643
238645
238646
238648
238649
238650
238651
238652
238653
238654
238655
238656
238658
238661
238662
238663
238664
238666
238668
238670
238672
238673
238674
238675
238676
238679
238680
238681
238682
238686
238687
238689
238690
238692
238694
238695
238698
238699
238700
238702
238703
238705
238706
238708
238711
238712
238713
238714
238715
238716
238717
238719
238720
238722
238724
238725
238726
238729
238730
238732
238733
238734
238735
238736
238737
238740
238741
238742
238743
238744
238745
238746
238749
238751
238752
238753
238756
238757
238758
238760
238762
238763
238764
238765
238766
238768
238769
238771
238773
238774
238775
238776
238777
238779
238781
238782
238783
238784
238785
238787
238788
238789
238790
238791
238792
238794
238796
238797
238798
238799
238800
238801
238802
238803
238806
238807
238808
238809
238810
238812
238813
238814
238817
238818
238819
238821
238822
238823
238824
238826
238827
238828
238829
238830
238831
238832
238833
238835
238836
238837
238838
238839
238840
238842
238843
238844
238845
238846
238848
238849
238850
238851
238853
238854
238855
238856
238857
238858
238859
238860
238861
238862
238863
238864
238865
238867
238868
238870
238872
238874
238878
238879
238881
238882
238884
238886
238887
238888
238889
238890
238891
238892
238893
238895
238896
238900
238902
238903
238904
238906
238907
238910
238911
238912
238913
238915
238917
238918
238919
238921
238922
238925
238926
238927
238928
238929
238930
238932
238933
238934
238935
238936
238939
238941
238943
238947
238953
238954
238956
238959
238960
238961
238962
238963
238964
238965
238969
238971
238974
238975
238976
238977
238979
238982
238984
238985
238986
238987
238988
238991
238993
238994
238995
238996
238997
238998
238999
239000
239001
239002
239003
239004
239006
239007
239010
239011
239012
239014
239015
239016
239017
239019
239021
239022
239023
239024
239025
239026
239028
239031
239032
239033
239034
239035
239036
239038
239041
239043
239044
239045
239046
239047
239049
239050
239051
239052
239053
239054
239056
239057
239059
239060
239061
239063
239064
239065
239068
239069
239072
239073
239074
239075
239076
239077
239079
239082
239083
239084
239085
239087
239088
239089
239090
239091
239092
239093
239094
239095
239096
239097
239098
239099
239100
239101
239104
239105
239106
239107
239108
239109
239110
239111
239112
239113
239114
239115
239116
239117
239118
239119
239120
239121
239124
239125
239126
239127
239128
239129
239130
239131
239132
239134
239135
239136
239137
239138
239139
239140
239141
239142
239143
239144
239146
239148
239149
239150
239151
239153
239154
239156
239157
239159
239160
239161
239162
239163
239165
239166
239167
239168
239169
239171
239172
239174
239175
239177
239178
239179
239180
239181
239182
239183
239185
239186
239187
239188
239192
239193
239194
239195
239197
239199
239202
239203
239204
239207
239208
239209
239210
239212
239214
239215
239216
239219
239220
239221
239223
239224
239225
239227
239229
239230
239231
239234
239236
239238
239239
239240
239242
239243
239244
239248
239249
239251
239252
239253
239254
239255
239256
239257
239258
239259
239261
239263
239264
239265
239266
239267
239268
239269
239270
239271
239272
239273
239274
239275
239277
239279
239280
239281
239282
239283
239284
239285
239286
239288
239289
239290
239291
239294
239296
239299
239300
239301
239302
239303
239305
239306
239307
239309
239310
239311
239312
239313
239315
239316
239317
239318
239319
239320
239322
239324
239325
239326
239328
239331
239332
239333
239335
239336
239337
239338
239339
239340
239341
239343
239344
239346
239347
239349
239350
239351
239352
239353
239354
239355
239356
239357
239358
239359
239360
239361
239362
239364
239366
239368
239372
239373
239374
239375
239376
239379
239380
239381
239382
239383
239384
239387
239388
239389
239391
239392
239393
239394
239395
239396
239400
239401
239402
239403
239404
239405
239406
239407
239408
239409
239410
239411
239412
239413
239415
239416
239417
239419
239420
239421
239422
239424
239425
239426
239427
239428
239429
239430
239431
239432
239433
239434
239435
239436
239437
239438
239439
239440
239443
239444
239445
239446
239447
239448
239449
239451
239452
239453
239456
239457
239458
239459
239460
239461
239462
239465
239466
239469
239470
239472
239473
239475
239476
239477
239478
239479
239480
239482
239484
239487
239488
239489
239490
239491
239492
239493
239494
239495
239496
239497
239498
239499
239500
239501
239502
239504
239506
239507
239508
239511
239512
239513
239514
239515
239517
239519
239520
239522
239524
239525
239526
239529
239530
239531
239532
239533
239534
239535
239536
239537
239538
239539
239540
239542
239543
239544
239545
239546
239547
239549
239550
239551
239552
239553
239554
239555
239556
239559
239560
239561
239562
239563
239564
239565
239566
239568
239570
239571
239573
239575
239576
239577
239578
239579
239580
239581
239582
239583
239584
239587
239588
239589
239590
239591
239592
239593
239594
239595
239596
239598
239599
239601
239602
239604
239606
239608
239609
239610
239611
239612
239614
239616
239620
239621
239623
239624
239625
239626
239627
239628
239629
239631
239632
239633
239634
239635
239636
239637
239638
239640
239641
239642
239645
239646
239647
239648
239649
239650
239651
239653
239655
239656
239657
239658
239660
239661
239662
239664
239667
239669
239670
239671
239674
239675
239676
239678
239679
239680
239681
239682
239683
239685
239686
239687
239688
239689
239690
239691
239693
239694
239695
239696
239697
239698
239700
239701
239702
239704
239706
239707
239708
239709
239711
239712
239713
239714
239717
239718
239719
239720
239721
239722
239724
239725
239726
239727
239728
239730
239732
239733
239734
239738
239740
239741
239742
239743
239746
239747
239750
239751
239753
239754
239755
239757
239760
239761
239762
239763
239766
239767
239768
239769
239771
239772
239773
239774
239775
239777
239778
239779
239780
239781
239782
239783
239784
239786
239787
239789
239790
239791
239792
239793
239795
239796
239797
239798
239799
239800
239801
239802
239804
239805
239807
239808
239809
239810
239811
239813
239814
239816
239817
239818
239819
239820
239822
239823
239824
239826
239827
239828
239829
239830
239831
239832
239833
239834
239835
239837
239838
239839
239840
239841
239842
239843
239844
239846
239847
239850
239853
239854
239855
239858
239860
239861
239862
239863
239864
239865
239866
239867
239868
239869
239870
239871
239872
239873
239874
239875
239876
239877
239878
239880
239881
239882
239883
239884
239885
239886
239887
239888
239890
239891
239892
239893
239894
239895
239896
239897
239899
239900
239901
239902
239904
239905
239906
239908
239909
239911
239913
239914
239915
239916
239917
239918
239919
239920
239921
239923
239924
239925
239926
239929
239930
239931
239932
239933
239934
239935
239939
239940
239942
239943
239944
239946
239947
239948
239951
239952
239953
239954
239955
239956
239958
239961
239962
239963
239964
239965
239966
239967
239968
239969
239970
239971
239972
239973
239975
239976
239977
239978
239979
239980
239981
239982
239983
239984
239985
239988
239989
239990
239991
239992
239993
239994
239995
239996
239997
239998
239999
240002
240004
240005
240006
240007
240008
240009
240010
240011
240012
240013
240014
240015
240018
240019
240020
240021
240023
240024
240025
240026
240027
240028
240029
240030
240031
240032
240033
240034
240035
240036
240037
240038
240039
240040
240043
240044
240046
240047
240049
240050
240051
240053
240054
240056
240057
240058
240059
240060
240062
240063
240066
240067
240068
240069
240070
240071
240074
240075
240077
240079
240080
240081
240082
240083
240084
240085
240086
240088
240090
240094
240095
240096
240097
240098
240099
240100
240101
240102
240103
240105
240107
240110
240111
240113
240115
240118
240119
240121
240122
240123
240126
240127
240128
240129
240131
240134
240135
240137
240138
240139
240140
240141
240142
240143
240144
240149
240151
240153
240155
240156
240157
240158
240159
240160
240164
240166
240167
240169
240170
240171
240172
240173
240174
240175
240176
240177
240179
240180
240181
240182
240183
240184
240185
240187
240188
240190
240191
240193
240194
240197
240198
240200
240201
240202
240203
240204
240205
240206
240208
240209
240211
240212
240213
240214
240215
240216
240217
240218
240219
240220
240221
240222
240223
240224
240225
240226
240227
240231
240232
240233
240234
240235
240236
240238
240240
240241
240242
240244
240245
240246
240247
240249
240250
240251
240252
240253
240254
240255
240256
240257
240258
240259
240260
240262
240263
240264
240267
240268
240270
240273
240274
240275
240276
240277
240278
240281
240283
240285
240286
240287
240288
240289
240290
240292
240293
240294
240295
240296
240297
240298
240299
240300
240301
240302
240303
240304
240305
240307
240308
240309
240311
240312
240314
240315
240316
240317
240318
240319
240321
240322
240323
240324
240325
240326
240327
240329
240330
240332
240333
240334
240336
240337
240339
240340
240344
240345
240346
240348
240349
240350
240352
240355
240357
240359
240360
240362
240365
240366
240367
240369
240370
240371
240373
240374
240375
240376
240378
240379
240380
240381
240382
240383
240385
240386
240389
240390
240391
240392
240393
240395
240396
240397
240398
240400
240403
240404
240405
240406
240407
240409
240410
240411
240413
240416
240417
240420
240421
240422
240423
240424
240425
240426
240427
240428
240429
240430
240431
240432
240435
240436
240437
240438
240439
240440
240441
240443
240445
240446
240448
240450
240451
240452
240453
240457
240458
240460
240461
240462
240463
240464
240465
240466
240467
240468
240469
240470
240472
240473
240476
240477
240478
240479
240480
240481
240482
240483
240484
240485
240486
240488
240489
240490
240491
240492
240494
240495
240496
240497
240501
240502
240503
240504
240506
240509
240511
240512
240513
240514
240517
240518
240519
240520
240522
240523
240525
240526
240527
240528
240529
240532
240534
240535
240536
240537
240538
240539
240540
240541
240542
240543
240544
240545
240546
240547
240548
240550
240551
240552
240554
240555
240556
240557
240558
240560
240564
240566
240567
240568
240569
240570
240571
240572
240573
240576
240577
240578
240579
240581
240583
240584
240586
240587
240589
240590
240591
240592
240593
240594
240595
240596
240597
240598
240599
240600
240603
240604
240606
240607
240608
240609
240610
240611
240612
240613
240614
240615
240616
240618
240619
240620
240621
240622
240623
240624
240625
240626
240627
240630
240631
240633
240634
240635
240636
240637
240639
240641
240642
240643
240644
240646
240648
240650
240651
240652
240653
240656
240657
240658
240659
240661
240662
240664
240665
240667
240668
240669
240670
240671
240672
240673
240674
240677
240678
240679
240680
240685
240688
240689
240690
240691
240693
240694
240695
240696
240697
240698
240699
240701
240702
240705
240707
240709
240710
240711
240716
240717
240718
240719
240720
240721
240722
240725
240726
240727
240728
240729
240730
240733
240734
240735
240736
240741
240743
240744
240745
240746
240748
240749
240750
240751
240752
240753
240754
240756
240757
240758
240759
240761
240762
240763
240765
240766
240769
240772
240773
240776
240777
240778
240779
240781
240782
240783
240785
240786
240787
240788
240789
240791
240792
240793
240794
240797
240798
240799
240800
240801
240802
240804
240805
240807
240808
240809
240810
240811
240812
240813
240814
240815
240816
240817
240818
240819
240820
240821
240823
240825
240826
240827
240828
240829
240830
240831
240834
240836
240837
240838
240839
240844
240846
240847
240850
240854
240856
240857
240858
240859
240860
240862
240863
240864
240867
240868
240869
240871
240872
240873
240874
240876
240879
240880
240881
240882
240884
240885
240886
240887
240889
240890
240891
240892
240893
240895
240896
240900
240901
240902
240904
240906
240908
240909
240910
240913
240916
240917
240919
240920
240922
240923
240924
240926
240927
240928
240929
240931
240932
240933
240934
240935
240936
240937
240938
240939
240941
240942
240943
240944
240945
240946
240948
240949
240950
240951
240952
240953
240954
240955
240956
240958
240959
240960
240961
240962
240963
240964
240965
240966
240967
240968
240969
240971
240973
240974
240976
240977
240979
240980
240984
240987
240988
240989
240990
240992
240993
240994
240995
240996
240998
240999
241000
241001
241002
241003
241004
241005
241006
241007
241008
241010
241011
241012
241013
241014
241015
241016
241017
241019
241021
241023
241025
241027
241028
241029
241030
241031
241032
241033
241035
241036
241037
241039
241040
241042
241043
241044
241047
241048
241049
241050
241051
241052
241053
241056
241058
241059
241060
241061
241062
241064
241065
241066
241068
241069
241070
241071
241072
241073
241074
241077
241078
241079
241080
241082
241083
241084
241086
241087
241088
241089
241090
241094
241095
241101
241103
241104
241106
241108
241109
241110
241114
241115
241116
241117
241118
241119
241121
241122
241123
241124
241125
241126
241128
241129
241131
241132
241133
241134
241136
241137
241138
241139
241140
241141
241142
241143
241144
241146
241147
241148
241149
241150
241151
241152
241153
241154
241155
241157
241158
241159
241160
241162
241163
241166
241167
241170
241171
241173
241174
241177
241178
241179
241181
241182
241183
241184
241185
241189
241190
241192
241193
241194
241196
241198
241200
241201
241202
241203
241204
241205
241206
241207
241208
241209
241210
241211
241212
241213
241215
241216
241217
241219
241222
241224
241226
241227
241228
241229
241231
241232
241233
241236
241237
241239
241240
241241
241244
241245
241246
241248
241250
241251
241252
241253
241254
241256
241257
241259
241260
241261
241262
241264
241265
241268
241269
241270
241271
241272
241273
241274
241275
241276
241278
241280
241282
241283
241284
241285
241288
241290
241291
241293
241294
241296
241297
241299
241300
241302
241303
241304
241305
241307
241311
241313
241314
241315
241317
241318
241319
241320
241322
241324
241325
241326
241328
241329
241330
241331
241332
241333
241334
241337
241338
241340
241341
241342
241343
241344
241347
241348
241349
241350
241351
241352
241353
241355
241356
241357
241359
241361
241362
241363
241364
241365
241366
241367
241368
241371
241372
241373
241374
241375
241376
241377
241378
241379
241381
241382
241383
241384
241385
241386
241387
241389
241390
241392
241393
241394
241395
241396
241398
241399
241401
241403
241404
241406
241407
241408
241409
241410
241412
241413
241414
241415
241416
241417
241418
241419
241420
241421
241422
241423
241424
241425
241428
241429
241430
241431
241432
241433
241434
241436
241440
241441
241442
241445
241446
241447
241448
241449
241451
241452
241453
241454
241456
241457
241458
241459
241460
241461
241463
241464
241465
241466
241467
241468
241469
241470
241471
241473
241475
241476
241477
241478
241479
241482
241484
241485
241486
241487
241488
241489
241495
241496
241497
241498
241500
241501
241505
241507
241509
241510
241511
241512
241513
241516
241517
241518
241519
241521
241522
241523
241524
241525
241526
241527
241529
241530
241531
241532
241533
241534
241535
241537
241538
241540
241542
241543
241544
241545
241546
241547
241548
241549
241550
241551
241552
241553
241554
241555
241556
241559
241560
241561
241562
241563
241564
241565
241566
241567
241568
241569
241570
241571
241574
241577
241578
241579
241583
241585
241586
241587
241588
241590
241591
241592
241593
241594
241597
241598
241599
241600
241602
241604
241605
241606
241608
241609
241610
241611
241612
241613
241614
241615
241616
241619
241620
241621
241622
241623
241625
241626
241627
241628
241629
241632
241633
241634
241635
241636
241637
241638
241639
241641
241642
241644
241645
241646
241647
241648
241649
241651
241653
241654
241655
241656
241657
241658
241659
241660
241663
241664
241665
241666
241667
241668
241669
241672
241674
241675
241677
241678
241680
241681
241682
241684
241685
241686
241688
241689
241690
241691
241692
241694
241695
241696
241697
241699
241700
241701
241702
241703
241704
241705
241708
241710
241711
241712
241713
241714
241715
241717
241718
241719
241720
241721
241722
241723
241724
241725
241728
241729
241730
241733
241734
241735
241736
241737
241739
241740
241741
241742
241744
241745
241746
241747
241750
241751
241753
241755
241756
241758
241761
241762
241764
241767
241769
241770
241771
241772
241773
241774
241775
241776
241777
241779
241780
241781
241782
241783
241784
241786
241787
241788
241789
241791
241793
241794
241796
241799
241800
241801
241802
241803
241805
241806
241807
241808
241809
241811
241812
241813
241816
241817
241818
241819
241820
241821
241823
241825
241826
241828
241829
241830
241832
241833
241834
241836
241837
241838
241840
241842
241843
241844
241846
241847
241848
241849
241850
241853
241854
241856
241857
241858
241862
241863
241864
241866
241867
241868
241870
241871
241872
241873
241874
241875
241876
241877
241878
241879
241880
241881
241882
241883
241885
241887
241888
241889
241890
241891
241892
241893
241894
241896
241898
241899
241900
241901
241902
241905
241906
241908
241909
241911
241912
241913
241914
241916
241917
241918
241919
241920
241921
241923
241924
241926
241927
241928
241929
241931
241932
241933
241934
241935
241938
241939
241941
241943
241945
241946
241948
241949
241950
241951
241952
241953
241954
241955
241957
241959
241960
241961
241962
241963
241964
241965
241966
241967
241970
241972
241973
241974
241976
241978
241979
241980
241982
241983
241984
241985
241986
241987
241988
241991
241993
241994
241995
241996
241997
242000
242001
242002
242003
242004
242005
242006
242008
242010
242011
242012
242013
242014
242015
242016
242018
242019
242020
242021
242022
242023
242024
242025
242026
242027
242028
242029
242030
242031
242032
242033
242034
242035
242036
242037
242038
242039
242040
242041
242042
242043
242045
242046
242048
242049
242053
242054
242055
242056
242057
242058
242060
242061
242062
242063
242064
242067
242068
242070
242071
242073
242074
242075
242076
242077
242078
242079
242081
242083
242085
242086
242087
242089
242090
242091
242092
242094
242095
242096
242097
242099
242100
242101
242102
242103
242104
242105
242106
242107
242110
242111
242112
242113
242114
242115
242118
242120
242121
242122
242123
242124
242125
242126
242127
242128
242129
242130
242131
242134
242135
242137
242138
242139
242140
242141
242142
242143
242144
242145
242146
242148
242149
242150
242152
242153
242154
242155
242156
242157
242158
242159
242160
242161
242162
242163
242165
242167
242168
242169
242170
242171
242172
242173
242174
242175
242176
242180
242181
242182
242183
242184
242185
242186
242188
242189
242190
242192
242193
242197
242198
242199
242200
242201
242203
242204
242207
242208
242209
242210
242212
242213
242214
242215
242218
242221
242222
242223
242226
242227
242228
242230
242231
242232
242233
242234
242235
242236
242237
242238
242239
242240
242241
242242
242243
242244
242245
242247
242248
242249
242250
242252
242254
242255
242256
242257
242258
242260
242261
242262
242263
242264
242265
242266
242267
242268
242269
242270
242275
242276
242277
242278
242282
242283
242284
242285
242286
242287
242289
242290
242291
242292
242293
242294
242295
242297
242300
242301
242302
242303
242305
242306
242307
242308
242309
242310
242312
242314
242315
242316
242317
242318
242319
242320
242321
242323
242326
242327
242328
242329
242330
242331
242332
242333
242334
242335
242336
242337
242338
242339
242340
242341
242342
242343
242345
242346
242347
242348
242349
242354
242355
242357
242358
242360
242361
242363
242364
242365
242367
242368
242369
242370
242371
242372
242376
242377
242380
242381
242383
242384
242385
242386
242387
242388
242389
242390
242395
242396
242397
242398
242399
242402
242403
242404
242406
242407
242408
242409
242411
242412
242413
242414
242416
242417
242419
242420
242421
242422
242423
242424
242425
242426
242427
242428
242429
242430
242431
242432
242433
242434
242436
242437
242438
242440
242441
242442
242444
242445
242446
242447
242448
242449
242451
242452
242454
242455
242456
242458
242459
242460
242461
242462
242463
242464
242465
242466
242468
242470
242471
242472
242473
242474
242475
242476
242478
242479
242480
242482
242483
242484
242485
242487
242488
242489
242490
242492
242493
242495
242497
242498
242499
242500
242501
242502
242503
242504
242508
242509
242510
242511
242512
242514
242515
242517
242519
242520
242521
242522
242523
242524
242525
242526
242527
242528
242529
242530
242531
242532
242534
242535
242536
242538
242539
242540
242541
242542
242543
242545
242547
242548
242549
242550
242552
242553
242554
242555
242556
242557
242558
242559
242560
242561
242562
242563
242565
242566
242568
242569
242570
242572
242573
242574
242576
242577
242578
242579
242581
242584
242585
242588
242589
242590
242591
242592
242594
242595
242596
242600
242601
242602
242604
242606
242607
242608
242609
242610
242611
242612
242613
242614
242615
242616
242618
242621
242622
242623
242625
242626
242627
242628
242629
242630
242631
242632
242633
242634
242635
242638
242639
242640
242642
242644
242646
242647
242648
242649
242651
242652
242653
242654
242655
242656
242658
242660
242661
242662
242664
242666
242667
242668
242669
242670
242671
242672
242674
242676
242677
242678
242679
242680
242681
242683
242684
242685
242686
242687
242689
242691
242693
242694
242695
242697
242699
242700
242704
242705
242706
242709
242710
242711
242712
242713
242714
242715
242716
242717
242718
242719
242721
242722
242724
242725
242726
242729
242730
242731
242732
242733
242734
242736
242737
242738
242739
242740
242741
242743
242744
242745
242746
242747
242748
242749
242750
242751
242754
242755
242756
242757
242758
242759
242761
242762
242763
242764
242765
242766
242768
242770
242771
242772
242774
242775
242776
242777
242778
242779
242780
242781
242782
242784
242785
242786
242787
242788
242790
242791
242792
242793
242795
242796
242797
242798
242799
242800
242802
242803
242804
242805
242806
242807
242808
242810
242811
242812
242813
242814
242815
242817
242818
242819
242820
242821
242822
242824
242825
242826
242828
242831
242833
242834
242835
242837
242838
242839
242840
242841
242844
242846
242847
242848
242849
242850
242852
242853
242856
242857
242859
242860
242862
242863
242864
242865
242866
242867
242868
242869
242870
242871
242872
242873
242874
242875
242876
242877
242878
242879
242880
242881
242882
242883
242884
242885
242886
242887
242888
242889
242890
242891
242892
242893
242894
242895
242896
242897
242898
242899
242900
242902
242903
242904
242905
242906
242907
242909
242910
242912
242913
242914
242915
242916
242918
242919
242920
242921
242922
242923
242924
242925
242926
242927
242930
242933
242934
242935
242936
242937
242940
242941
242943
242946
242947
242948
242949
242950
242951
242952
242953
242954
242955
242957
242958
242960
242961
242962
242963
242964
242965
242966
242967
242968
242969
242970
242971
242973
242974
242978
242980
242981
242982
242983
242984
242985
242986
242987
242988
242989
242990
242991
242992
242993
242995
242996
242997
242998
242999
243000
243001
243002
243003
243008
243010
243011
243012
243013
243015
243017
243018
243020
243021
243022
243023
243024
243026
243027
243028
243029
243030
243031
243032
243033
243034
243037
243038
243039
243041
243042
243044
243045
243046
243047
243049
243050
243051
243054
243055
243057
243058
243062
243065
243066
243067
243068
243069
243070
243071
243072
243073
243076
243078
243080
243081
243082
243083
243086
243087
243089
243090
243092
243094
243096
243097
243098
243099
243100
243101
243102
243103
243106
243107
243108
243109
243110
243112
243113
243114
243116
243119
243121
243122
243123
243124
243126
243127
243128
243130
243131
243132
243133
243134
243136
243138
243139
243140
243141
243143
243150
243151
243153
243154
243157
243158
243161
243162
243163
243164
243165
243166
243167
243172
243173
243174
243175
243176
243177
243178
243179
243181
243182
243185
243186
243187
243192
243194
243195
243196
243197
243199
243202
243204
243205
243207
243208
243209
243210
243213
243214
243215
243216
243217
243218
243219
243220
243221
243223
243224
243225
243228
243229
243230
243231
243232
243233
243235
243236
243237
243238
243240
243244
243246
243247
243248
243250
243255
243256
243257
243258
243259
243260
243261
243262
243263
243264
243265
243266
243267
243268
243269
243270
243271
243272
243273
243275
243277
243278
243280
243281
243282
243283
243284
243285
243286
243287
243290
243291
243292
243294
243295
243296
243297
243299
243301
243302
243304
243308
243309
243310
243311
243312
243317
243319
243321
243324
243326
243327
243328
243329
243331
243332
243333
243335
243336
243337
243338
243340
243341
243342
243343
243344
243346
243347
243348
243349
243350
243351
243353
243354
243355
243356
243357
243358
243360
243361
243362
243363
243365
243366
243368
243370
243373
243374
243375
243376
243377
243378
243379
243380
243381
243383
243384
243386
243388
243389
243391
243392
243393
243394
243395
243396
243398
243399
243400
243402
243403
243404
243405
243406
243407
243408
243409
243410
243411
243413
243414
243415
243416
243417
243418
243419
243420
243421
243422
243423
243424
243425
243426
243427
243428
243429
243430
243431
243432
243433
243434
243436
243438
243439
243440
243441
243442
243443
243445
243447
243449
243451
243452
243455
243456
243457
243458
243459
243461
243462
243464
243465
243466
243467
243469
243471
243472
243473
243474
243475
243477
243478
243481
243482
243483
243485
243486
243487
243488
243489
243491
243492
243493
243495
243497
243498
243503
243505
243506
243507
243508
243512
243513
243514
243515
243516
243517
243518
243519
243520
243521
243524
243525
243527
243528
243529
243530
243531
243532
243533
243534
243536
243537
243538
243539
243540
243541
243542
243543
243544
243545
243546
243547
243548
243549
243550
243551
243552
243553
243554
243556
243559
243561
243562
243564
243567
243570
243571
243573
243574
243575
243576
243577
243579
243581
243583
243585
243588
243589
243590
243593
243594
243597
243599
243600
243601
243602
243604
243606
243607
243608
243609
243610
243611
243612
243613
243614
243615
243616
243617
243619
243620
243621
243624
243625
243626
243627
243628
243629
243630
243631
243632
243633
243634
243636
243637
243638
243639
243640
243641
243642
243643
243646
243647
243648
243649
243652
243653
243654
243655
243656
243657
243658
243659
243660
243661
243662
243663
243665
243666
243667
243670
243671
243672
243674
243675
243676
243677
243678
243679
243680
243681
243682
243683
243685
243686
243687
243688
243689
243690
243692
243693
243694
243695
243696
243697
243698
243699
243700
243701
243702
243703
243704
243708
243709
243710
243711
243712
243713
243714
243716
243717
243718
243719
243720
243721
243722
243723
243725
243726
243728
243729
243730
243731
243732
243734
243735
243736
243737
243740
243741
243743
243744
243745
243746
243747
243748
243749
243750
243752
243753
243754
243755
243756
243758
243760
243761
243762
243763
243765
243766
243767
243768
243770
243772
243773
243774
243775
243776
243777
243779
243780
243781
243782
243783
243784
243785
243788
243789
243791
243792
243793
243794
243795
243796
243798
243800
243801
243802
243804
243805
243806
243807
243808
243809
243810
243811
243814
243815
243816
243817
243818
243819
243821
243822
243823
243824
243825
243826
243827
243829
243830
243831
243832
243834
243835
243836
243837
243839
243840
243841
243842
243845
243847
243848
243849
243850
243851
243853
243854
243855
243856
243857
243859
243860
243861
243863
243865
243867
243868
243869
243870
243871
243872
243873
243874
243875
243877
243878
243879
243880
243882
243883
243884
243885
243887
243889
243890
243891
243892
243894
243895
243896
243897
243899
243900
243901
243902
243904
243906
243907
243908
243910
243911
243912
243913
243914
243915
243916
243917
243918
243919
243920
243921
243922
243923
243924
243925
243927
243928
243929
243931
243932
243933
243934
243935
243937
243938
243939
243942
243943
243944
243945
243947
243948
243950
243951
243953
243955
243956
243957
243958
243959
243960
243962
243963
243964
243965
243966
243967
243968
243969
243970
243972
243974
243975
243977
243979
243981
243982
243984
243987
243988
243989
243991
243992
243993
243994
243995
243996
243997
244000
244001
244003
244004
244005
244007
244008
244009
244010
244013
244014
244015
244017
244018
244019
244020
244021
244022
244023
244024
244025
244026
244029
244030
244032
244033
244036
244037
244038
244039
244041
244043
244045
244048
244050
244051
244052
244053
244054
244055
244056
244057
244058
244059
244060
244062
244063
244064
244065
244068
244069
244070
244071
244072
244074
244076
244077
244078
244079
244080
244081
244083
244084
244085
244086
244087
244088
244089
244091
244093
244095
244096
244098
244100
244102
244103
244104
244105
244106
244107
244109
244110
244112
244113
244116
244117
244118
244119
244120
244121
244122
244124
244125
244127
244128
244131
244132
244133
244134
244135
244136
244139
244140
244142
244143
244145
244146
244147
244148
244149
244150
244153
244154
244155
244157
244158
244160
244162
244163
244164
244165
244166
244167
244168
244169
244170
244171
244173
244174
244176
244178
244181
244182
244184
244185
244186
244189
244190
244191
244192
244193
244194
244195
244196
244197
244198
244199
244200
244201
244202
244204
244206
244207
244211
244213
244216
244218
244219
244220
244221
244223
244225
244226
244227
244229
244233
244234
244236
244239
244240
244241
244242
244243
244245
244246
244247
244249
244250
244252
244253
244256
244257
244258
244261
244262
244263
244264
244265
244269
244271
244272
244274
244275
244276
244277
244278
244280
244281
244282
244283
244284
244286
244287
244289
244290
244292
244296
244297
244298
244299
244300
244301
244303
244304
244305
244306
244307
244308
244309
244310
244311
244313
244314
244316
244317
244318
244319
244321
244322
244327
244328
244330
244331
244332
244335
244336
244337
244338
244339
244341
244342
244343
244344
244345
244346
244348
244349
244350
244352
244354
244355
244356
244357
244358
244359
244360
244361
244362
244363
244364
244365
244367
244368
244369
244370
244372
244373
244374
244375
244376
244377
244378
244379
244380
244381
244382
244383
244385
244387
244388
244390
244391
244392
244393
244394
244395
244396
244398
244399
244400
244401
244402
244403
244404
244405
244406
244407
244408
244409
244410
244411
244412
244413
244414
244415
244416
244417
244419
244420
244421
244422
244424
244425
244426
244428
244429
244431
244432
244433
244434
244435
244436
244437
244438
244439
244440
244441
244442
244443
244444
244445
244446
244447
244448
244449
244450
244451
244454
244455
244456
244457
244458
244459
244461
244462
244463
244464
244465
244466
244468
244469
244470
244471
244472
244473
244474
244475
244476
244477
244478
244479
244480
244481
244483
244484
244485
244487
244489
244492
244494
244495
244496
244497
244498
244499
244500
244501
244502
244503
244504
244505
244506
244508
244509
244511
244513
244514
244515
244516
244517
244518
244519
244520
244521
244523
244524
244525
244526
244528
244529
244530
244531
244532
244534
244535
244537
244538
244539
244542
244543
244544
244545
244546
244547
244548
244549
244550
244551
244552
244553
244554
244555
244556
244557
244558
244560
244561
244562
244563
244564
244565
244566
244568
244569
244570
244571
244572
244573
244574
244575
244577
244578
244579
244580
244582
244585
244587
244588
244590
244591
244592
244593
244594
244595
244596
244597
244598
244599
244600
244601
244603
244604
244605
244606
244607
244608
244609
244610
244611
244613
244615
244616
244618
244621
244622
244623
244625
244626
244627
244631
244632
244633
244634
244635
244636
244637
244638
244639
244640
244641
244642
244643
244644
244646
244647
244648
244649
244650
244651
244652
244653
244654
244655
244657
244658
244659
244660
244661
244662
244663
244664
244665
244667
244668
244669
244672
244673
244674
244675
244676
244677
244678
244679
244680
244681
244682
244683
244684
244686
244687
244688
244689
244690
244691
244692
244697
244698
244701
244703
244704
244708
244709
244711
244713
244714
244715
244717
244718
244720
244721
244723
244724
244729
244730
244731
244732
244733
244734
244735
244736
244737
244738
244741
244742
244743
244744
244745
244746
244747
244748
244750
244751
244752
244753
244754
244755
244757
244758
244759
244760
244762
244763
244764
244765
244766
244767
244768
244769
244770
244771
244774
244775
244777
244779
244780
244781
244782
244783
244784
244785
244787
244788
244789
244792
244793
244795
244796
244797
244798
244799
244800
244802
244805
244806
244808
244809
244811
244812
244813
244814
244815
244816
244817
244818
244819
244820
244821
244822
244823
244824
244825
244829
244830
244831
244834
244836
244837
244838
244839
244840
244841
244843
244845
244847
244849
244850
244851
244852
244853
244854
244855
244856
244857
244858
244859
244860
244861
244862
244863
244865
244867
244868
244869
244870
244871
244872
244873
244876
244882
244883
244884
244886
244887
244888
244889
244891
244892
244893
244894
244895
244896
244897
244900
244903
244905
244907
244908
244909
244910
244911
244912
244913
244914
244915
244916
244917
244918
244919
244920
244921
244922
244923
244924
244925
244927
244928
244929
244931
244932
244933
244934
244936
244937
244938
244939
244940
244941
244942
244943
244944
244945
244946
244947
244948
244949
244950
244951
244952
244954
244955
244956
244957
244958
244960
244962
244963
244965
244966
244967
244968
244969
244970
244971
244972
244975
244976
244978
244979
244980
244981
244982
244983
244984
244986
244988
244989
244990
244991
244992
244993
244995
244996
244997
244998
244999
245000
245001
245003
245005
245006
245007
245008
245009
245010
245011
245016
245017
245018
245019
245020
245022
245023
245026
245028
245030
245031
245032
245033
245038
245039
245040
245041
245042
245043
245044
245045
245047
245049
245051
245052
245053
245054
245056
245057
245063
245065
245066
245068
245069
245070
245071
245072
245073
245074
245075
245076
245077
245078
245079
245080
245082
245083
245084
245085
245086
245087
245089
245090
245091
245092
245093
245097
245098
245102
245103
245104
245105
245108
245109
245112
245113
245114
245115
245117
245118
245119
245120
245121
245122
245123
245124
245126
245127
245128
245130
245131
245132
245135
245136
245137
245138
245139
245140
245142
245143
245144
245145
245147
245148
245149
245150
245151
245153
245154
245155
245157
245158
245160
245161
245163
245164
245165
245166
245167
245170
245171
245172
245173
245174
245176
245178
245179
245180
245181
245182
245184
245185
245186
245187
245189
245190
245192
245193
245194
245195
245196
245197
245199
245201
245202
245204
245205
245206
245207
245208
245210
245211
245214
245215
245216
245218
245219
245220
245221
245225
245226
245227
245228
245229
245230
245231
245232
245234
245235
245238
245239
245240
245242
245243
245244
245245
245246
245247
245252
245253
245254
245255
245256
245257
245258
245259
245260
245261
245262
245263
245265
245266
245267
245268
245269
245270
245272
245273
245274
245275
245276
245278
245280
245281
245282
245283
245284
245285
245286
245287
245288
245289
245291
245292
245293
245294
245296
245297
245298
245299
245300
245301
245302
245303
245304
245308
245309
245310
245311
245312
245313
245314
245316
245317
245319
245320
245321
245322
245323
245325
245326
245327
245330
245331
245332
245334
245335
245337
245338
245341
245342
245343
245345
245347
245349
245350
245351
245352
245353
245354
245355
245358
245359
245360
245361
245362
245364
245366
245367
245368
245370
245371
245373
245375
245376
245377
245378
245380
245381
245382
245383
245384
245385
245386
245387
245388
245389
245390
245392
245393
245394
245395
245396
245399
245400
245401
245402
245403
245404
245406
245407
245408
245410
245413
245414
245415
245416
245417
245418
245419
245420
245424
245426
245428
245429
245432
245433
245435
245436
245439
245444
245445
245446
245447
245451
245453
245455
245456
245457
245458
245459
245460
245461
245462
245463
245464
245465
245466
245467
245469
245470
245471
245472
245474
245475
245476
245477
245478
245480
245481
245482
245483
245484
245485
245486
245487
245490
245491
245492
245493
245495
245496
245497
245498
245499
245501
245503
245504
245505
245507
245508
245509
245510
245511
245512
245513
245514
245515
245518
245519
245520
245522
245525
245526
245527
245529
245531
245532
245533
245534
245535
245536
245537
245540
245541
245543
245544
245545
245546
245547
245549
245550
245551
245552
245553
245555
245556
245559
245560
245561
245562
245563
245564
245565
245566
245567
245568
245570
245571
245572
245573
245574
245575
245577
245578
245579
245580
245581
245582
245583
245584
245585
245586
245587
245588
245589
245590
245593
245594
245595
245598
245599
245600
245602
245603
245604
245605
245606
245607
245610
245611
245612
245613
245614
245615
245617
245618
245619
245620
245621
245622
245623
245624
245626
245628
245629
245630
245631
245632
245633
245634
245636
245637
245638
245640
245641
245642
245643
245644
245646
245647
245648
245650
245652
245653
245656
245657
245658
245659
245660
245661
245662
245663
245664
245665
245666
245667
245668
245670
245671
245672
245673
245674
245675
245676
245677
245678
245679
245681
245684
245686
245687
245689
245690
245692
245693
245694
245695
245696
245698
245699
245701
245702
245703
245704
245706
245707
245708
245709
245710
245712
245717
245718
245719
245720
245723
245724
245725
245728
245729
245730
245731
245733
245735
245736
245737
245738
245739
245740
245741
245742
245743
245744
245745
245746
245747
245748
245749
245750
245751
245752
245753
245755
245756
245759
245761
245762
245763
245764
245765
245766
245767
245768
245769
245770
245771
245772
245774
245776
245777
245778
245779
245780
245781
245783
245784
245785
245786
245788
245790
245793
245794
245795
245796
245797
245799
245800
245802
245803
245804
245806
245809
245810
245811
245812
245815
245816
245817
245818
245819
245820
245821
245822
245823
245825
245826
245828
245829
245830
245833
245835
245836
245838
245839
245841
245843
245844
245845
245846
245847
245848
245849
245850
245853
245854
245858
245861
245863
245864
245865
245866
245868
245869
245870
245871
245872
245874
245875
245876
245877
245878
245879
245881
245882
245883
245884
245885
245886
245887
245888
245889
245890
245891
245892
245894
245896
245897
245898
245899
245900
245901
245902
245903
245904
245905
245906
245907
245908
245909
245910
245911
245912
245914
245918
245919
245921
245923
245925
245926
245927
245928
245929
245930
245932
245935
245936
245937
245938
245939
245940
245941
245942
245943
245945
245950
245951
245952
245953
245954
245955
245956
245957
245960
245961
245962
245963
245964
245965
245966
245967
245968
245970
245971
245972
245973
245974
245975
245976
245977
245979
245981
245982
245983
245984
245985
245986
245987
245988
245989
245991
245992
245993
245994
245995
245996
245997
245998
246001
246002
246003
246004
246005
246007
246008
246009
246010
246011
246012
246013
246015
246017
246018
246019
246020
246022
246023
246024
246025
246026
246027
246028
246029
246030
246031
246032
246033
246037
246040
246042
246043
246046
246048
246049
246051
246054
246055
246056
246057
246058
246059
246061
246063
246064
246065
246066
246067
246068
246069
246070
246071
246072
246073
246074
246075
246076
246077
246080
246083
246085
246086
246087
246088
246090
246092
246093
246094
246096
246097
246098
246099
246101
246102
246103
246104
246105
246109
246110
246111
246112
246115
246116
246117
246118
246119
246120
246121
246123
246124
246126
246127
246128
246129
246130
246132
246133
246134
246136
246137
246139
246140
246141
246142
246143
246144
246146
246148
246149
246151
246154
246155
246156
246157
246158
246159
246160
246161
246162
246163
246165
246168
246169
246171
246172
246173
246174
246175
246176
246177
246178
246180
246181
246182
246183
246185
246186
246188
246189
246190
246191
246192
246193
246194
246195
246196
246197
246198
246201
246202
246203
246204
246205
246206
246207
246210
246211
246212
246213
246214
246217
246218
246219
246220
246222
246223
246224
246225
246228
246231
246232
246233
246235
246236
246237
246238
246239
246240
246241
246242
246243
246244
246246
246247
246252
246253
246254
246255
246256
246259
246261
246262
246263
246264
246265
246268
246270
246271
246272
246273
246275
246277
246278
246280
246281
246282
246284
246285
246286
246288
246289
246290
246291
246292
246293
246294
246296
246297
246298
246299
246301
246302
246303
246304
246305
246307
246308
246309
246312
246315
246317
246318
246320
246321
246324
246325
246326
246327
246329
246330
246331
246332
246333
246334
246335
246339
246340
246341
246342
246343
246347
246348
246349
246350
246351
246352
246353
246354
246355
246356
246358
246359
246360
246361
246363
246364
246365
246369
246370
246371
246372
246373
246374
246375
246377
246378
246379
246380
246381
246383
246385
246386
246387
246388
246389
246390
246391
246392
246393
246395
246396
246397
246398
246400
246402
246403
246404
246408
246409
246410
246411
246412
246414
246415
246416
246417
246418
246419
246421
246422
246423
246424
246425
246427
246428
246429
246431
246432
246433
246434
246436
246437
246438
246439
246440
246441
246442
246443
246444
246445
246447
246448
246449
246451
246454
246455
246456
246457
246458
246461
246462
246463
246464
246465
246466
246467
246468
246469
246470
246471
246472
246473
246474
246475
246476
246477
246478
246479
246483
246484
246485
246486
246487
246489
246490
246494
246495
246496
246497
246498
246501
246502
246503
246504
246505
246506
246508
246509
246510
246511
246512
246513
246514
246515
246516
246517
246518
246519
246520
246521
246522
246524
246526
246528
246529
246535
246536
246537
246538
246539
246540
246541
246543
246544
246547
246548
246549
246551
246555
246556
246557
246558
246559
246561
246562
246564
246566
246569
246570
246571
246572
246573
246575
246576
246577
246578
246579
246581
246582
246583
246584
246585
246587
246588
246589
246590
246591
246592
246593
246594
246595
246596
246597
246598
246602
246603
246604
246605
246606
246607
246608
246610
246611
246612
246613
246614
246615
246616
246618
246619
246620
246621
246622
246623
246624
246625
246626
246627
246628
246629
246630
246631
246632
246633
246634
246635
246636
246637
246638
246639
246640
246641
246643
246645
246646
246647
246648
246649
246650
246651
246653
246654
246657
246658
246659
246660
246662
246663
246664
246665
246667
246668
246670
246671
246672
246674
246675
246676
246678
246680
246681
246682
246684
246685
246686
246688
246689
246692
246693
246694
246696
246698
246699
246700
246701
246704
246705
246706
246707
246708
246709
246711
246712
246713
246714
246715
246717
246718
246719
246720
246722
246724
246725
246726
246727
246728
246729
246730
246732
246733
246734
246735
246736
246737
246740
246741
246744
246746
246747
246748
246749
246751
246752
246753
246754
246755
246757
246758
246759
246761
246763
246764
246765
246766
246767
246768
246769
246770
246771
246772
246773
246775
246779
246780
246781
246782
246784
246785
246786
246787
246788
246789
246790
246791
246792
246793
246794
246795
246797
246798
246799
246800
246801
246802
246803
246804
246806
246807
246808
246809
246810
246811
246812
246813
246814
246818
246820
246824
246825
246826
246827
246828
246830
246832
246835
246836
246837
246838
246839
246840
246841
246842
246843
246844
246845
246847
246848
246853
246854
246857
246858
246859
246860
246861
246862
246863
246865
246866
246868
246871
246872
246873
246874
246875
246876
246877
246878
246880
246882
246883
246884
246885
246886
246888
246889
246890
246892
246893
246894
246895
246897
246898
246900
246902
246903
246904
246905
246906
246907
246908
246909
246910
246912
246913
246914
246915
246916
246917
246918
246920
246921
246922
246924
246926
246928
246929
246932
246934
246935
246937
246938
246941
246942
246944
246945
246947
246948
246949
246950
246951
246952
246953
246954
246956
246957
246958
246959
246961
246962
246964
246965
246967
246968
246971
246972
246974
246975
246976
246977
246978
246979
246980
246983
246984
246985
246986
246988
246989
246990
246991
246992
246993
246994
246995
246996
246998
246999
247003
247005
247006
247008
247009
247010
247011
247013
247014
247015
247017
247020
247022
247024
247025
247026
247027
247028
247030
247032
247033
247034
247035
247036
247038
247039
247040
247042
247043
247044
247046
247047
247048
247049
247050
247051
247053
247054
247055
247056
247057
247059
247060
247061
247062
247064
247066
247068
247069
247070
247071
247073
247074
247075
247077
247078
247079
247080
247081
247084
247085
247086
247087
247088
247089
247090
247091
247092
247093
247094
247095
247096
247097
247098
247100
247101
247103
247104
247105
247106
247108
247109
247110
247111
247113
247114
247115
247116
247117
247119
247120
247121
247122
247123
247124
247127
247128
247129
247130
247132
247133
247134
247135
247137
247140
247141
247143
247144
247145
247148
247149
247150
247151
247152
247153
247154
247155
247157
247158
247159
247160
247161
247162
247163
247164
247165
247166
247168
247169
247170
247171
247172
247173
247174
247176
247177
247178
247180
247181
247184
247185
247187
247188
247189
247190
247191
247192
247193
247194
247197
247198
247199
247200
247201
247202
247203
247204
247205
247207
247208
247209
247210
247211
247212
247214
247215
247217
247218
247220
247221
247222
247223
247224
247225
247226
247227
247228
247229
247230
247232
247233
247236
247237
247238
247239
247240
247242
247244
247245
247246
247247
247248
247249
247253
247255
247256
247257
247258
247259
247260
247261
247262
247263
247264
247266
247267
247268
247269
247272
247273
247274
247275
247276
247277
247278
247279
247280
247281
247282
247283
247284
247285
247286
247287
247288
247289
247290
247291
247292
247294
247296
247298
247299
247301
247302
247304
247305
247306
247307
247308
247309
247310
247313
247314
247316
247317
247318
247319
247320
247321
247322
247324
247325
247326
247327
247329
247330
247331
247332
247333
247334
247336
247337
247338
247339
247342
247343
247344
247345
247346
247347
247349
247350
247353
247355
247356
247358
247359
247365
247366
247368
247369
247370
247371
247373
247374
247375
247376
247377
247378
247379
247380
247382
247383
247384
247385
247386
247387
247389
247390
247392
247393
247394
247395
247397
247398
247399
247401
247402
247403
247404
247405
247406
247407
247408
247410
247411
247412
247414
247415
247417
247418
247419
247420
247422
247423
247425
247426
247427
247428
247429
247430
247431
247432
247433
247435
247436
247441
247442
247443
247444
247445
247446
247447
247451
247452
247454
247455
247456
247457
247459
247461
247462
247463
247464
247465
247467
247468
247469
247470
247471
247472
247473
247474
247476
247477
247478
247479
247480
247481
247482
247483
247485
247486
247487
247488
247489
247490
247491
247492
247493
247494
247497
247498
247499
247500
247504
247505
247506
247507
247508
247509
247510
247511
247512
247513
247515
247518
247519
247520
247521
247522
247523
247524
247525
247526
247527
247528
247529
247530
247531
247532
247534
247535
247537
247540
247541
247543
247544
247545
247546
247547
247548
247550
247551
247552
247553
247554
247555
247556
247559
247560
247561
247563
247564
247565
247566
247567
247571
247572
247573
247574
247575
247576
247578
247579
247581
247582
247583
247585
247587
247588
247589
247590
247593
247594
247597
247598
247599
247601
247602
247605
247606
247607
247609
247610
247611
247613
247614
247615
247618
247619
247620
247621
247622
247623
247624
247625
247626
247627
247628
247629
247630
247631
247632
247633
247634
247635
247637
247639
247641
247644
247645
247646
247647
247648
247649
247650
247651
247652
247654
247655
247656
247657
247658
247659
247660
247661
247664
247666
247667
247668
247669
247670
247671
247672
247673
247674
247675
247676
247677
247678
247679
247680
247682
247683
247685
247686
247687
247688
247689
247691
247692
247693
247694
247695
247696
247697
247698
247699
247702
247703
247704
247706
247707
247708
247710
247711
247712
247713
247714
247715
247716
247717
247721
247722
247723
247724
247726
247727
247729
247730
247731
247732
247733
247734
247735
247736
247737
247739
247740
247741
247742
247743
247744
247745
247746
247747
247749
247750
247751
247752
247753
247754
247755
247757
247758
247759
247760
247761
247762
247763
247764
247766
247767
247769
247771
247772
247773
247774
247776
247777
247779
247780
247783
247786
247787
247788
247789
247792
247793
247794
247796
247797
247798
247799
247801
247802
247803
247804
247805
247806
247807
247808
247809
247810
247812
247813
247815
247816
247817
247820
247821
247822
247824
247825
247826
247827
247828
247832
247833
247835
247836
247837
247838
247839
247840
247842
247845
247846
247848
247849
247850
247851
247852
247853
247855
247856
247857
247858
247859
247860
247861
247862
247863
247864
247865
247866
247867
247868
247869
247870
247872
247873
247874
247876
247879
247880
247881
247882
247884
247885
247886
247887
247888
247889
247890
247891
247892
247894
247895
247897
247898
247899
247900
247901
247902
247903
247905
247907
247908
247910
247911
247912
247915
247917
247919
247921
247922
247926
247927
247928
247930
247931
247932
247933
247934
247935
247936
247937
247938
247939
247940
247941
247943
247944
247945
247948
247949
247950
247951
247952
247953
247955
247956
247957
247958
247961
247962
247963
247964
247965
247966
247971
247972
247973
247974
247976
247978
247980
247981
247982
247983
247984
247987
247988
247989
247990
247991
247992
247994
247995
247996
247998
247999
248001
248002
248003
248004
248006
248007
248008
248009
248010
248011
248012
248013
248015
248019
248020
248021
248022
248023
248024
248025
248026
248028
248029
248030
248031
248032
248033
248034
248035
248036
248037
248038
248039
248043
248044
248045
248046
248047
248050
248051
248052
248053
248054
248055
248056
248057
248058
248059
248060
248061
248062
248063
248064
248065
248066
248067
248068
248069
248071
248072
248073
248074
248076
248077
248078
248079
248080
248081
248082
248084
248086
248087
248088
248089
248090
248091
248092
248094
248096
248097
248098
248101
248103
248104
248105
248106
248107
248108
248109
248110
248111
248112
248113
248114
248116
248117
248118
248119
248120
248122
248123
248124
248125
248126
248127
248128
248129
248130
248131
248133
248134
248135
248136
248137
248138
248139
248140
248142
248144
248145
248147
248148
248149
248150
248151
248152
248153
248154
248157
248158
248159
248161
248162
248163
248164
248166
248167
248168
248169
248170
248171
248173
248174
248175
248176
248177
248178
248179
248180
248181
248182
248184
248185
248192
248193
248194
248195
248196
248197
248198
248199
248200
248201
248203
248204
248205
248206
248207
248208
248209
248210
248211
248212
248216
248217
248218
248219
248220
248221
248222
248223
248224
248227
248228
248230
248231
248233
248235
248237
248239
248240
248241
248242
248244
248245
248246
248247
248248
248249
248250
248251
248252
248253
248254
248255
248256
248257
248260
248261
248262
248264
248265
248266
248267
248269
248270
248271
248273
248274
248275
248276
248277
248278
248279
248281
248282
248284
248285
248286
248287
248288
248289
248290
248291
248292
248293
248294
248295
248296
248297
248299
248301
248302
248303
248304
248305
248306
248308
248309
248310
248311
248312
248314
248315
248316
248318
248319
248320
248321
248322
248323
248324
248327
248329
248330
248332
248333
248334
248336
248338
248339
248343
248344
248348
248349
248350
248352
248353
248354
248355
248357
248358
248359
248360
248362
248364
248366
248367
248368
248370
248372
248373
248374
248375
248376
248377
248378
248379
248381
248382
248383
248388
248389
248390
248391
248392
248394
248395
248396
248397
248398
248400
248401
248403
248406
248407
248408
248409
248410
248411
248412
248413
248414
248415
248416
248417
248418
248419
248420
248421
248422
248423
248424
248428
248429
248431
248434
248435
248438
248440
248444
248445
248446
248447
248448
248449
248450
248451
248453
248454
248455
248456
248457
248458
248459
248461
248464
248465
248466
248467
248468
248469
248470
248471
248472
248473
248474
248475
248477
248479
248480
248481
248482
248483
248484
248485
248486
248487
248488
248489
248490
248491
248494
248495
248496
248497
248498
248499
248500
248501
248502
248503
248504
248506
248508
248509
248510
248511
248513
248515
248516
248517
248518
248519
248522
248524
248525
248526
248527
248530
248531
248532
248533
248535
248536
248538
248541
248543
248544
248545
248547
248549
248551
248553
248554
248555
248556
248557
248558
248559
248560
248561
248562
248563
248564
248565
248567
248568
248569
248571
248576
248577
248578
248579
248580
248581
248582
248583
248585
248586
248587
248589
248591
248592
248593
248595
248596
248598
248599
248600
248601
248602
248604
248606
248607
248609
248610
248612
248613
248615
248616
248617
248618
248619
248620
248622
248623
248624
248626
248627
248628
248630
248633
248634
248636
248637
248638
248639
248640
248643
248644
248646
248647
248649
248650
248651
248652
248653
248654
248656
248657
248658
248659
248660
248661
248662
248666
248667
248668
248672
248673
248674
248675
248676
248677
248679
248680
248681
248683
248684
248685
248686
248687
248688
248690
248691
248692
248693
248694
248695
248697
248698
248699
248700
248701
248702
248703
248704
248705
248706
248707
248709
248710
248711
248713
248714
248715
248716
248718
248719
248721
248722
248724
248725
248726
248727
248728
248729
248730
248731
248732
248733
248734
248735
248736
248737
248738
248739
248740
248741
248742
248744
248745
248746
248747
248748
248749
248750
248751
248753
248754
248755
248756
248757
248758
248760
248761
248762
248763
248764
248765
248766
248767
248769
248770
248771
248772
248773
248774
248775
248776
248778
248779
248780
248781
248784
248785
248786
248788
248789
248790
248791
248792
248793
248794
248795
248800
248801
248802
248804
248807
248808
248810
248811
248812
248813
248814
248815
248817
248819
248820
248821
248823
248824
248825
248827
248828
248829
248830
248831
248833
248836
248837
248840
248841
248842
248845
248848
248849
248850
248851
248852
248853
248854
248857
248860
248861
248862
248864
248865
248866
248867
248869
248870
248873
248874
248875
248876
248878
248879
248880
248881
248882
248883
248885
248887
248888
248889
248890
248891
248892
248894
248895
248896
248897
248898
248899
248900
248901
248902
248903
248904
248905
248906
248907
248908
248910
248911
248913
248914
248915
248917
248919
248921
248922
248923
248928
248929
248930
248932
248933
248935
248936
248938
248939
248940
248941
248944
248945
248947
248948
248950
248951
248952
248953
248954
248955
248956
248958
248959
248960
248962
248963
248964
248965
248966
248967
248968
248969
248970
248971
248972
248973
248974
248975
248981
248982
248983
248984
248987
248988
248989
248992
248993
248994
248998
248999
249002
249003
249004
249006
249007
249008
249009
249010
249011
249012
249013
249015
249016
249017
249018
249019
249020
249021
249022
249023
249024
249025
249026
249027
249028
249029
249030
249031
249033
249034
249035
249036
249037
249038
249039
249040
249041
249042
249043
249044
249045
249046
249048
249049
249051
249052
249053
249054
249055
249057
249058
249062
249064
249065
249067
249068
249069
249070
249071
249072
249073
249074
249075
249077
249078
249079
249081
249082
249083
249084
249085
249086
249087
249088
249089
249090
249092
249093
249094
249095
249096
249097
249098
249099
249100
249101
249103
249104
249105
249106
249108
249110
249111
249115
249117
249118
249119
249120
249121
249122
249123
249124
249125
249126
249127
249129
249131
249132
249135
249136
249137
249138
249139
249140
249141
249142
249145
249146
249148
249149
249150
249153
249155
249156
249157
249158
249159
249160
249161
249162
249164
249165
249166
249167
249171
249172
249173
249174
249175
249176
249178
249182
249183
249184
249185
249186
249188
249194
249196
249198
249199
249201
249202
249203
249204
249206
249207
249208
249209
249210
249211
249213
249214
249215
249217
249218
249220
249221
249222
249223
249224
249226
249228
249229
249231
249232
249233
249234
249238
249239
249240
249242
249245
249248
249251
249252
249253
249257
249259
249260
249262
249263
249264
249265
249266
249268
249269
249270
249271
249274
249275
249277
249278
249279
249280
249282
249283
249285
249286
249287
249288
249289
249290
249291
249292
249294
249295
249296
249297
249298
249300
249301
249302
249303
249304
249305
249306
249307
249308
249310
249311
249312
249313
249314
249315
249316
249317
249318
249319
249320
249321
249322
249323
249325
249327
249329
249330
249331
249332
249333
249334
249335
249336
249337
249339
249340
249341
249342
249343
249344
249345
249346
249347
249349
249350
249353
249354
249355
249356
249357
249358
249359
249360
249361
249362
249363
249364
249366
249367
249368
249370
249371
249372
249373
249375
249377
249378
249381
249382
249386
249387
249388
249391
249392
249394
249396
249397
249398
249399
249400
249401
249402
249403
249404
249405
249406
249407
249408
249409
249410
249411
249413
249415
249416
249417
249419
249420
249421
249422
249423
249424
249425
249426
249429
249430
249431
249432
249433
249437
249438
249439
249440
249441
249444
249445
249446
249448
249450
249451
249453
249455
249456
249457
249458
249459
249461
249462
249463
249464
249466
249468
249469
249470
249471
249472
249473
249474
249477
249478
249479
249483
249484
249485
249489
249490
249491
249493
249494
249495
249496
249497
249498
249499
249500
249501
249503
249507
249508
249509
249510
249511
249512
249513
249514
249518
249519
249520
249521
249524
249525
249527
249528
249529
249530
249531
249532
249534
249535
249536
249537
249538
249539
249540
249542
249543
249544
249547
249548
249549
249551
249552
249553
249554
249555
249556
249557
249558
249560
249562
249563
249564
249566
249567
249568
249571
249572
249574
249575
249576
249577
249578
249579
249580
249581
249582
249583
249584
249585
249586
249587
249588
249589
249590
249591
249593
249594
249597
249598
249599
249601
249603
249604
249606
249607
249608
249609
249610
249612
249613
249614
249616
249617
249619
249620
249621
249622
249623
249624
249625
249626
249627
249628
249629
249630
249632
249633
249634
249635
249636
249637
249638
249641
249643
249644
249645
249646
249647
249651
249652
249653
249654
249657
249659
249662
249664
249665
249667
249669
249671
249672
249675
249677
249679
249680
249681
249684
249685
249688
249689
249690
249691
249692
249693
249695
249696
249697
249698
249699
249702
249703
249704
249705
249706
249707
249708
249709
249710
249711
249712
249713
249714
249715
249716
249717
249718
249719
249720
249721
249722
249723
249724
249725
249726
249727
249728
249729
249731
249732
249733
249734
249735
249736
249737
249738
249739
249740
249741
249742
249743
249744
249745
249746
249747
249748
249749
249750
249752
249753
249754
249756
249758
249760
249762
249763
249764
249765
249768
249770
249771
249773
249774
249775
249776
249777
249778
249779
249780
249781
249782
249783
249784
249786
249787
249789
249790
249791
249792
249794
249795
249796
249797
249798
249799
249800
249801
249802
249803
249804
249806
249807
249808
249809
249810
249811
249812
249813
249814
249819
249821
249823
249824
249825
249826
249827
249828
249830
249831
249832
249833
249834
249835
249836
249837
249838
249839
249840
249841
249842
249843
249844
249845
249846
249847
249848
249849
249851
249852
249853
249855
249856
249857
249858
249859
249860
249861
249862
249864
249865
249866
249867
249868
249869
249870
249871
249872
249874
249875
249877
249878
249879
249880
249881
249882
249883
249887
249888
249889
249890
249892
249893
249894
249895
249896
249898
249899
249900
249901
249902
249904
249906
249908
249909
249911
249913
249914
249916
249917
249918
249919
249920
249923
249924
249926
249927
249928
249930
249931
249932
249934
249935
249936
249937
249938
249939
249940
249941
249942
249943
249944
249945
249946
249947
249948
249949
249951
249952
249954
249958
249959
249961
249962
249963
249965
249966
249967
249968
249970
249971
249972
249974
249976
249977
249979
249980
249982
249984
249986
249987
249990
249991
249992
249996
249997
249998
249999
250000
250001
250003
250005
250006
250007
250008
250010
250012
250013
250016
250017
250018
250019
250020
250021
250022
250023
250024
250026
250027
250028
250030
250031
250034
250035
250037
250038
250039
250040
250041
250043
250045
250048
250049
250050
250051
250052
250053
250054
250055
250056
250057
250058
250059
250061
250062
250063
250064
250066
250067
250068
250069
250070
250071
250073
250074
250075
250076
250078
250079
250080
250081
250083
250085
250088
250093
250095
250097
250098
250099
250101
250105
250106
250107
250108
250109
250111
250114
250115
250116
250120
250121
250122
250124
250126
250127
250130
250131
250133
250134
250135
250136
250137
250138
250139
250140
250141
250142
250143
250144
250145
250146
250148
250149
250150
250151
250153
250155
250157
250158
250159
250160
250161
250163
250164
250165
250167
250168
250170
250172
250173
250174
250178
250183
250184
250185
250186
250187
250188
250190
250191
250192
250193
250194
250195
250197
250198
250200
250203
250204
250205
250207
250208
250209
250210
250212
250214
250215
250217
250218
250221
250222
250225
250226
250227
250229
250231
250232
250233
