370938
370939
370941
370942
370944
370945
370946
370947
370948
370950
370951
370952
370953
370954
370955
370956
370957
370958
370959
370960
370961
370962
370963
370964
370965
370966
370967
370968
370969
370970
370972
370973
370974
370976
370977
370978
370979
370980
370981
370982
370984
370985
370986
370987
370988
370989
370991
370992
370994
370995
370996
370997
370998
371000
371001
371002
371003
371004
371005
371006
371007
371008
371009
371010
371011
371012
371013
371014
371015
371016
371017
371018
371019
371020
371021
371022
371023
371027
371028
371029
371030
371031
371032
371033
371034
371035
371036
371037
371038
371039
371041
371042
371043
371044
371045
371046
371047
371048
371049
371050
371051
371052
371053
371054
371055
371056
371057
371058
371060
371061
371063
371064
371065
371067
371068
371069
371070
371072
371073
371074
371075
371076
371077
371079
371080
371081
371083
371084
371085
371086
371087
371088
371089
371090
371091
371093
371094
371095
371096
371097
371098
371099
371100
371101
371102
371103
371104
371107
371110
371111
371112
371113
371114
371116
371117
371118
371120
371122
371123
371124
371125
371127
371128
371129
371130
371131
371132
371133
371134
371136
371137
371138
371139
371140
371141
371142
371145
371146
371147
371148
371149
371151
371152
371153
371154
371155
371157
371158
371159
371160
371161
371162
371163
371164
371165
371166
371167
371168
371170
371171
371172
371173
371174
371175
371176
371177
371179
371180
371181
371182
371183
371184
371185
371189
371190
371191
371194
371195
371196
371197
371198
371199
371200
371201
371202
371205
371206
371207
371208
371210
371212
371215
371216
371217
371218
371219
371220
371221
371222
371223
371227
371228
371230
371232
371233
371234
371235
371237
371238
371240
371241
371242
371243
371244
371245
371246
371247
371249
371250
371251
371252
371255
371257
371258
371261
371262
371264
371265
371266
371267
371268
371270
371271
371273
371274
371275
371277
371278
371279
371280
371281
371282
371285
371288
371290
371291
371292
371293
371294
371296
371297
371298
371299
371301
371302
371303
371304
371305
371306
371307
371308
371309
371311
371312
371313
371315
371317
371318
371319
371320
371322
371324
371326
371327
371328
371329
371330
371331
371332
371334
371335
371337
371338
371339
371340
371341
371342
371345
371346
371347
371349
371350
371351
371352
371353
371354
371355
371356
371357
371358
371359
371360
371361
371362
371363
371365
371366
371367
371368
371369
371371
371372
371373
371374
371375
371376
371378
371379
371380
371381
371382
371383
371384
371385
371386
371388
371390
371392
371393
371394
371395
371396
371399
371400
371402
371403
371404
371406
371408
371409
371411
371412
371414
371415
371416
371417
371418
371420
371421
371422
371423
371424
371425
371426
371427
371428
371430
371431
371432
371433
371434
371435
371436
371437
371438
371439
371440
371441
371442
371444
371445
371446
371447
371449
371450
371453
371454
371457
371459
371461
371462
371463
371464
371465
371466
371468
371471
371472
371474
371475
371476
371477
371481
371483
371484
371485
371486
371487
371488
371489
371490
371491
371493
371494
371495
371496
371497
371498
371499
371502
371504
371505
371506
371507
371508
371509
371510
371512
371513
371514
371516
371517
371519
371520
371521
371523
371524
371526
371528
371529
371530
371531
371532
371536
371541
371542
371544
371545
371549
371551
371553
371555
371556
371557
371558
371560
371562
371563
371564
371566
371569
371571
371572
371575
371576
371578
371579
371581
371583
371585
371586
371587
371588
371589
371590
371591
371592
371593
371594
371598
371599
371601
371602
371604
371607
371608
371609
371610
371612
371614
371616
371617
371618
371619
371620
371621
371622
371623
371624
371625
371627
371628
371630
371631
371633
371635
371636
371637
371638
371640
371641
371642
371643
371644
371645
371646
371647
371648
371649
371650
371651
371653
371654
371655
371656
371657
371658
371663
371664
371665
371667
371668
371669
371671
371673
371674
371676
371677
371678
371679
371680
371681
371683
371685
371686
371687
371688
371689
371690
371691
371693
371695
371696
371697
371698
371699
371700
371702
371703
371704
371705
371708
371709
371710
371711
371712
371714
371715
371716
371717
371718
371719
371720
371722
371725
371726
371729
371730
371731
371732
371733
371735
371736
371737
371741
371742
371744
371746
371747
371750
371751
371752
371753
371754
371755
371756
371757
371758
371759
371760
371761
371763
371764
371767
371768
371769
371771
371772
371773
371774
371775
371776
371777
371779
371780
371782
371784
371785
371786
371787
371791
371792
371794
371795
371796
371798
371800
371802
371803
371804
371805
371807
371808
371810
371811
371812
371813
371814
371816
371817
371819
371820
371822
371823
371824
371825
371826
371828
371830
371831
371832
371833
371834
371835
371838
371839
371840
371841
371842
371843
371844
371845
371846
371847
371848
371849
371850
371851
371853
371854
371855
371856
371857
371858
371859
371860
371861
371862
371864
371865
371866
371867
371868
371869
371870
371871
371872
371874
371877
371878
371879
371880
371881
371882
371883
371884
371885
371887
371888
371889
371890
371891
371893
371896
371897
371898
371899
371900
371902
371905
371907
371908
371909
371912
371913
371915
371916
371917
371919
371920
371921
371923
371924
371925
371927
371929
371930
371931
371932
371935
371936
371939
371940
371941
371942
371945
371946
371947
371948
371949
371950
371951
371952
371954
371955
371956
371957
371958
371959
371960
371961
371962
371963
371964
371965
371966
371967
371968
371969
371970
371975
371976
371977
371978
371979
371980
371982
371983
371984
371986
371987
371989
371990
371993
371994
371995
371996
371997
371998
371999
372000
372001
372002
372003
372005
372006
372007
372008
372009
372010
372013
372014
372016
372018
372020
372021
372023
372024
372025
372026
372027
372031
372032
372033
372034
372035
372036
372037
372038
372040
372042
372043
372044
372045
372047
372048
372049
372050
372052
372053
372054
372055
372057
372058
372059
372060
372064
372065
372066
372068
372072
372073
372077
372078
372079
372080
372084
372085
372086
372087
372088
372089
372090
372091
372093
372094
372096
372098
372099
372104
372105
372106
372107
372108
372109
372110
372112
372114
372116
372117
372118
372119
372120
372121
372122
372123
372124
372127
372128
372129
372131
372132
372134
372135
372136
372137
372139
372140
372142
372143
372144
372145
372146
372148
372149
372150
372151
372152
372153
372155
372156
372157
372160
372161
372162
372163
372164
372165
372166
372168
372169
372170
372171
372172
372173
372177
372180
372181
372182
372183
372184
372186
372187
372188
372189
372190
372191
372193
372195
372196
372197
372198
372199
372200
372201
372202
372203
372204
372208
372209
372210
372214
372216
372217
372218
372219
372220
372221
372222
372223
372224
372225
372226
372227
372228
372229
372230
372231
372232
372233
372235
372236
372237
372238
372239
372241
372242
372243
372244
372245
372246
372247
372248
372249
372250
372252
372254
372255
372256
372259
372260
372261
372262
372263
372264
372266
372268
372270
372271
372272
372274
372275
372276
372277
372279
372281
372282
372284
372285
372286
372287
372288
372289
372290
372292
372293
372294
372295
372297
372298
372299
372300
372301
372306
372307
372309
372310
372311
372313
372314
372315
372316
372318
372323
372326
372327
372328
372332
372333
372336
372337
372338
372339
372340
372341
372343
372344
372345
372346
372347
372348
372349
372350
372351
372352
372353
372354
372355
372356
372357
372358
372359
372360
372361
372362
372363
372364
372366
372368
372369
372370
372371
372373
372375
372376
372377
372378
372379
372380
372381
372382
372383
372384
372385
372386
372387
372388
372389
372390
372392
372393
372395
372400
372402
372403
372404
372405
372406
372408
372409
372410
372413
372415
372416
372417
372418
372419
372420
372421
372422
372424
372425
372427
372428
372429
372431
372432
372433
372435
372437
372438
372439
372440
372441
372442
372444
372445
372446
372447
372449
372451
372452
372453
372454
372455
372456
372457
372458
372459
372460
372461
372462
372463
372464
372465
372466
372467
372468
372469
372470
372471
372472
372473
372474
372475
372476
372477
372478
372482
372483
372484
372485
372486
372487
372488
372489
372490
372491
372492
372494
372495
372496
372497
372498
372499
372500
372501
372502
372503
372504
372505
372507
372508
372509
372510
372511
372512
372514
372515
372516
372517
372518
372520
372521
372522
372524
372525
372528
372529
372530
372531
372532
372533
372535
372536
372537
372538
372539
372540
372542
372543
372544
372545
372547
372548
372551
372552
372553
372556
372557
372558
372561
372563
372564
372565
372566
372568
372569
372572
372574
372575
372576
372578
372579
372580
372581
372582
372583
372584
372585
372586
372587
372588
372590
372591
372592
372593
372596
372597
372599
372602
372604
372606
372609
372610
372611
372613
372616
372617
372618
372619
372620
372621
372622
372624
372626
372628
372629
372631
372632
372633
372634
372635
372636
372637
372638
372639
372640
372641
372644
372645
372649
372650
372651
372652
372653
372656
372658
372659
372660
372661
372662
372663
372665
372666
372667
372668
372669
372670
372671
372672
372673
372674
372676
372677
372678
372679
372680
372682
372686
372687
372688
372689
372690
372691
372692
372693
372697
372699
372701
372702
372704
372706
372708
372709
372710
372712
372713
372714
372715
372716
372717
372718
372719
372720
372721
372722
372723
372725
372726
372727
372729
372730
372731
372732
372733
372734
372735
372736
372737
372738
372739
372740
372743
372744
372745
372746
372747
372748
372749
372750
372751
372752
372753
372755
372756
372758
372759
372761
372762
372763
372764
372765
372767
372768
372769
372770
372771
372772
372773
372775
372776
372777
372778
372779
372780
372781
372783
372784
372786
372787
372790
372791
372792
372793
372794
372795
372796
372797
372798
372799
372800
372801
372803
372804
372805
372806
372807
372808
372809
372810
372811
372812
372813
372814
372815
372816
372817
372818
372819
372820
372821
372822
372823
372824
372825
372826
372827
372828
372829
372830
372832
372833
372835
372836
372837
372838
372839
372840
372842
372843
372844
372845
372846
372848
372849
372850
372852
372853
372854
372855
372856
372857
372858
372859
372860
372861
372862
372863
372864
372865
372866
372867
372869
372870
372871
372872
372873
372874
372875
372877
372878
372879
372880
372881
372882
372883
372884
372885
372886
372887
372888
372889
372891
372892
372893
372894
372895
372897
372898
372899
372900
372901
372902
372903
372904
372905
372906
372907
372908
372909
372910
372912
372914
372915
372916
372917
372918
372919
372923
372924
372925
372927
372928
372929
372930
372931
372932
372933
372937
372939
372941
372942
372943
372944
372945
372946
372947
372948
372949
372950
372952
372953
372954
372955
372956
372957
372959
372960
372962
372963
372964
372965
372966
372967
372968
372969
372970
372971
372972
372973
372975
372978
372979
372980
372981
372982
372983
372984
372985
372986
372988
372989
372990
372992
372993
372994
372996
372997
372998
372999
373000
373001
373003
373004
373007
373010
373011
373012
373014
373015
373016
373017
373018
373019
373020
373021
373022
373023
373024
373025
373026
373028
373030
373032
373035
373037
373039
373040
373041
373042
373043
373044
373047
373048
373049
373051
373052
373053
373054
373055
373056
373057
373058
373059
373060
373061
373062
373063
373064
373065
373067
373068
373069
373071
373072
373073
373076
373078
373080
373081
373082
373083
373084
373087
373088
373089
373090
373092
373093
373094
373095
373097
373099
373100
373101
373102
373103
373104
373105
373106
373107
373108
373112
373113
373114
373115
373117
373120
373121
373122
373123
373124
373125
373126
373127
373128
373130
373131
373132
373133
373134
373136
373139
373141
373142
373143
373144
373147
373149
373150
373152
373154
373155
373157
373158
373159
373161
373162
373163
373165
373167
373168
373169
373170
373172
373173
373174
373175
373176
373177
373178
373179
373181
373182
373183
373184
373185
373186
373187
373189
373190
373191
373192
373193
373194
373195
373196
373197
373198
373199
373201
373202
373203
373205
373206
373207
373208
373209
373210
373211
373212
373213
373214
373216
373217
373218
373219
373221
373222
373223
373224
373225
373226
373228
373229
373230
373231
373232
373233
373234
373235
373236
373237
373238
373239
373240
373241
373243
373244
373245
373246
373247
373248
373250
373251
373254
373255
373257
373259
373260
373261
373262
373263
373265
373267
373268
373269
373271
373274
373276
373277
373280
373281
373282
373283
373285
373287
373289
373290
373291
373292
373293
373294
373295
373296
373297
373298
373299
373300
373301
373302
373303
373304
373306
373307
373309
373310
373311
373312
373313
373314
373315
373316
373317
373319
373320
373322
373323
373324
373325
373326
373327
373328
373329
373332
373333
373336
373337
373338
373340
373341
373342
373343
373344
373345
373346
373347
373348
373349
373350
373351
373352
373353
373354
373355
373356
373357
373359
373360
373361
373362
373363
373364
373365
373367
373369
373371
373372
373373
373374
373376
373377
373378
373379
373380
373383
373386
373389
373390
373391
373394
373395
373396
373397
373398
373399
373400
373401
373403
373406
373408
373409
373410
373411
373412
373413
373415
373418
373419
373420
373421
373422
373426
373430
373432
373433
373434
373435
373436
373437
373438
373439
373441
373442
373443
373445
373447
373448
373450
373451
373452
373453
373457
373458
373459
373460
373461
373462
373463
373464
373465
373468
373473
373474
373475
373476
373477
373478
373479
373481
373483
373487
373488
373489
373490
373491
373492
373493
373496
373497
373498
373501
373502
373504
373505
373506
373507
373508
373509
373511
373512
373513
373514
373515
373517
373518
373520
373521
373522
373523
373524
373526
373527
373528
373529
373530
373531
373532
373534
373535
373536
373537
373538
373539
373540
373541
373542
373544
373545
373546
373547
373548
373549
373550
373551
373552
373553
373554
373555
373556
373558
373559
373560
373561
373562
373563
373564
373565
373566
373567
373568
373569
373570
373571
373572
373573
373575
373576
373578
373580
373583
373584
373585
373586
373587
373589
373591
373593
373594
373595
373596
373598
373599
373600
373601
373602
373603
373604
373605
373606
373607
373608
373609
373610
373611
373613
373614
373615
373616
373619
373622
373623
373624
373625
373626
373627
373628
373629
373630
373631
373632
373634
373635
373636
373637
373638
373640
373641
373642
373643
373645
373647
373648
373649
373650
373652
373653
373654
373655
373656
373659
373660
373662
373663
373665
373666
373667
373669
373671
373673
373674
373675
373676
373677
373678
373679
373680
373681
373682
373683
373684
373685
373686
373688
373690
373691
373693
373694
373695
373696
373697
373698
373701
373703
373704
373706
373707
373708
373709
373713
373714
373718
373719
373720
373722
373723
373724
373725
373726
373729
373730
373731
373732
373734
373735
373736
373737
373738
373739
373741
373743
373744
373746
373748
373749
373750
373751
373752
373753
373755
373756
373757
373758
373759
373760
373761
373762
373763
373764
373766
373767
373768
373769
373770
373771
373772
373774
373775
373776
373779
373781
373782
373784
373785
373786
373787
373788
373792
373793
373794
373795
373798
373799
373803
373806
373807
373810
373811
373814
373815
373816
373818
373819
373824
373826
373827
373828
373830
373831
373832
373833
373834
373835
373836
373837
373839
373840
373842
373843
373844
373847
373848
373849
373850
373851
373853
373854
373855
373857
373858
373860
373862
373864
373865
373866
373867
373868
373869
373870
373871
373872
373873
373874
373875
373876
373877
373878
373880
373881
373882
373883
373884
373888
373889
373890
373892
373893
373894
373895
373898
373899
373900
373902
373903
373904
373906
373908
373909
373910
373911
373912
373913
373914
373915
373918
373920
373921
373922
373923
373924
373925
373928
373929
373930
373931
373933
373934
373936
373937
373939
373941
373942
373943
373944
373946
373947
373949
373951
373952
373953
373954
373955
373957
373958
373959
373960
373961
373962
373963
373964
373965
373966
373969
373970
373971
373973
373974
373975
373976
373977
373978
373979
373980
373981
373982
373983
373984
373987
373989
373990
373991
373992
373994
373995
373996
373997
373998
373999
374000
374001
374002
374003
374005
374006
374008
374009
374010
374012
374013
374015
374016
374017
374018
374019
374020
374021
374023
374024
374025
374026
374029
374030
374031
374032
374033
374034
374035
374039
374040
374041
374042
374045
374046
374047
374048
374049
374052
374053
374054
374055
374056
374058
374059
374061
374062
374063
374064
374065
374066
374067
374068
374070
374071
374072
374074
374075
374076
374078
374079
374080
374081
374083
374084
374085
374086
374087
374088
374089
374091
374093
374094
374095
374097
374099
374100
374101
374102
374103
374104
374106
374107
374108
374109
374110
374111
374112
374113
374114
374115
374116
374117
374118
374119
374120
374122
374123
374124
374125
374126
374127
374128
374129
374130
374131
374132
374133
374134
374135
374136
374137
374138
374139
374140
374141
374142
374143
374144
374145
374146
374147
374148
374149
374151
374152
374153
374154
374155
374157
374159
374160
374161
374162
374163
374164
374165
374167
374168
374171
374172
374173
374174
374176
374177
374178
374179
374180
374181
374182
374184
374185
374186
374187
374189
374190
374191
374192
374193
374194
374195
374196
374197
374198
374199
374201
374202
374203
374204
374205
374207
374208
374209
374210
374211
374212
374214
374215
374216
374217
374218
374219
374220
374221
374222
374223
374224
374225
374226
374228
374229
374230
374231
374232
374233
374234
374236
374237
374238
374239
374241
374242
374243
374244
374245
374246
374248
374251
374252
374253
374255
374256
374257
374258
374259
374260
374261
374262
374263
374266
374270
374271
374272
374274
374275
374276
374277
374278
374280
374281
374282
374283
374284
374285
374286
374287
374288
374289
374290
374291
374294
374296
374297
374298
374301
374302
374303
374305
374307
374308
374311
374312
374313
374314
374315
374316
374317
374318
374320
374321
374322
374323
374325
374326
374327
374328
374329
374330
374332
374333
374334
374335
374336
374338
374340
374341
374342
374344
374345
374346
374347
374349
374350
374351
374354
374355
374356
374357
374358
374359
374360
374361
374363
374364
374365
374366
374367
374368
374369
374370
374371
374372
374373
374375
374376
374378
374379
374380
374381
374382
374383
374384
374385
374386
374388
374389
374390
374391
374392
374393
374394
374395
374396
374397
374398
374400
374401
374402
374403
374404
374405
374406
374407
374408
374409
374410
374412
374413
374414
374415
374416
374417
374418
374419
374420
374422
374423
374424
374425
374426
374427
374428
374429
374430
374432
374433
374434
374435
374437
374442
374443
374444
374445
374446
374447
374448
374451
374456
374457
374458
374459
374460
374461
374462
374463
374464
374465
374466
374467
374470
374471
374472
374473
374474
374475
374476
374477
374478
374480
374481
374483
374484
374486
374487
374488
374489
374490
374491
374492
374494
374495
374496
374497
374498
374499
374500
374501
374504
374505
374506
374508
374510
374511
374512
374513
374514
374515
374516
374517
374519
374520
374521
374522
374523
374524
374525
374526
374528
374530
374531
374532
374533
374534
374535
374536
374537
374538
374540
374541
374542
374543
374544
374545
374546
374547
374550
374552
374553
374554
374556
374558
374559
374561
374562
374565
374566
374567
374568
374570
374573
374574
374576
374577
374579
374581
374582
374584
374585
374586
374587
374588
374589
374592
374593
374595
374597
374598
374602
374604
374607
374608
374609
374611
374616
374618
374620
374622
374623
374624
374625
374626
374628
374630
374632
374633
374634
374636
374637
374638
374640
374642
374644
374645
374648
374649
374650
374651
374652
374653
374654
374655
374658
374659
374660
374661
374662
374663
374664
374666
374667
374668
374670
374672
374674
374675
374676
374677
374678
374679
374680
374681
374682
374683
374684
374685
374686
374687
374688
374689
374690
374691
374692
374693
374694
374695
374696
374697
374698
374699
374700
374701
374702
374703
374704
374705
374706
374707
374709
374710
374711
374714
374715
374716
374718
374719
374720
374721
374722
374724
374727
374728
374729
374730
374731
374732
374733
374734
374737
374738
374739
374740
374741
374742
374743
374744
374745
374747
374748
374749
374750
374751
374752
374753
374754
374756
374757
374758
374759
374760
374761
374762
374763
374764
374765
374766
374767
374768
374769
374770
374771
374772
374774
374775
374776
374777
374778
374780
374781
374783
374784
374786
374787
374788
374789
374790
374791
374792
374793
374794
374795
374796
374797
374798
374800
374801
374802
374803
374804
374806
374808
374810
374811
374812
374813
374814
374815
374816
374818
374819
374820
374821
374824
374825
374826
374827
374829
374830
374831
374832
374833
374834
374835
374836
374837
374840
374841
374843
374844
374846
374847
374848
374849
374850
374852
374853
374854
374856
374857
374858
374859
374861
374862
374863
374864
374867
374870
374871
374872
374873
374876
374878
374879
374880
374881
374884
374885
374887
374890
374891
374892
374893
374894
374895
374896
374898
374899
374900
374901
374902
374905
374906
374910
374911
374913
374914
374921
374924
374928
374929
374930
374931
374933
374935
374937
374938
374940
374941
374943
374944
374945
374947
374948
374949
374952
374953
374957
374958
374961
374963
374964
374965
374966
374967
374968
374969
374971
374972
374973
374974
374975
374976
374977
374980
374981
374982
374983
374984
374986
374987
374988
374989
374990
374991
374992
374993
374994
374995
374996
374997
374998
375000
375001
375002
375003
375006
375007
375008
375009
375010
375013
375014
375015
375016
375018
375019
375020
375021
375022
375024
375026
375027
375028
375029
375030
375031
375032
375033
375034
375035
375037
375038
375039
375040
375041
375043
375044
375045
375048
375051
375052
375053
375055
375056
375057
375058
375059
375060
375062
375064
375065
375066
375068
375069
375072
375073
375074
375075
375076
375078
375079
375080
375081
375082
375083
375084
375087
375088
375090
375092
375093
375096
375097
375098
375099
375100
375101
375102
375104
375105
375106
375107
375108
375110
375111
375112
375114
375115
375117
375118
375119
375120
375122
375125
375126
375128
375129
375130
375131
375132
375133
375134
375135
375136
375137
375138
375139
375140
375141
375142
375143
375144
375145
375146
375147
375148
375149
375150
375151
375152
375154
375155
375157
375158
375160
375161
375162
375164
375165
375166
375169
375170
375171
375172
375173
375174
375176
375178
375180
375181
375182
375183
375184
375186
375187
375188
375189
375190
375191
375192
375193
375194
375195
375196
375200
375201
375202
375203
375204
375205
375206
375207
375208
375210
375213
375214
375215
375218
375219
375220
375221
375223
375224
375225
375226
375227
375228
375229
375230
375232
375233
375234
375235
375236
375238
375239
375240
375243
375245
375246
375247
375249
375250
375251
375254
375255
375258
375260
375261
375262
375263
375264
375267
375268
375269
375271
375272
375273
375274
375275
375276
375278
375280
375281
375282
375283
375284
375285
375287
375289
375290
375291
375292
375295
375296
375297
375298
375299
375300
375301
375302
375303
375305
375306
375308
375309
375310
375311
375312
375313
375314
375315
375316
375317
375318
375319
375320
375323
375324
375325
375327
375328
375329
375330
375332
375335
375336
375337
375340
375341
375343
375345
375348
375349
375350
375351
375352
375355
375357
375358
375359
375360
375361
375362
375363
375364
375365
375366
375367
375373
375375
375377
375379
375380
375381
375382
375383
375384
375385
375386
375392
375395
375397
375398
375401
375402
375403
375404
375406
375407
375408
375409
375410
375412
375413
375414
375415
375416
375417
375419
375420
375423
375424
375425
375426
375427
375428
375429
375431
375432
375436
375438
375440
375441
375442
375444
375445
375453
375454
375455
375456
375458
375459
375460
375461
375462
375465
375466
375467
375469
375470
375471
375476
375477
375478
375479
375480
375481
375482
375483
375484
375485
375486
375487
375488
375493
375494
375495
375496
375497
375498
375499
375500
375501
375504
375506
375507
375508
375509
375510
375513
375514
375515
375516
375517
375518
375519
375520
375521
375522
375523
375526
375527
375530
375531
375532
375533
375534
375537
375538
375539
375540
375541
375542
375543
375544
375545
375549
375550
375551
375552
375553
375554
375559
375560
375563
375566
375567
375568
375570
375572
375573
375574
375575
375576
375577
375578
375579
375580
375582
375583
375584
375585
375586
375587
375588
375589
375592
375593
375597
375598
375601
375602
375604
375605
375607
375608
375611
375612
375613
375615
375616
375617
375618
375619
375620
375622
375624
375625
375626
375627
375628
375629
375630
375631
375632
375633
375634
375636
375637
375639
375640
375642
375644
375645
375647
375648
375649
375650
375651
375652
375653
375654
375655
375656
375658
375659
375661
375665
375667
375670
375671
375672
375673
375674
375675
375676
375678
375679
375680
375681
375682
375683
375684
375685
375686
375687
375688
375689
375690
375692
375693
375694
375696
375697
375698
375700
375701
375702
375703
375704
375706
375709
375710
375711
375712
375713
375714
375716
375718
375719
375721
375722
375725
375726
375727
375729
375730
375732
375733
375734
375735
375736
375737
375738
375739
375740
375741
375742
375743
375744
375745
375746
375747
375748
375750
375751
375753
375754
375755
375760
375761
375762
375763
375764
375766
375767
375769
375770
375772
375773
375775
375776
375777
375778
375779
375780
375781
375782
375784
375785
375787
375788
375789
375793
375794
375795
375796
375797
375799
375800
375801
375802
375803
375804
375805
375806
375807
375808
375809
375810
375811
375813
375816
375817
375818
375819
375820
375821
375822
375823
375824
375825
375826
375827
375828
375829
375832
375835
375836
375837
375838
375839
375841
375842
375843
375844
375845
375848
375849
375851
375852
375854
375855
375856
375858
375860
375861
375862
375863
375864
375865
375867
375869
375870
375871
375872
375873
375874
375875
375876
375877
375878
375879
375880
375881
375882
375883
375884
375885
375886
375887
375888
375889
375890
375891
375892
375893
375894
375895
375898
375899
375900
375901
375902
375903
375904
375906
375907
375909
375910
375915
375917
375919
375920
375921
375924
375925
375927
375928
375929
375930
375931
375932
375933
375934
375935
375936
375937
375938
375939
375940
375941
375943
375945
375946
375947
375951
375952
375953
375954
375955
375956
375957
375958
375959
375960
375961
375962
375963
375964
375966
375967
375968
375969
375970
375971
375972
375973
375974
375975
375976
375977
375978
375979
375980
375981
375982
375983
375985
375986
375988
375990
375991
375992
375994
375995
375996
375997
376000
376001
376003
376004
376005
376006
376007
376008
376009
376010
376011
376012
376013
376014
376015
376016
376018
376019
376020
376024
376027
376030
376031
376032
376033
376035
376036
376037
376039
376041
376042
376043
376044
376046
376047
376048
376049
376050
376052
376054
376056
376057
376061
376062
376065
376066
376068
376069
376071
376072
376074
376075
376077
376078
376079
376080
376081
376082
376083
376084
376085
376086
376087
376088
376089
376090
376091
376092
376093
376094
376095
376096
376097
376098
376099
376100
376101
376102
376103
376104
376105
376106
376107
376108
376109
376110
376112
376113
376114
376115
376116
376117
376118
376119
376120
376121
376123
376125
376126
376127
376130
376132
376133
376134
376135
376136
376137
376138
376139
376141
376144
376146
376147
376148
376149
376150
376151
376152
376153
376154
376155
376156
376157
376158
376159
376160
376161
376162
376163
376164
376165
376168
376169
376170
376171
376174
376175
376176
376177
376180
376181
376182
376183
376184
376185
376186
376187
376189
376190
376191
376192
376193
376194
376197
376198
376199
376201
376204
376205
376206
376207
376208
376209
376210
376211
376213
376215
376216
376217
376218
376220
376221
376223
376224
376225
376227
376228
376229
376231
376232
376234
376235
376239
376240
376241
376242
376243
376245
376247
376248
376253
376254
376255
376257
376258
376259
376260
376261
376262
376263
376264
376265
376266
376268
376269
376270
376271
376272
376273
376275
376276
376277
376279
376281
376283
376284
376286
376287
376288
376289
376290
376291
376292
376293
376295
376296
376298
376300
376302
376303
376304
376305
376306
376307
376308
376309
376311
376313
376315
376316
376317
376319
376320
376322
376324
376325
376327
376330
376331
376332
376333
376334
376335
376337
376338
376339
376340
376341
376342
376343
376346
376347
376348
376350
376351
376352
376353
376354
376355
376356
376357
376358
376359
376361
376362
376363
376365
376366
376367
376368
376372
376374
376378
376379
376380
376381
376382
376383
376384
376386
376388
376389
376391
376392
376394
376395
376396
376397
376399
376400
376401
376404
376405
376408
376409
376410
376411
376412
376413
376414
376415
376417
376418
376419
376420
376421
376422
376424
376427
376429
376430
376433
376434
376435
376436
376437
376438
376439
376441
376444
376445
376446
376448
376449
376450
376452
376453
376455
376457
376458
376459
376460
376462
376464
376465
376466
376468
376469
376470
376471
376472
376474
376475
376477
376478
376479
376480
376481
376482
376483
376484
376485
376486
376487
376489
376490
376491
376492
376493
376494
376495
376496
376497
376498
376500
376501
376502
376503
376504
376505
376506
376513
376514
376515
376516
376518
376519
376520
376521
376522
376524
376525
376537
376540
376541
376545
376546
376549
376550
376551
376552
376553
376554
376556
376558
376559
376560
376562
376563
376564
376565
376566
376568
376569
376570
376571
376572
376573
376574
376575
376577
376578
376580
376581
376582
376583
376585
376586
376587
376589
376590
376592
376593
376594
376595
376596
376598
376599
376600
376601
376602
376604
376605
376606
376607
376608
376609
376612
376613
376614
376615
376616
376617
376618
376619
376620
376626
376627
376628
376629
376631
376632
376635
376636
376637
376638
376640
376642
376645
376646
376648
376650
376651
376653
376655
376657
376658
376659
376660
376661
376662
376663
376664
376667
376668
376669
376672
376673
376674
376675
376676
376677
376678
376679
376680
376681
376682
376683
376684
376685
376686
376687
376689
376692
376694
376695
376696
376697
376698
376699
376700
376701
376703
376704
376705
376712
376714
376715
376717
376718
376724
376725
376726
376728
376730
376732
376733
376734
376736
376737
376738
376739
376740
376741
376742
376743
376744
376745
376746
376747
376750
376751
376754
376755
376756
376757
376758
376759
376760
376761
376765
376766
376767
376768
376769
376776
376777
376783
376784
376785
376789
376790
376791
376792
376793
376795
376796
376797
376799
376800
376801
376802
376803
376804
376807
376812
376813
376814
376815
376819
376820
376821
376822
376823
376824
376825
376826
376827
376828
376829
376830
376831
376833
376834
376835
376838
376839
376840
376841
376842
376843
376845
376846
376847
376849
376850
376851
376852
376853
376854
376856
376858
376859
376860
376862
376863
376865
376866
376870
376871
376872
376875
376876
376877
376878
376880
376881
376882
376884
376886
376887
376888
376889
376890
376893
376894
376895
376896
376897
376898
376899
376900
376901
376902
376903
376907
376909
376910
376912
376913
376914
376916
376917
376918
376919
376920
376923
376924
376925
376927
376928
376930
376933
376934
376935
376937
376938
376941
376942
376943
376946
376947
376948
376949
376951
376952
376953
376954
376957
376958
376959
376960
376961
376962
376963
376965
376966
376967
376969
376970
376972
376973
376974
376975
376976
376977
376978
376980
376982
376983
376984
376985
376986
376987
376988
376989
376990
376991
376992
376993
376994
376995
376996
376997
376999
377000
377001
377002
377003
377004
377005
377006
377008
377009
377010
377011
377012
377013
377014
377015
377016
377017
377018
377019
377020
377022
377024
377028
377030
377031
377032
377034
377035
377037
377038
377041
377042
377044
377046
377048
377049
377050
377051
377053
377054
377055
377057
377058
377060
377062
377063
377065
377066
377067
377068
377069
377070
377071
377072
377073
377074
377077
377080
377081
377082
377084
377085
377086
377087
377091
377092
377093
377095
377096
377098
377099
377100
377103
377104
377106
377107
377108
377109
377111
377112
377113
377114
377115
377118
377119
377120
377121
377122
377123
377124
377125
377126
377129
377130
377131
377133
377135
377136
377139
377141
377142
377144
377146
377147
377148
377149
377150
377151
377152
377153
377154
377156
377158
377161
377162
377163
377164
377165
377166
377168
377169
377170
377171
377172
377174
377175
377176
377177
377178
377179
377180
377181
377182
377183
377184
377185
377186
377188
377189
377190
377191
377192
377196
377197
377198
377199
377200
377201
377202
377203
377205
377206
377207
377208
377209
377210
377213
377214
377215
377217
377218
377219
377221
377225
377226
377228
377230
377232
377233
377234
377235
377236
377237
377238
377240
377241
377242
377247
377248
377249
377251
377255
377256
377257
377258
377260
377261
377264
377266
377268
377270
377272
377273
377274
377275
377276
377277
377278
377279
377280
377281
377282
377285
377286
377288
377289
377291
377292
377293
377294
377298
377299
377300
377301
377302
377303
377304
377306
377308
377310
377311
377313
377314
377315
377316
377317
377321
377323
377324
377325
377327
377328
377330
377331
377332
377333
377334
377335
377336
377337
377338
377339
377340
377341
377344
377345
377346
377347
377348
377349
377350
377351
377352
377354
377355
377356
377357
377358
377359
377360
377363
377364
377365
377366
377367
377368
377369
377370
377371
377372
377373
377374
377375
377376
377380
377381
377382
377383
377384
377385
377386
377387
377388
377390
377392
377393
377394
377395
377396
377397
377398
377400
377402
377403
377404
377405
377406
377407
377409
377410
377411
377412
377415
377416
377417
377418
377419
377420
377421
377422
377423
377425
377426
377427
377429
377430
377432
377433
377435
377437
377438
377439
377440
377441
377442
377443
377446
377447
377448
377449
377450
377451
377452
377453
377454
377455
377456
377457
377458
377459
377460
377461
377462
377464
377465
377467
377468
377469
377472
377474
377476
377477
377478
377479
377480
377481
377482
377483
377484
377485
377487
377488
377490
377491
377492
377494
377496
377497
377499
377500
377501
377502
377504
377505
377506
377508
377509
377510
377513
377514
377515
377517
377518
377519
377520
377521
377523
377524
377525
377526
377527
377528
377531
377532
377533
377535
377536
377538
377539
377540
377541
377542
377543
377544
377545
377546
377550
377551
377553
377556
377557
377558
377560
377561
377562
377563
377564
377566
377567
377568
377569
377570
377572
377573
377574
377575
377576
377578
377580
377581
377582
377584
377586
377587
377590
377591
377593
377594
377596
377597
377598
377599
377600
377601
377602
377604
377605
377607
377609
377610
377613
377614
377616
377617
377618
377619
377620
377622
377624
377625
377628
377629
377630
377631
377632
377635
377636
377637
377638
377639
377640
377641
377642
377643
377644
377645
377646
377647
377649
377650
377651
377652
377655
377656
377657
377658
377659
377660
377661
377662
377663
377664
377665
377666
377669
377670
377671
377672
377673
377674
377676
377677
377678
377679
377680
377681
377682
377684
377685
377686
377688
377689
377690
377691
377692
377693
377694
377695
377698
377699
377700
377701
377702
377703
377704
377706
377708
377709
377711
377712
377714
377715
377716
377717
377719
377720
377721
377722
377723
377724
377725
377728
377729
377731
377733
377734
377735
377736
377737
377738
377739
377740
377741
377742
377744
377745
377746
377747
377748
377749
377750
377751
377752
377753
377754
377755
377756
377757
377758
377759
377760
377761
377762
377763
377764
377765
377766
377767
377768
377769
377770
377771
377772
377774
377775
377777
377778
377779
377780
377781
377782
377783
377784
377785
377786
377787
377788
377790
377791
377792
377793
377794
377795
377796
377797
377799
377800
377801
377802
377803
377804
377805
377806
377808
377809
377810
377812
377813
377814
377815
377816
377817
377818
377819
377821
377824
377826
377827
377828
377829
377830
377831
377834
377837
377840
377841
377842
377845
377846
377848
377849
377850
377853
377854
377855
377856
377857
377858
377859
377860
377861
377862
377863
377865
377866
377868
377869
377870
377871
377872
377873
377874
377875
377876
377877
377878
377879
377881
377883
377885
377886
377888
377889
377890
377891
377892
377893
377894
377896
377897
377898
377899
377900
377901
377902
377904
377906
377907
377909
377910
377912
377913
377914
377917
377920
377921
377922
377923
377924
377925
377926
377927
377928
377929
377930
377931
377932
377933
377934
377936
377937
377938
377940
377941
377942
377944
377945
377949
377950
377951
377952
377955
377956
377957
377958
377960
377962
377963
377965
377966
377967
377968
377969
377970
377973
377974
377975
377976
377977
377978
377979
377980
377981
377982
377983
377984
377985
377986
377987
377988
377989
377990
377991
377992
377993
377994
377995
377996
377997
377999
378000
378001
378003
378004
378005
378006
378007
378008
378009
378010
378011
378012
378013
378014
378015
378016
378017
378018
378019
378020
378021
378022
378023
378024
378025
378027
378028
378029
378030
378031
378032
378033
378034
378035
378036
378037
378038
378039
378041
378042
378043
378044
378045
378046
378047
378048
378049
378051
378052
378053
378054
378056
378057
378058
378059
378060
378061
378063
378064
378066
378067
378068
378069
378070
378071
378072
378073
378074
378075
378076
378077
378078
378079
378080
378081
378082
378083
378084
378085
378086
378088
378090
378091
378092
378093
378094
378095
378096
378097
378098
378099
378100
378101
378102
378103
378105
378106
378107
378108
378111
378113
378114
378115
378116
378117
378119
378120
378121
378122
378123
378125
378126
378127
378128
378129
378131
378134
378136
378138
378141
378142
378143
378144
378145
378146
378147
378148
378149
378151
378152
378153
378154
378157
378159
378161
378165
378166
378167
378168
378169
378170
378172
378173
378174
378175
378178
378180
378182
378183
378186
378188
378189
378191
378194
378195
378196
378197
378198
378200
378203
378204
378205
378206
378208
378209
378210
378211
378212
378213
378214
378215
378217
378218
378220
378221
378224
378225
378227
378228
378230
378231
378232
378234
378235
378236
378237
378238
378239
378240
378243
378245
378247
378248
378249
378250
378252
378253
378254
378255
378256
378257
378258
378259
378260
378261
378262
378263
378265
378266
378267
378268
378270
378271
378276
378277
378278
378280
378281
378283
378284
378285
378286
378287
378288
378289
378290
378291
378292
378293
378294
378296
378297
378300
378302
378303
378307
378308
378309
378310
378311
378312
378313
378314
378315
378316
378318
378319
378320
378321
378322
378323
378325
378326
378327
378328
378329
378331
378333
378336
378338
378340
378341
378342
378343
378344
378345
378346
378347
378348
378349
378350
378351
378352
378353
378354
378356
378360
378362
378363
378364
378365
378366
378368
378369
378370
378371
378372
378373
378374
378375
378377
378378
378379
378380
378381
378382
378385
378386
378387
378388
378389
378390
378391
378392
378394
378395
378396
378398
378399
378400
378401
378402
378403
378406
378407
378408
378409
378410
378411
378413
378414
378415
378417
378418
378419
378420
378421
378422
378424
378426
378429
378430
378431
378432
378433
378434
378437
378438
378439
378440
378441
378443
378444
378445
378446
378447
378449
378450
378451
378452
378453
378454
378455
378456
378457
378459
378460
378461
378466
378467
378469
378470
378471
378472
378473
378474
378475
378476
378477
378478
378480
378482
378484
378485
378486
378487
378488
378491
378493
378494
378495
378496
378497
378498
378499
378501
378502
378503
378504
378505
378507
378508
378510
378511
378512
378513
378514
378515
378517
378520
378521
378522
378524
378525
378528
378529
378530
378531
378533
378534
378535
378536
378537
378538
378539
378540
378541
378542
378544
378545
378546
378547
378548
378549
378550
378551
378553
378554
378555
378556
378557
378558
378559
378560
378562
378563
378564
378566
378568
378569
378572
378573
378574
378575
378577
378579
378580
378581
378582
378583
378585
378587
378588
378589
378591
378593
378594
378595
378597
378600
378601
378603
378604
378605
378606
378607
378608
378611
378612
378613
378615
378618
378619
378621
378622
378623
378624
378625
378627
378628
378631
378632
378634
378635
378636
378637
378638
378639
378642
378643
378644
378646
378647
378649
378650
378653
378655
378656
378657
378658
378660
378661
378663
378664
378666
378667
378669
378670
378671
378673
378674
378675
378677
378678
378679
378682
378684
378685
378687
378688
378689
378690
378692
378693
378696
378697
378698
378699
378700
378702
378704
378705
378707
378709
378710
378712
378713
378714
378715
378716
378717
378719
378720
378722
378724
378725
378726
378727
378728
378729
378732
378733
378734
378735
378736
378737
378738
378739
378740
378742
378743
378744
378750
378751
378752
378753
378754
378755
378756
378761
378762
378763
378765
378766
378767
378769
378770
378772
378774
378775
378776
378777
378778
378779
378782
378783
378784
378786
378789
378790
378791
378792
378793
378794
378795
378796
378799
378801
378802
378803
378804
378805
378806
378807
378809
378811
378814
378815
378821
378823
378824
378825
378827
378828
378830
378831
378832
378835
378837
378840
378841
378844
378846
378847
378848
378850
378854
378855
378859
378862
378863
378864
378867
378868
378870
378871
378872
378873
378875
378876
378877
378878
378882
378883
378885
378886
378888
378894
378895
378901
378902
378903
378904
378905
378908
378910
378911
378912
378913
378914
378915
378916
378917
378918
378919
378920
378921
378922
378923
378924
378925
378926
378928
378929
378930
378931
378932
378933
378934
378935
378936
378937
378938
378939
378941
378942
378944
378945
378946
378947
378948
378950
378951
378952
378953
378954
378955
378961
378967
378968
378969
378970
378972
378977
378978
378979
378980
378981
378982
378983
378984
378985
378986
378988
378989
378990
378991
378992
378993
378994
378997
378998
378999
379000
379001
379002
379003
379004
379005
379006
379007
379008
379009
379010
379011
379012
379013
379015
379017
379019
379020
379021
379024
379025
379026
379027
379028
379029
379032
379034
379035
379036
379040
379042
379045
379047
379048
379049
379050
379051
379052
379053
379054
379055
379056
379057
379058
379059
379060
379061
379063
379064
379065
379066
379067
379068
379069
379070
379072
379074
379075
379076
379078
379079
379080
379081
379083
379084
379085
379086
379087
379088
379089
379090
379092
379093
379094
379095
379096
379097
379098
379099
379100
379102
379103
379104
379105
379106
379107
379109
379110
379111
379112
379114
379115
379116
379117
379119
379120
379122
379123
379124
379125
379126
379127
379128
379129
379130
379131
379133
379134
379135
379136
379137
379140
379141
379145
379146
379147
379148
379149
379152
379154
379155
379157
379158
379161
379162
379165
379166
379168
379169
379170
379171
379172
379174
379175
379176
379177
379179
379180
379182
379183
379184
379185
379186
379188
379189
379190
379191
379192
379193
379194
379195
379196
379197
379199
379200
379201
379202
379204
379206
379207
379208
379209
379210
379211
379212
379213
379214
379216
379217
379221
379222
379223
379224
379226
379227
379228
379229
379230
379231
379234
379236
379237
379238
379239
379240
379241
379242
379244
379245
379246
379247
379248
379250
379251
379252
379254
379255
379257
379258
379259
379260
379261
379263
379264
379265
379266
379268
379270
379271
379272
379274
379275
379278
379279
379280
379282
379283
379285
379286
379287
379290
379291
379292
379293
379294
379295
379296
379297
379298
379299
379300
379301
379302
379305
379306
379308
379309
379311
379312
379313
379314
379315
379316
379318
379319
379320
379321
379322
379323
379325
379326
379328
379329
379330
379331
379333
379334
379335
379336
379337
379338
379339
379340
379341
379342
379343
379344
379345
379346
379347
379348
379349
379350
379351
379352
379354
379355
379356
379357
379358
379359
379360
379361
379362
379363
379364
379365
379366
379367
379368
379370
379371
379372
379373
379374
379375
379376
379378
379379
379380
379381
379382
379385
379386
379387
379388
379390
379391
379394
379396
379397
379398
379399
379400
379401
379403
379405
379406
379407
379408
379409
379410
379411
379412
379413
379414
379415
379416
379417
379418
379419
379421
379422
379423
379426
379427
379429
379430
379431
379433
379434
379435
379436
379437
379439
379440
379441
379442
379443
379444
379446
379448
379449
379450
379451
379453
379455
379456
379457
379458
379460
379461
379462
379463
379464
379465
379466
379467
379469
379470
379472
379473
379474
379475
379476
379477
379478
379479
379480
379481
379482
379483
379485
379486
379487
379489
379490
379491
379492
379494
379495
379496
379498
379499
379501
379502
379503
379504
379505
379507
379508
379509
379510
379512
379513
379515
379516
379517
379518
379519
379521
379522
379523
379524
379525
379526
379527
379528
379529
379530
379532
379533
379534
379535
379536
379537
379538
379539
379540
379541
379542
379544
379545
379546
379547
379548
379549
379550
379552
379553
379554
379555
379556
379557
379559
379560
379561
379562
379563
379564
379565
379567
379568
379569
379570
379571
379572
379573
379575
379576
379577
379578
379579
379580
379581
379582
379583
379584
379585
379586
379587
379588
379590
379592
379594
379595
379597
379600
379601
379602
379603
379604
379605
379606
379607
379608
379610
379611
379612
379613
379614
379616
379617
379618
379620
379621
379622
379623
379625
379626
379627
379628
379629
379630
379631
379632
379634
379636
379637
379638
379639
379641
379642
379643
379644
379645
379649
379650
379651
379652
379653
379654
379656
379657
379658
379659
379661
379662
379663
379664
379665
379666
379668
379669
379671
379672
379673
379674
379675
379677
379678
379679
379680
379681
379682
379683
379684
379685
379686
379687
379688
379689
379691
379693
379695
379697
379699
379700
379701
379702
379704
379705
379706
379707
379709
379710
379711
379712
379713
379714
379715
379716
379718
379719
379720
379721
379723
379724
379725
379726
379727
379728
379729
379730
379731
379733
379734
379735
379736
379737
379738
379739
379741
379742
379743
379744
379745
379746
379747
379748
379749
379750
379751
379753
379754
379755
379756
379757
379758
379760
379763
379764
379766
379767
379768
379769
379770
379771
379772
379773
379775
379776
379778
379779
379780
379781
379782
379783
379784
379785
379786
379787
379789
379790
379791
379793
379794
379795
379796
379797
379799
379800
379801
379802
379803
379804
379805
379806
379807
379808
379810
379811
379817
379818
379819
379820
379822
379823
379824
379825
379828
379831
379832
379834
379838
379841
379842
379845
379846
379850
379851
379855
379856
379857
379858
379859
379860
379861
379864
379865
379869
379870
379872
379873
379874
379875
379876
379878
379879
379880
379882
379883
379884
379888
379889
379891
379892
379894
379898
379899
379900
379901
379902
379903
379904
379905
379906
379907
379908
379909
379910
379911
379912
379913
379915
379916
379917
379919
379920
379921
379922
379924
379926
379927
379928
379931
379932
379933
379934
379936
379937
379938
379940
379941
379942
379943
379944
379948
379950
379951
379952
379954
379956
379959
379960
379962
379963
379966
379967
379968
379970
379971
379981
379987
379988
379989
379990
379991
379992
379993
379995
379996
380000
380001
380002
380004
380006
380007
380009
380012
380013
380014
380015
380016
380020
380021
380022
380023
380024
380026
380028
380029
380030
380032
380033
380034
380035
380036
380037
380038
380039
380040
380044
380045
380046
380047
380049
380051
380052
380053
380054
380055
380056
380057
380058
380059
380060
380061
380062
380064
380066
380067
380068
380069
380070
380071
380072
380073
380074
380075
380077
380078
380079
380080
380082
380084
380086
380087
380088
380089
380090
380091
380092
380093
380094
380095
380096
380097
380098
380099
380101
380102
380104
380105
380106
380107
380109
380110
380111
380113
380115
380116
380117
380118
380119
380121
380122
380123
380124
380126
380127
380129
380130
380131
380132
380134
380135
380136
380137
380138
380139
380140
380141
380142
380143
380144
380145
380146
380147
380148
380149
380151
380153
380154
380156
380157
380158
380159
380162
380165
380166
380169
380170
380171
380172
380174
380175
380176
380177
380179
380180
380181
380182
380183
380184
380185
380186
380189
380190
380191
380193
380196
380197
380201
380202
380203
380204
380207
380208
380209
380210
380211
380212
380213
380214
380217
380218
380219
380220
380221
380223
380225
380226
380228
380229
380230
380231
380232
380233
380234
380235
380236
380237
380239
380242
380243
380244
380245
380248
380250
380251
380253
380254
380255
380256
380257
380258
380259
380260
380261
380262
380264
380265
380266
380267
380268
380269
380271
380272
380273
380274
380275
380276
380277
380278
380279
380280
380281
380283
380285
380286
380287
380289
380290
380292
380293
380294
380295
380296
380297
380298
380299
380300
380301
380302
380303
380304
380305
380306
380308
380309
380310
380311
380312
380313
380314
380315
380316
380317
380318
380319
380323
380324
380325
380327
380328
380330
380331
380332
380333
380334
380337
380338
380339
380340
380341
380342
380343
380344
380345
380346
380347
380348
380349
380350
380351
380352
380354
380355
380357
380360
380362
380363
380365
380366
380367
380369
380370
380371
380372
380373
380374
380375
380376
380377
380378
380379
380380
380381
380382
380383
380385
380386
380388
380389
380391
380392
380394
380395
380396
380397
380398
380399
380401
380402
380404
380405
380407
380408
380411
380412
380413
380417
380418
380419
380420
380421
380422
380423
380424
380425
380426
380427
380428
380430
380432
380433
380435
380436
380437
380438
380439
380440
380441
380442
380443
380445
380446
380447
380449
380450
380451
380453
380454
380456
380457
380458
380459
380460
380461
380462
380463
380464
380465
380466
380467
380468
380469
380471
380473
380474
380475
380477
380478
380479
380481
380482
380483
380484
380488
380489
380490
380491
380493
380495
380496
380497
380498
380499
380500
380501
380502
380503
380504
380505
380506
380507
380508
380510
380511
380513
380514
380516
380517
380518
380520
380521
380522
380523
380525
380527
380528
380529
380530
380531
380532
380533
380534
380535
380544
380545
380547
380548
380550
380551
380552
380553
380554
380555
380556
380557
380558
380559
380560
380561
380562
380563
380564
380566
380568
380570
380571
380574
380576
380577
380578
380579
380580
380581
380582
380583
380584
380585
380586
380587
380591
380593
380595
380596
380599
380600
380601
380602
380603
380604
380606
380607
380608
380609
380610
380611
380613
380614
380615
380616
380617
380618
380620
380621
380623
380626
380627
380628
380629
380630
380631
380632
380633
380634
380639
380640
380642
380644
380645
380646
380647
380648
380649
380650
380651
380652
380654
380655
380656
380658
380659
380660
380661
380662
380664
380666
380667
380668
380671
380672
380674
380675
380676
380678
380679
380680
380681
380682
380683
380684
380685
380686
380687
380689
380690
380692
380694
380695
380696
380697
380698
380699
380700
380701
380702
380703
380706
380707
380708
380709
380711
380712
380713
380714
380716
380718
380720
380721
380722
380723
380724
380726
380727
380728
380729
380731
380732
380733
380734
380736
380739
380742
380743
380744
380749
380750
380751
380752
380757
380758
380759
380762
380764
380765
380766
380768
380770
380772
380773
380774
380777
380778
380780
380781
380782
380783
380786
380789
380791
380792
380793
380794
380795
380796
380797
380798
380799
380801
380802
380803
380804
380805
380807
380808
380809
380811
380812
380813
380814
380816
380817
380819
380820
380821
380822
380823
380824
380825
380826
380827
380829
380830
380831
380832
380833
380835
380836
380837
380839
380841
380843
380845
380847
380848
380849
380851
380852
380854
380855
380856
380857
380858
380859
380860
380861
380862
380863
380865
380866
380867
380868
380869
380870
380871
380872
380873
380874
380875
380876
380877
380878
380880
380881
380882
380883
380884
380885
380887
380888
380889
380890
380891
380894
380896
380897
380899
380900
380901
380902
380904
380905
380906
380907
380909
380910
380911
380913
380914
380917
380918
380919
380920
380921
380922
380923
380924
380925
380926
380930
380931
380933
380934
380935
380936
380937
380938
380939
380941
380942
380943
380945
380946
380948
380949
380950
380953
380955
380956
380957
380958
380959
380960
380961
380962
380963
380964
380965
380966
380967
380968
380969
380970
380971
380972
380973
380974
380975
380976
380977
380978
380979
380982
380983
380984
380985
380986
380987
380988
380989
380990
380991
380992
380993
380995
380996
380997
380998
380999
381000
381001
381002
381003
381004
381005
381006
381007
381008
381009
381010
381012
381013
381014
381015
381016
381017
381018
381019
381022
381023
381024
381025
381026
381027
381028
381029
381030
381031
381032
381033
381034
381035
381036
381037
381038
381039
381041
381042
381043
381044
381045
381046
381047
381048
381051
381052
381053
381054
381055
381056
381057
381058
381060
381061
381062
381063
381066
381068
381069
381070
381071
381073
381074
381075
381076
381077
381078
381079
381080
381082
381083
381087
381088
381090
381091
381096
381098
381099
381100
381101
381103
381104
381105
381106
381107
381108
381109
381112
381113
381114
381115
381117
381118
381119
381123
381125
381130
381131
381132
381134
381136
381138
381139
381140
381141
381142
381143
381146
381147
381149
381150
381151
381152
381153
381155
381157
381158
381159
381160
381163
381164
381165
381166
381167
381168
381169
381170
381171
381172
381173
381175
381176
381177
381178
381180
381183
381185
381187
381192
381195
381196
381197
381198
381199
381200
381201
381202
381205
381207
381208
381209
381210
381212
381213
381214
381215
381216
381217
381218
381219
381220
381222
381223
381224
381226
381227
381228
381229
381231
381232
381233
381234
381235
381236
381237
381238
381240
381243
381244
381245
381246
381249
381250
381251
381252
381256
381259
381261
381262
381266
381267
381270
381271
381272
381273
381274
381276
381277
381278
381279
381280
381281
381282
381283
381285
381286
381287
381288
381291
381292
381293
381294
381295
381296
381297
381298
381299
381300
381301
381302
381303
381304
381305
381307
381308
381309
381310
381311
381312
381314
381315
381316
381317
381318
381319
381320
381321
381322
381323
381324
381326
381327
381328
381329
381331
381332
381333
381335
381336
381337
381338
381339
381340
381341
381342
381343
381344
381345
381346
381347
381348
381349
381350
381351
381352
381353
381354
381355
381356
381357
381358
381359
381360
381361
381362
381363
381364
381365
381366
381367
381369
381370
381371
381372
381373
381374
381375
381376
381377
381378
381379
381380
381381
381383
381385
381386
381387
381388
381390
381391
381392
381394
381395
381396
381397
381398
381399
381400
381401
381402
381403
381404
381405
381406
381407
381408
381410
381411
381412
381413
381414
381416
381418
381421
381423
381425
381426
381427
381428
381429
381431
381432
381434
381435
381436
381437
381439
381441
381442
381443
381444
381447
381448
381449
381451
381452
381453
381454
381455
381456
381457
381458
381459
381460
381461
381462
381465
381467
381468
381470
381471
381472
381473
381475
381476
381477
381478
381479
381480
381481
381482
381484
381485
381486
381487
381488
381489
381490
381491
381493
381494
381495
381496
381499
381500
381501
381503
381504
381505
381506
381507
381508
381509
381511
381512
381513
381515
381516
381517
381518
381521
381525
381527
381528
381529
381530
381531
381533
381534
381535
381536
381538
381539
381540
381541
381542
381543
381544
381545
381546
381547
381548
381549
381551
381552
381553
381556
381557
381558
381559
381560
381561
381563
381565
381567
381568
381569
381570
381571
381573
381574
381575
381577
381578
381580
381581
381582
381583
381584
381585
381586
381587
381588
381591
381592
381593
381594
381595
381596
381599
381600
381601
381603
381606
381607
381610
381611
381612
381613
381615
381617
381619
381620
381623
381624
381625
381626
381627
381628
381629
381631
381633
381634
381635
381637
381638
381640
381641
381642
381643
381645
381646
381647
381648
381649
381650
381651
381652
381654
381655
381656
381657
381658
381659
381660
381661
381663
381666
381667
381668
381669
381671
381672
381674
381675
381678
381679
381680
381681
381682
381683
381685
381686
381687
381688
381691
381692
381694
381695
381696
381697
381699
381700
381701
381702
381705
381706
381707
381708
381710
381711
381712
381714
381716
381717
381718
381720
381721
381722
381723
381726
381728
381729
381730
381731
381732
381733
381734
381735
381736
381738
381740
381741
381743
381744
381745
381746
381747
381748
381749
381750
381751
381752
381753
381754
381758
381759
381760
381762
381763
381764
381765
381768
381771
381772
381775
381777
381779
381780
381781
381782
381783
381784
381785
381787
381788
381789
381790
381791
381792
381793
381795
381796
381797
381798
381799
381801
381802
381803
381804
381805
381806
381809
381810
381811
381812
381813
381815
381816
381819
381820
381822
381823
381824
381826
381829
381830
381831
381832
381833
381834
381836
381837
381838
381840
381841
381842
381843
381845
381846
381847
381848
381849
381850
381851
381853
381854
381855
381856
381857
381859
381860
381861
381862
381863
381865
381866
381867
381869
381870
381871
381874
381875
381877
381878
381879
381880
381881
381883
381885
381886
381887
381888
381889
381890
381891
381892
381895
381896
381897
381899
381900
381902
381903
381904
381905
381907
381908
381909
381910
381911
381913
381914
381915
381916
381917
381918
381919
381920
381921
381923
381925
381926
381928
381929
381930
381931
381932
381935
381936
381937
381938
381939
381941
381942
381943
381944
381945
381948
381949
381950
381952
381953
381954
381955
381957
381958
381961
381962
381964
381965
381966
381967
381970
381971
381974
381975
381977
381978
381979
381980
381981
381982
381983
381984
381985
381988
381990
381991
381992
381993
381994
381996
381997
381998
381999
382000
382003
382008
382009
382011
382012
382013
382014
382015
382016
382017
382018
382021
382022
382024
382025
382026
382027
382030
382031
382032
382033
382035
382037
382038
382039
382042
382043
382044
382046
382047
382049
382051
382053
382054
382055
382056
382057
382058
382059
382060
382061
382062
382064
382065
382066
382067
382068
382069
382070
382072
382074
382075
382079
382080
382081
382082
382084
382085
382086
382087
382088
382091
382092
382093
382094
382096
382097
382098
382099
382100
382101
382102
382103
382104
382105
382106
382107
382109
382110
382111
382112
382113
382114
382115
382116
382117
382118
382120
382121
382122
382125
382126
382127
382128
382129
382130
382131
382132
382134
382135
382136
382138
382139
382140
382141
382142
382144
382146
382149
382152
382154
382155
382157
382158
382160
382162
382163
382166
382169
382170
382171
382172
382173
382174
382175
382176
382177
382178
382179
382180
382181
382182
382183
382184
382186
382187
382189
382190
382191
382192
382196
382197
382198
382199
382202
382203
382204
382205
382206
382207
382208
382209
382211
382212
382213
382214
382217
382218
382219
382220
382222
382223
382225
382226
382227
382229
382230
382231
382232
382234
382235
382236
382240
382241
382242
382243
382244
382245
382246
382247
382250
382252
382256
382257
382258
382260
382261
382262
382266
382267
382268
382271
382273
382274
382275
382278
382280
382282
382283
382284
382285
382286
382287
382288
382289
382290
382292
382293
382294
382295
382296
382297
382299
382300
382301
382302
382305
382306
382307
382309
382310
382311
382312
382313
382317
382318
382319
382320
382321
382322
382323
382324
382325
382326
382327
382328
382329
382330
382331
382332
382333
382335
382336
382337
382339
382340
382341
382342
382343
382344
382345
382346
382348
382350
382351
382352
382353
382355
382356
382358
382360
382361
382362
382363
382364
382365
382366
382367
382368
382369
382370
382372
382374
382376
382378
382379
382380
382381
382382
382383
382384
382385
382387
382389
382390
382391
382403
382405
382407
382408
382409
382411
382412
382413
382414
382415
382416
382418
382419
382420
382421
382422
382425
382426
382427
382428
382431
382432
382433
382434
382435
382436
382437
382439
382440
382441
382443
382445
382447
382454
382455
382460
382463
382465
382466
382469
382472
382473
382474
382475
382477
382478
382479
382480
382481
382482
382483
382488
382489
382490
382495
382496
382497
382501
382502
382504
382505
382506
382507
382508
382509
382511
382515
382516
382518
382520
382521
382523
382525
382526
382528
382530
382531
382533
382534
382535
382538
382539
382540
382543
382544
382545
382546
382547
382548
382549
382550
382551
382553
382554
382557
382558
382559
382560
382562
382563
382564
382565
382566
382567
382568
382569
382570
382571
382572
382573
382574
382575
382576
382577
382579
382580
382581
382583
382584
382585
382587
382588
382589
382590
382591
382592
382593
382595
382596
382598
382599
382600
382601
382602
382603
382604
382608
382609
382610
382611
382612
382619
382621
382623
382624
382626
382628
382629
382630
382631
382634
382635
382636
382637
382638
382639
382640
382642
382643
382644
382646
382647
382649
382650
382651
382652
382653
382654
382656
382657
382658
382659
382660
382661
382662
382663
382664
382665
382667
382668
382669
382670
382671
382672
382673
382675
382676
382678
382679
382680
382681
382682
382684
382685
382686
382688
382689
382691
382693
382694
382695
382696
382697
382699
382700
382701
382702
382703
382704
382705
382706
382708
382709
382710
382711
382712
382713
382714
382715
382716
382717
382718
382721
382722
382723
382724
382726
382728
382729
382730
382731
382732
382733
382734
382735
382737
382738
382739
382740
382741
382742
382743
382744
382746
382747
382748
382749
382752
382755
382756
382757
382759
382762
382763
382766
382767
382768
382769
382770
382771
382772
382774
382775
382776
382777
382778
382779
382781
382782
382783
382786
382787
382788
382789
382790
382791
382792
382793
382794
382795
382796
382797
382798
382799
382800
382801
382802
382804
382805
382806
382809
382810
382811
382812
382813
382814
382817
382818
382824
382826
382827
382830
382831
382832
382833
382834
382835
382836
382837
382839
382843
382844
382845
382846
382847
382848
382849
382850
382851
382852
382854
382855
382856
382858
382859
382860
382861
382862
382863
382864
382865
382866
382867
382868
382869
382870
382871
382873
382874
382876
382878
382879
382880
382881
382883
382884
382885
382887
382888
382889
382891
382892
382894
382895
382896
382897
382899
382900
382901
382902
382903
382904
382906
382907
382908
382909
382910
382912
382913
382915
382917
382918
382919
382920
382921
382922
382923
382925
382926
382928
382930
382932
382933
382934
382935
382936
382937
382940
382941
382942
382943
382944
382945
382946
382948
382949
382950
382952
382953
382954
382955
382956
382957
382958
382960
382961
382962
382963
382965
382966
382967
382968
382970
382971
382972
382976
382977
382979
382981
382982
382984
382986
382987
382988
382989
382990
382991
382992
382993
382994
382995
382996
382997
382998
382999
383000
383002
383004
383005
383007
383009
383010
383011
383012
383013
383014
383015
383016
383021
383022
383023
383024
383025
383026
383027
383028
383031
383033
383035
383036
383038
383041
383042
383044
383049
383051
383053
383055
383058
383059
383061
383063
383064
383065
383067
383068
383070
383071
383072
383073
383074
383076
383077
383078
383079
383080
383081
383082
383086
383088
383089
383091
383092
383093
383094
383095
383096
383097
383098
383101
383102
383103
383104
383106
383107
383108
383112
383113
383114
383115
383116
383117
383118
383119
383120
383121
383127
383128
383129
383130
383131
383132
383133
383134
383136
383138
383140
383142
383145
383146
383147
383148
383149
383150
383152
383154
383156
383159
383160
383161
383162
383163
383164
383167
383168
383169
383172
383173
383174
383176
383177
383181
383183
383187
383188
383189
383191
383193
383194
383195
383196
383197
383198
383199
383200
383202
383204
383205
383206
383207
383208
383209
383210
383212
383214
383215
383220
383221
383222
383224
383226
383227
383228
383229
383230
383231
383232
383233
383235
383236
383237
383238
383239
383240
383241
383242
383243
383244
383246
383247
383249
383250
383251
383253
383254
383255
383257
383260
383261
383262
383263
383264
383265
383266
383267
383268
383269
383270
383271
383272
383273
383274
383275
383276
383277
383278
383279
383280
383281
383283
383284
383285
383287
383289
383290
383291
383292
383293
383294
383295
383296
383297
383298
383299
383300
383301
383302
383303
383304
383305
383307
383308
383310
383311
383312
383313
383314
383315
383316
383317
383318
383319
383320
383321
383322
383325
383326
383327
383328
383329
383330
383333
383334
383336
383338
383339
383340
383341
383342
383343
383344
383345
383346
383347
383348
383349
383350
383351
383354
383356
383357
383358
383359
383360
383361
383362
383363
383364
383365
383366
383367
383368
383369
383370
383371
383372
383373
383374
383375
383376
383377
383378
383379
383381
383382
383383
383384
383385
383386
383387
383389
383390
383391
383392
383393
383394
383395
383396
383397
383398
383399
383400
383401
383402
383403
383404
383405
383406
383407
383408
383409
383410
383411
383412
383413
383414
383415
383416
383417
383418
383419
383420
383421
383422
383423
383424
383425
383426
383427
383428
383429
383430
383431
383432
383434
383435
383436
383437
383438
383439
383441
383442
383443
383444
383445
383446
383448
383450
383451
383452
383453
383454
383455
383456
383457
383460
383461
383462
383463
383464
383465
383466
383468
383470
383471
383472
383473
383474
383475
383476
383477
383480
383481
383482
383483
383484
383485
383488
383489
383490
383491
383492
383493
383494
383495
383496
383497
383498
383499
383500
383501
383502
383503
383504
383505
383506
383510
383511
383512
383513
383515
383516
383517
383518
383519
383520
383522
383523
383524
383525
383527
383528
383529
383531
383533
383535
383536
383537
383538
383539
383540
383541
383543
383544
383546
383547
383548
383549
383551
383552
383553
383554
383555
383556
383558
383559
383560
383562
383563
383567
383568
383569
383571
383572
383573
383574
383575
383576
383577
383578
383579
383581
383582
383584
383585
383586
383589
383590
383592
383594
383595
383596
383597
383598
383599
383601
383602
383603
383605
383606
383607
383612
383614
383616
383617
383620
383621
383622
383623
383625
383626
383627
383628
383632
383633
383634
383635
383636
383637
383639
383640
383641
383642
383643
383644
383645
383646
383648
383649
383654
383655
383656
383658
383659
383660
383662
383665
383666
383667
383668
383670
383671
383673
383675
383676
383678
383679
383680
383681
383686
383687
383689
383690
383692
383695
383696
383699
383700
383701
383703
383704
383707
383708
383710
383711
383713
383714
383716
383719
383720
383721
383724
383725
383726
383727
383729
383731
383732
383734
383735
383736
383738
383739
383740
383741
383742
383743
383744
383746
383748
383749
383750
383751
383752
383753
383755
383756
383757
383758
383759
383761
383766
383767
383768
383769
383770
383773
383774
383775
383776
383778
383779
383780
383781
383782
383783
383784
383785
383786
383787
383788
383789
383790
383792
383794
383795
383796
383797
383799
383800
383801
383802
383803
383804
383805
383806
383807
383808
383809
383810
383811
383813
383814
383815
383816
383817
383818
383819
383820
383821
383822
383823
383824
383825
383826
383827
383828
383829
383830
383831
383832
383833
383834
383835
383836
383839
383840
383841
383842
383843
383844
383846
383847
383848
383849
383850
383851
383852
383853
383854
383855
383856
383857
383859
383861
383862
383863
383864
383865
383866
383867
383868
383869
383870
383871
383872
383873
383874
383875
383876
383877
383879
383881
383882
383883
383884
383885
383886
383887
383889
383891
383892
383893
383894
383895
383896
383897
383898
383899
383900
383901
383903
383904
383905
383906
383907
383908
383911
383912
383913
383915
383916
383917
383919
383920
383922
383923
383924
383926
383927
383928
383929
383930
383932
383934
383935
383936
383937
383939
383940
383941
383942
383944
383945
383946
383947
383948
383951
383952
383953
383954
383955
383957
383958
383959
383960
383961
383962
383963
383964
383965
383966
383967
383968
383969
383970
383971
383972
383975
383976
383977
383978
383979
383980
383982
383983
383985
383986
383987
383988
383989
383990
383991
383992
383993
383994
383995
383996
383997
383999
384000
384001
384003
384004
384005
384006
384007
384009
384011
384013
384014
384015
384016
384018
384019
