317455
317456
317457
317458
317459
317460
317461
317463
317464
317466
317468
317469
317471
317472
317473
317476
317479
317481
317482
317483
317484
317486
317487
317488
317489
317491
317493
317494
317495
317496
317497
317498
317499
317501
317502
317504
317505
317506
317507
317509
317510
317511
317512
317514
317515
317516
317518
317519
317521
317522
317523
317524
317525
317528
317529
317531
317533
317534
317535
317536
317537
317538
317540
317542
317543
317544
317546
317547
317548
317549
317551
317552
317553
317555
317559
317560
317561
317562
317565
317566
317569
317570
317571
317573
317574
317575
317576
317577
317578
317579
317580
317583
317584
317585
317586
317587
317588
317589
317590
317591
317593
317594
317595
317596
317598
317599
317600
317601
317602
317604
317605
317606
317607
317608
317609
317610
317611
317612
317613
317615
317617
317618
317619
317620
317621
317622
317623
317624
317625
317627
317630
317631
317632
317633
317634
317635
317637
317639
317642
317644
317645
317647
317649
317650
317651
317652
317653
317654
317655
317656
317658
317659
317661
317664
317665
317670
317671
317672
317674
317677
317679
317680
317681
317682
317684
317686
317687
317688
317689
317691
317693
317694
317695
317696
317697
317698
317700
317703
317705
317706
317707
317708
317710
317711
317712
317713
317714
317715
317716
317717
317718
317719
317720
317721
317722
317723
317724
317725
317726
317727
317728
317729
317730
317731
317732
317733
317734
317735
317736
317737
317738
317739
317740
317742
317743
317744
317745
317746
317747
317748
317749
317751
317753
317754
317755
317756
317757
317758
317760
317762
317763
317764
317765
317766
317767
317768
317769
317770
317771
317773
317774
317775
317776
317777
317779
317780
317781
317782
317784
317785
317787
317788
317789
317790
317792
317793
317794
317795
317796
317797
317798
317800
317803
317806
317807
317808
317809
317810
317812
317813
317814
317815
317816
317817
317818
317821
317822
317823
317824
317825
317826
317827
317829
317830
317832
317833
317835
317836
317837
317838
317839
317842
317843
317845
317846
317848
317850
317852
317854
317855
317856
317857
317858
317859
317861
317862
317864
317865
317866
317868
317871
317872
317873
317874
317875
317878
317879
317880
317882
317883
317884
317885
317886
317887
317888
317889
317891
317892
317893
317894
317895
317896
317897
317898
317900
317901
317902
317904
317907
317908
317909
317913
317915
317916
317918
317920
317923
317924
317925
317926
317927
317928
317930
317931
317933
317934
317936
317937
317938
317939
317941
317942
317943
317944
317945
317946
317947
317948
317949
317951
317953
317954
317959
317961
317962
317964
317966
317967
317968
317969
317970
317971
317972
317975
317977
317979
317982
317985
317986
317987
317989
317990
317992
317993
317995
317996
317997
317998
317999
318002
318004
318005
318006
318008
318011
318013
318014
318017
318020
318023
318026
318028
318031
318032
318033
318034
318035
318037
318038
318039
318040
318041
318043
318046
318049
318051
318052
318053
318054
318055
318056
318057
318058
318059
318061
318062
318063
318065
318066
318067
318068
318070
318071
318072
318075
318076
318079
318080
318083
318084
318085
318086
318087
318090
318091
318093
318094
318095
318098
318100
318102
318103
318105
318106
318107
318108
318109
318110
318111
318112
318113
318114
318115
318116
318117
318118
318120
318121
318122
318123
318124
318125
318126
318127
318128
318129
318130
318131
318132
318133
318134
318135
318136
318138
318139
318140
318141
318144
318145
318146
318147
318149
318150
318151
318153
318154
318155
318157
318159
318162
318164
318168
318169
318170
318171
318173
318174
318175
318178
318179
318180
318181
318182
318183
318185
318187
318188
318189
318190
318191
318192
318193
318194
318195
318198
318201
318202
318203
318204
318205
318206
318208
318209
318210
318211
318212
318213
318215
318216
318217
318220
318221
318222
318224
318225
318227
318228
318230
318233
318234
318236
318237
318239
318240
318241
318242
318243
318246
318248
318249
318250
318252
318253
318254
318256
318257
318258
318259
318260
318261
318262
318264
318266
318267
318268
318269
318271
318272
318273
318274
318277
318278
318279
318281
318282
318283
318286
318287
318288
318289
318290
318291
318292
318293
318294
318295
318296
318297
318299
318300
318304
318305
318306
318307
318309
318310
318312
318313
318314
318316
318317
318318
318319
318320
318321
318322
318323
318326
318327
318329
318330
318332
318333
318334
318335
318337
318339
318340
318341
318343
318345
318346
318348
318349
318350
318351
318352
318353
318354
318355
318356
318357
318358
318359
318360
318361
318362
318364
318367
318368
318369
318370
318371
318372
318373
318374
318375
318376
318377
318378
318379
318380
318381
318383
318384
318386
318387
318388
318390
318391
318392
318393
318395
318396
318397
318398
318399
318400
318401
318402
318403
318404
318406
318408
318409
318410
318412
318413
318414
318415
318416
318417
318419
318420
318421
318422
318423
318424
318425
318426
318427
318428
318429
318430
318433
318434
318435
318436
318437
318439
318440
318441
318442
318443
318444
318445
318446
318447
318448
318449
318451
318453
318456
318457
318462
318463
318464
318465
318466
318467
318468
318470
318471
318472
318473
318474
318477
318478
318479
318483
318485
318489
318490
318491
318492
318493
318494
318495
318497
318498
318499
318500
318503
318504
318505
318507
318509
318511
318512
318514
318515
318518
318519
318520
318521
318522
318523
318524
318525
318526
318528
318529
318531
318534
318535
318538
318539
318540
318541
318544
318546
318547
318549
318550
318551
318552
318553
318555
318557
318558
318560
318561
318562
318564
318565
318567
318568
318570
318572
318573
318575
318576
318577
318578
318579
318582
318584
318585
318587
318588
318589
318590
318592
318593
318594
318597
318601
318602
318603
318604
318605
318606
318607
318608
318611
318612
318613
318616
318617
318618
318619
318621
318622
318624
318625
318627
318628
318630
318631
318632
318633
318635
318636
318637
318638
318640
318643
318645
318647
318649
318650
318651
318652
318653
318654
318655
318656
318660
318661
318663
318664
318665
318666
318667
318669
318670
318673
318674
318675
318676
318677
318678
318680
318682
318683
318684
318686
318687
318691
318692
318693
318694
318696
318697
318698
318699
318700
318702
318703
318704
318705
318707
318708
318709
318710
318714
318715
318716
318717
318718
318719
318722
318723
318726
318727
318728
318729
318731
318732
318733
318734
318736
318739
318740
318741
318743
318744
318746
318747
318748
318749
318750
318751
318752
318755
318757
318758
318759
318760
318762
318763
318764
318765
318767
318768
318769
318770
318771
318773
318774
318777
318778
318779
318780
318781
318782
318783
318785
318789
318791
318793
318794
318795
318796
318797
318798
318799
318806
318807
318810
318811
318813
318814
318815
318816
318817
318819
318820
318821
318822
318823
318824
318825
318826
318828
318831
318832
318835
318836
318837
318838
318840
318841
318842
318843
318844
318845
318847
318851
318852
318853
318854
318856
318857
318859
318861
318862
318863
318865
318866
318867
318869
318870
318871
318872
318874
318877
318878
318879
318880
318881
318882
318883
318885
318886
318887
318888
318890
318891
318893
318894
318895
318896
318897
318898
318899
318900
318901
318904
318905
318906
318907
318908
318909
318910
318911
318917
318918
318919
318921
318922
318924
318927
318929
318930
318931
318932
318933
318934
318935
318936
318938
318939
318940
318942
318943
318945
318951
318952
318953
318954
318955
318958
318959
318963
318967
318968
318969
318970
318971
318972
318974
318976
318981
318982
318984
318987
318991
318992
318993
318994
318995
318996
318997
318998
318999
319001
319002
319003
319004
319006
319010
319011
319012
319014
319015
319016
319017
319018
319020
319022
319023
319025
319027
319028
319029
319030
319031
319033
319034
319035
319036
319038
319039
319040
319041
319042
319044
319045
319047
319050
319051
319052
319053
319054
319056
319057
319059
319062
319064
319067
319070
319071
319072
319075
319076
319077
319078
319080
319081
319082
319083
319085
319086
319088
319089
319090
319091
319092
319093
319095
319097
319098
319099
319100
319103
319104
319105
319106
319107
319108
319110
319111
319112
319113
319114
319116
319117
319118
319119
319121
319122
319123
319124
319125
319126
319128
319129
319130
319131
319132
319133
319134
319135
319136
319137
319142
319143
319144
319145
319146
319147
319149
319150
319151
319152
319154
319155
319157
319158
319159
319160
319161
319164
319168
319169
319170
319171
319172
319173
319175
319176
319177
319178
319179
319180
319182
319183
319186
319187
319190
319191
319192
319194
319195
319196
319197
319198
319199
319200
319203
319204
319206
319207
319210
319211
319215
319216
319217
319219
319220
319221
319222
319224
319225
319226
319229
319230
319231
319232
319233
319234
319237
319238
319239
319240
319241
319242
319244
319247
319248
319249
319251
319252
319253
319254
319256
319257
319258
319259
319260
319261
319262
319264
319265
319266
319269
319270
319271
319272
319273
319274
319275
319278
319279
319280
319283
319284
319287
319288
319290
319291
319292
319293
319294
319295
319296
319297
319299
319300
319301
319302
319303
319304
319305
319306
319307
319308
319310
319311
319312
319314
319315
319316
319319
319320
319321
319322
319323
319324
319325
319327
319329
319330
319331
319336
319337
319338
319339
319340
319341
319343
319344
319345
319346
319350
319351
319352
319353
319355
319356
319357
319359
319360
319361
319362
319364
319366
319367
319368
319369
319371
319372
319373
319374
319375
319376
319377
319380
319381
319382
319383
319385
319386
319387
319388
319390
319391
319392
319393
319394
319396
319398
319399
319400
319402
319403
319404
319405
319406
319407
319408
319409
319410
319411
319412
319413
319414
319415
319416
319417
319418
319419
319420
319421
319422
319423
319425
319427
319429
319430
319431
319432
319433
319435
319436
319438
319439
319440
319441
319442
319443
319444
319445
319447
319448
319449
319450
319451
319452
319453
319455
319457
319460
319461
319462
319463
319465
319466
319467
319468
319470
319471
319472
319474
319475
319477
319478
319479
319480
319481
319482
319485
319486
319487
319488
319489
319490
319491
319492
319493
319494
319495
319496
319498
319499
319500
319504
319505
319507
319508
319510
319511
319512
319513
319515
319516
319518
319519
319520
319521
319522
319524
319525
319526
319527
319528
319529
319530
319531
319532
319533
319534
319535
319536
319537
319538
319539
319540
319541
319542
319543
319544
319545
319547
319548
319551
319552
319553
319555
319557
319558
319560
319563
319564
319565
319566
319567
319568
319569
319570
319571
319572
319573
319574
319575
319577
319578
319581
319583
319586
319587
319588
319589
319590
319596
319597
319598
319600
319601
319602
319605
319606
319607
319608
319609
319610
319611
319613
319618
319619
319621
319622
319623
319625
319628
319629
319630
319631
319633
319636
319637
319638
319639
319640
319641
319642
319643
319644
319645
319646
319647
319648
319649
319650
319651
319652
319653
319654
319655
319656
319657
319658
319659
319660
319661
319662
319664
319665
319666
319667
319668
319669
319670
319671
319673
319676
319678
319680
319683
319684
319685
319686
319687
319689
319690
319691
319692
319693
319694
319695
319696
319697
319698
319699
319700
319701
319704
319705
319706
319708
319709
319710
319711
319712
319713
319715
319716
319717
319718
319719
319720
319721
319722
319723
319724
319725
319727
319728
319729
319730
319731
319732
319733
319734
319735
319736
319737
319738
319739
319740
319741
319742
319743
319744
319745
319746
319747
319748
319749
319750
319751
319752
319753
319756
319757
319758
319759
319760
319761
319762
319763
319764
319765
319766
319768
319769
319770
319771
319774
319775
319776
319777
319778
319779
319780
319781
319782
319783
319784
319785
319786
319787
319789
319791
319792
319793
319795
319797
319798
319799
319800
319801
319802
319803
319804
319805
319806
319809
319810
319811
319812
319814
319815
319816
319817
319818
319819
319820
319821
319822
319823
319825
319826
319827
319828
319829
319830
319831
319832
319833
319834
319835
319836
319837
319838
319839
319841
319842
319843
319844
319846
319847
319848
319849
319850
319851
319852
319853
319854
319856
319857
319858
319859
319860
319862
319863
319864
319865
319866
319867
319869
319870
319871
319873
319874
319875
319877
319878
319880
319881
319882
319883
319884
319885
319886
319888
319889
319890
319891
319892
319894
319898
319899
319902
319905
319906
319907
319908
319909
319910
319911
319912
319913
319914
319915
319916
319917
319918
319919
319920
319921
319923
319924
319925
319926
319928
319929
319930
319931
319932
319933
319934
319935
319936
319938
319939
319940
319941
319943
319944
319946
319947
319949
319950
319951
319953
319955
319956
319957
319958
319959
319960
319961
319962
319963
319964
319966
319967
319968
319969
319972
319973
319974
319976
319977
319978
319979
319980
319981
319982
319983
319984
319986
319987
319989
319992
319993
319996
319997
319999
320003
320005
320007
320008
320009
320010
320011
320012
320013
320014
320015
320019
320020
320021
320025
320026
320027
320029
320030
320031
320033
320034
320035
320036
320039
320040
320041
320043
320044
320045
320046
320049
320050
320051
320055
320056
320059
320060
320069
320070
320071
320072
320073
320074
320076
320077
320078
320080
320081
320083
320086
320087
320088
320089
320090
320091
320092
320094
320095
320096
320097
320099
320100
320101
320102
320103
320104
320105
320108
320110
320111
320112
320113
320114
320115
320119
320120
320121
320122
320123
320124
320125
320126
320129
320130
320131
320132
320133
320134
320137
320138
320139
320141
320142
320143
320145
320146
320147
320149
320150
320151
320152
320153
320154
320155
320156
320157
320158
320159
320160
320162
320163
320165
320166
320167
320170
320171
320172
320173
320174
320175
320181
320182
320183
320184
320185
320187
320190
320191
320192
320193
320194
320195
320196
320197
320198
320199
320201
320202
320205
320206
320207
320208
320209
320211
320212
320215
320216
320218
320219
320220
320221
320222
320224
320225
320226
320227
320228
320229
320230
320231
320232
320233
320234
320235
320236
320237
320238
320239
320240
320243
320244
320246
320247
320248
320249
320251
320253
320254
320255
320256
320258
320260
320261
320262
320263
320264
320266
320268
320269
320270
320272
320273
320274
320275
320276
320277
320278
320279
320280
320282
320283
320284
320285
320288
320289
320290
320291
320293
320294
320295
320296
320297
320298
320299
320300
320301
320305
320306
320307
320309
320310
320311
320312
320313
320314
320317
320318
320319
320320
320321
320322
320323
320324
320325
320326
320329
320330
320331
320332
320334
320335
320337
320338
320339
320340
320341
320342
320343
320344
320345
320346
320347
320348
320349
320350
320351
320352
320353
320354
320355
320357
320358
320359
320360
320363
320364
320365
320366
320367
320368
320370
320373
320374
320375
320376
320377
320379
320380
320381
320382
320383
320385
320386
320387
320389
320390
320391
320392
320393
320397
320398
320399
320401
320402
320403
320404
320406
320407
320408
320409
320410
320411
320412
320413
320415
320416
320417
320418
320419
320421
320422
320423
320425
320426
320427
320428
320429
320430
320431
320432
320433
320434
320436
320438
320439
320440
320441
320442
320443
320444
320447
320448
320449
320452
320453
320454
320455
320456
320457
320458
320459
320460
320462
320463
320464
320465
320466
320469
320470
320471
320472
320473
320474
320475
320476
320477
320478
320479
320480
320481
320482
320483
320484
320485
320486
320487
320489
320490
320491
320492
320493
320494
320497
320499
320500
320501
320504
320505
320506
320507
320509
320511
320512
320514
320515
320516
320517
320518
320519
320520
320521
320523
320524
320525
320526
320529
320530
320531
320532
320533
320536
320537
320538
320539
320540
320541
320542
320543
320545
320546
320547
320548
320551
320552
320553
320555
320557
320558
320559
320560
320561
320564
320566
320568
320570
320571
320573
320574
320576
320578
320579
320580
320581
320582
320583
320584
320585
320586
320587
320589
320590
320592
320594
320596
320597
320602
320604
320605
320606
320607
320608
320609
320610
320611
320612
320614
320615
320616
320617
320618
320619
320620
320622
320624
320626
320629
320630
320631
320633
320634
320635
320636
320637
320638
320639
320643
320644
320645
320646
320647
320649
320651
320652
320653
320654
320655
320656
320657
320658
320659
320660
320661
320662
320663
320664
320666
320667
320668
320669
320670
320671
320672
320673
320674
320675
320677
320678
320680
320681
320682
320684
320685
320686
320687
320688
320689
320691
320692
320693
320694
320695
320696
320698
320700
320701
320702
320705
320707
320708
320710
320711
320712
320713
320714
320716
320717
320718
320719
320721
320722
320723
320724
320725
320726
320727
320728
320729
320730
320731
320732
320733
320734
320735
320736
320737
320739
320740
320741
320742
320743
320744
320745
320746
320747
320748
320749
320750
320751
320752
320753
320754
320755
320757
320759
320760
320761
320762
320764
320766
320769
320774
320775
320776
320777
320778
320779
320780
320781
320782
320784
320785
320787
320788
320789
320791
320792
320793
320794
320795
320796
320797
320798
320799
320802
320803
320805
320806
320807
320809
320810
320811
320812
320813
320814
320815
320817
320818
320819
320821
320822
320823
320824
320825
320826
320827
320828
320829
320831
320832
320833
320834
320835
320837
320838
320839
320840
320842
320843
320844
320845
320846
320848
320850
320852
320853
320855
320857
320858
320859
320860
320861
320862
320863
320864
320865
320866
320869
320870
320871
320873
320874
320875
320876
320877
320878
320879
320880
320883
320884
320886
320887
320888
320889
320890
320891
320894
320895
320896
320898
320899
320900
320901
320902
320903
320904
320906
320907
320908
320909
320910
320911
320912
320913
320914
320915
320916
320918
320919
320920
320921
320922
320923
320925
320926
320927
320929
320930
320931
320933
320934
320936
320939
320940
320941
320942
320943
320944
320946
320947
320948
320949
320951
320952
320954
320955
320956
320957
320958
320959
320960
320961
320962
320963
320964
320965
320966
320967
320968
320969
320970
320971
320973
320974
320976
320977
320978
320980
320981
320983
320984
320988
320989
320991
320992
320993
320994
320996
320997
320998
320999
321001
321002
321003
321005
321007
321008
321009
321011
321012
321013
321014
321015
321016
321017
321019
321020
321021
321022
321023
321024
321026
321027
321028
321029
321031
321033
321034
321035
321036
321039
321040
321041
321042
321043
321044
321045
321046
321047
321048
321051
321052
321055
321056
321057
321058
321062
321063
321064
321066
321068
321069
321071
321073
321075
321076
321077
321079
321080
321084
321085
321087
321088
321089
321092
321094
321096
321100
321101
321102
321104
321105
321108
321109
321110
321111
321114
321117
321118
321121
321122
321123
321126
321127
321128
321129
321130
321131
321133
321134
321135
321139
321140
321141
321142
321143
321144
321145
321148
321149
321152
321153
321154
321155
321156
321157
321158
321159
321160
321161
321163
321167
321168
321170
321171
321173
321174
321177
321178
321180
321181
321182
321183
321184
321185
321186
321188
321189
321190
321191
321193
321194
321197
321199
321201
321203
321204
321206
321207
321208
321210
321211
321212
321213
321214
321215
321216
321217
321218
321219
321220
321222
321224
321227
321228
321229
321232
321233
321235
321236
321237
321239
321241
321242
321243
321244
321245
321246
321247
321248
321250
321251
321252
321253
321254
321256
321257
321258
321259
321261
321263
321264
321265
321266
321267
321268
321269
321270
321271
321272
321273
321274
321275
321276
321277
321278
321279
321280
321281
321282
321283
321284
321285
321286
321287
321288
321291
321292
321293
321294
321296
321297
321298
321299
321301
321302
321303
321305
321306
321307
321308
321309
321310
321311
321312
321313
321314
321315
321316
321317
321318
321319
321323
321325
321326
321329
321330
321331
321332
321333
321335
321336
321337
321338
321340
321342
321343
321344
321345
321349
321350
321351
321355
321357
321360
321361
321362
321363
321364
321365
321367
321368
321369
321371
321372
321373
321374
321376
321378
321379
321380
321381
321382
321383
321385
321386
321387
321389
321390
321391
321392
321396
321397
321399
321400
321401
321402
321403
321404
321405
321407
321408
321409
321410
321411
321412
321415
321416
321418
321419
321420
321421
321422
321423
321425
321426
321427
321428
321430
321431
321433
321437
321438
321440
321441
321444
321445
321450
321451
321452
321453
321454
321455
321456
321458
321459
321460
321461
321462
321463
321464
321465
321467
321468
321470
321471
321472
321473
321475
321476
321477
321479
321482
321484
321486
321487
321488
321489
321490
321491
321492
321493
321494
321495
321496
321497
321498
321500
321501
321502
321503
321504
321507
321508
321510
321511
321514
321515
321516
321517
321518
321519
321520
321523
321525
321527
321528
321529
321530
321531
321532
321533
321534
321536
321538
321539
321540
321541
321543
321544
321545
321546
321547
321548
321549
321550
321551
321552
321554
321556
321557
321559
321561
321562
321563
321565
321566
321567
321568
321569
321572
321573
321575
321576
321578
321579
321581
321582
321583
321585
321588
321589
321591
321592
321593
321594
321596
321600
321601
321602
321605
321606
321607
321608
321609
321614
321615
321618
321619
321620
321622
321623
321629
321630
321632
321633
321634
321635
321636
321638
321639
321640
321641
321642
321643
321644
321647
321648
321650
321654
321655
321658
321659
321660
321661
321662
321663
321664
321666
321667
321668
321669
321670
321671
321673
321677
321680
321681
321682
321684
321685
321686
321687
321688
321689
321690
321692
321693
321694
321695
321697
321698
321699
321700
321702
321703
321705
321707
321711
321712
321714
321717
321718
321719
321720
321721
321722
321723
321724
321725
321726
321728
321730
321731
321732
321734
321737
321738
321739
321740
321741
321743
321744
321745
321747
321748
321749
321750
321751
321754
321755
321757
321758
321759
321760
321761
321762
321764
321765
321766
321767
321768
321769
321770
321771
321773
321774
321775
321776
321777
321778
321779
321780
321781
321782
321783
321784
321785
321786
321787
321788
321789
321790
321791
321792
321794
321795
321796
321797
321798
321799
321800
321802
321803
321804
321805
321806
321807
321809
321811
321812
321814
321816
321817
321818
321820
321822
321824
321825
321826
321827
321828
321829
321831
321832
321833
321835
321836
321837
321838
321839
321840
321841
321842
321844
321845
321846
321847
321848
321849
321851
321852
321854
321855
321857
321858
321859
321860
321861
321863
321864
321867
321869
321870
321871
321872
321873
321874
321875
321877
321878
321879
321882
321883
321884
321885
321887
321888
321889
321890
321891
321892
321893
321894
321895
321896
321897
321899
321904
321905
321906
321909
321910
321914
321916
321917
321922
321923
321924
321925
321926
321928
321930
321931
321932
321933
321934
321936
321938
321940
321941
321943
321944
321945
321946
321947
321948
321950
321951
321952
321954
321957
321958
321959
321960
321961
321964
321966
321967
321968
321972
321974
321975
321976
321978
321979
321980
321981
321982
321983
321984
321985
321988
321990
321991
321992
321993
321995
321996
321997
321998
321999
322000
322001
322002
322004
322006
322009
322010
322011
322012
322013
322014
322015
322017
322018
322019
322021
322022
322023
322024
322025
322026
322027
322028
322029
322030
322031
322033
322034
322035
322036
322037
322038
322039
322041
322042
322043
322044
322045
322046
322048
322049
322051
322052
322053
322055
322057
322059
322060
322061
322063
322066
322067
322069
322070
322073
322074
322075
322077
322078
322079
322081
322082
322084
322086
322087
322088
322090
322091
322092
322093
322094
322095
322096
322097
322098
322099
322100
322101
322102
322103
322105
322107
322108
322109
322111
322112
322113
322114
322115
322116
322117
322118
322119
322120
322121
322122
322124
322125
322126
322127
322128
322130
322131
322133
322134
322135
322136
322138
322139
322140
322141
322143
322144
322145
322148
322149
322151
322152
322154
322155
322156
322158
322159
322161
322163
322164
322168
322169
322170
322174
322175
322176
322177
322178
322179
322180
322181
322183
322184
322186
322187
322188
322189
322193
322198
322199
322201
322202
322203
322205
322206
322207
322209
322210
322211
322212
322213
322214
322215
322216
322217
322218
322219
322220
322221
322222
322223
322224
322225
322226
322227
322228
322229
322230
322232
322233
322234
322235
322237
322238
322239
322242
322243
322244
322245
322246
322247
322250
322251
322254
322255
322256
322257
322258
322259
322262
322263
322266
322267
322268
322270
322271
322272
322273
322274
322275
322276
322277
322278
322279
322280
322282
322283
322284
322285
322286
322287
322288
322291
322293
322295
322296
322298
322299
322301
322302
322303
322304
322305
322307
322308
322309
322311
322312
322313
322314
322315
322317
322318
322319
322321
322322
322323
322324
322325
322326
322327
322328
322329
322330
322331
322332
322335
322338
322339
322340
322341
322342
322343
322344
322345
322346
322347
322348
322349
322350
322351
322353
322354
322356
322357
322358
322359
322360
322361
322362
322363
322364
322365
322366
322367
322368
322370
322371
322373
322376
322381
322382
322385
322386
322387
322389
322390
322391
322392
322393
322395
322398
322399
322400
322401
322402
322403
322404
322406
322407
322408
322410
322411
322412
322413
322414
322415
322416
322417
322418
322419
322421
322422
322423
322425
322426
322427
322429
322430
322431
322434
322435
322436
322437
322438
322439
322440
322442
322443
322444
322445
322446
322447
322448
322449
322452
322453
322454
322456
322457
322458
322460
322461
322462
322463
322464
322465
322468
322469
322470
322471
322472
322473
322474
322475
322477
322479
322480
322481
322483
322484
322485
322486
322488
322489
322492
322493
322494
322495
322496
322497
322498
322499
322500
322501
322502
322503
322504
322507
322508
322509
322510
322511
322513
322514
322515
322517
322518
322521
322522
322523
322526
322527
322529
322530
322531
322532
322533
322534
322535
322536
322537
322539
322541
322542
322543
322544
322545
322547
322549
322551
322556
322557
322558
322559
322562
322563
322564
322565
322572
322575
322577
322578
322580
322581
322582
322583
322585
322586
322587
322589
322590
322591
322592
322593
322594
322595
322596
322599
322600
322601
322602
322606
322607
322609
322610
322611
322613
322615
322616
322618
322619
322621
322622
322623
322624
322625
322626
322628
322630
322631
322632
322633
322634
322635
322637
322638
322640
322641
322642
322643
322644
322645
322646
322647
322650
322653
322654
322655
322657
322659
322660
322662
322663
322664
322665
322666
322669
322670
322671
322672
322673
322674
322675
322676
322677
322678
322680
322682
322683
322684
322686
322688
322689
322691
322692
322693
322694
322696
322698
322699
322701
322703
322704
322706
322707
322708
322709
322710
322712
322714
322715
322716
322717
322718
322719
322722
322726
322727
322728
322730
322731
322732
322733
322734
322736
322737
322738
322741
322742
322743
322744
322745
322746
322747
322748
322749
322750
322751
322754
322755
322757
322758
322759
322760
322762
322764
322765
322766
322767
322768
322770
322771
322773
322774
322776
322780
322781
322782
322783
322784
322786
322787
322788
322789
322790
322791
322792
322793
322795
322796
322800
322801
322802
322803
322804
322805
322806
322810
322811
322812
322813
322814
322815
322817
322819
322820
322821
322822
322823
322824
322828
322829
322830
322833
322834
322836
322837
322838
322839
322841
322842
322847
322848
322849
322850
322851
322852
322853
322856
322857
322858
322859
322860
322864
322865
322866
322867
322868
322870
322871
322872
322874
322875
322877
322878
322879
322880
322881
322882
322883
322884
322885
322886
322887
322888
322892
322893
322894
322895
322896
322897
322901
322902
322903
322906
322908
322909
322910
322911
322912
322914
322915
322917
322919
322920
322921
322922
322924
322925
322926
322928
322929
322930
322931
322932
322933
322935
322936
322937
322938
322939
322940
322941
322942
322943
322944
322945
322946
322948
322949
322950
322951
322952
322953
322955
322956
322957
322958
322959
322961
322962
322963
322964
322965
322967
322968
322969
322970
322971
322973
322974
322975
322977
322978
322979
322980
322981
322982
322983
322988
322989
322991
322992
322995
322996
322998
322999
323001
323002
323003
323004
323005
323006
323007
323008
323009
323010
323011
323012
323013
323015
323016
323018
323019
323020
323021
323022
323023
323024
323025
323026
323027
323028
323029
323030
323032
323033
323034
323036
323037
323038
323039
323040
323041
323043
323044
323045
323047
323048
323049
323050
323051
323052
323053
323054
323057
323058
323060
323062
323063
323064
323065
323066
323067
323068
323070
323071
323072
323075
323076
323078
323079
323081
323082
323083
323085
323086
323088
323090
323092
323093
323094
323096
323097
323098
323099
323100
323101
323102
323103
323104
323106
323107
323108
323110
323111
323112
323114
323115
323116
323117
323118
323119
323122
323123
323126
323127
323128
323131
323132
323134
323135
323136
323138
323140
323141
323142
323143
323144
323145
323146
323147
323148
323149
323150
323151
323153
323155
323157
323158
323159
323160
323163
323164
323165
323166
323167
323168
323169
323171
323172
323173
323174
323175
323176
323177
323178
323180
323183
323184
323185
323189
323190
323191
323192
323193
323194
323195
323196
323197
323198
323199
323200
323201
323202
323203
323205
323207
323208
323210
323211
323212
323213
323214
323215
323216
323217
323219
323220
323221
323222
323224
323226
323227
323228
323229
323230
323231
323232
323234
323235
323236
323237
323238
323239
323240
323241
323242
323243
323244
323245
323246
323248
323249
323251
323253
323254
323257
323258
323260
323262
323263
323264
323265
323268
323269
323271
323272
323273
323275
323276
323277
323278
323279
323280
323281
323283
323285
323286
323287
323288
323289
323290
323291
323292
323294
323295
323296
323297
323298
323299
323301
323303
323304
323305
323306
323307
323309
323310
323311
323312
323313
323314
323315
323316
323317
323318
323320
323321
323322
323324
323325
323327
323328
323329
323330
323331
323334
323335
323336
323337
323338
323339
323340
323341
323342
323343
323345
323348
323350
323351
323352
323353
323355
323356
323357
323358
323359
323360
323361
323362
323363
323364
323365
323366
323368
323369
323370
323371
323372
323373
323374
323378
323379
323383
323386
323387
323388
323389
323391
323392
323397
323398
323399
323400
323401
323402
323404
323405
323408
323412
323413
323417
323418
323419
323421
323422
323426
323428
323429
323431
323434
323435
323436
323437
323439
323440
323442
323443
323445
323446
323447
323448
323449
323451
323452
323453
323454
323455
323456
323457
323458
323459
323460
323461
323463
323464
323466
323468
323469
323470
323472
323474
323475
323476
323477
323478
323479
323480
323482
323485
323486
323487
323489
323490
323491
323492
323494
323495
323496
323497
323499
323500
323501
323502
323504
323505
323507
323508
323509
323510
323511
323512
323515
323516
323517
323518
323519
323520
323521
323522
323526
323528
323529
323530
323532
323534
323535
323536
323541
323542
323543
323545
323547
323548
323551
323552
323555
323556
323558
323560
323561
323563
323565
323566
323567
323568
323569
323570
323574
323575
323576
323579
323580
323582
323583
323585
323587
323588
323590
323593
323596
323597
323598
323599
323600
323602
323603
323608
323610
323611
323613
323616
323617
323619
323621
323622
323623
323626
323630
323631
323632
323634
323636
323637
323638
323639
323640
323641
323645
323646
323647
323648
323649
323650
323651
323652
323653
323654
323655
323656
323657
323658
323659
323660
323661
323662
323664
323665
323666
323667
323668
323669
323670
323671
323672
323673
323675
323676
323679
323680
323681
323682
323684
323685
323686
323687
323688
323689
323690
323691
323692
323693
323694
323696
323697
323698
323699
323700
323701
323702
323703
323704
323705
323706
323707
323708
323709
323710
323711
323712
323713
323714
323717
323719
323720
323722
323723
323724
323725
323726
323728
323729
323732
323733
323735
323738
323739
323740
323742
323743
323744
323745
323747
323748
323750
323751
323752
323753
323754
323757
323758
323759
323760
323761
323762
323763
323765
323766
323768
323769
323770
323771
323774
323775
323776
323778
323780
323781
323783
323784
323785
323786
323788
323789
323791
323792
323793
323794
323796
323797
323798
323799
323800
323801
323802
323803
323804
323807
323808
323810
323813
323815
323816
323817
323818
323820
323822
323823
323824
323825
323826
323827
323829
323830
323831
323832
323834
323835
323836
323837
323838
323841
323842
323844
323845
323846
323849
323851
323852
323854
323857
323858
323859
323862
323863
323864
323865
323866
323867
323868
323869
323870
323871
323875
323878
323880
323882
323883
323884
323885
323887
323889
323891
323892
323893
323895
323898
323900
323902
323904
323905
323906
323907
323908
323910
323912
323913
323914
323915
323916
323917
323918
323919
323920
323922
323923
323924
323925
323926
323929
323930
323931
323932
323933
323934
323935
323936
323937
323938
323939
323940
323942
323943
323946
323947
323949
323950
323952
323953
323954
323955
323956
323957
323958
323959
323960
323961
323962
323963
323964
323965
323966
323968
323969
323971
323973
323974
323975
323976
323978
323979
323980
323982
323983
323985
323987
323988
323989
323990
323991
323992
323994
323995
323997
323998
323999
324000
324001
324002
324003
324004
324005
324006
324007
324008
324009
324010
324011
324013
324017
324020
324021
324022
324023
324024
324028
324031
324032
324033
324034
324036
324037
324040
324042
324043
324044
324046
324049
324053
324055
324057
324059
324060
324062
324064
324065
324066
324067
324068
324069
324070
324071
324072
324073
324077
324078
324080
324081
324083
324084
324086
324087
324088
324090
324091
324092
324093
324094
324095
324096
324097
324099
324100
324101
324102
324103
324104
324105
324106
324107
324109
324110
324111
324113
324115
324116
324117
324118
324120
324122
324123
324124
324125
324126
324127
324128
324131
324132
324134
324135
324136
324137
324138
324139
324140
324141
324142
324143
324144
324145
324147
324149
324153
324154
324155
324158
324160
324162
324163
324165
324166
324167
324168
324169
324170
324171
324172
324173
324174
324177
324180
324181
324182
324183
324184
324185
324186
324188
324189
324190
324191
324192
324193
324194
324195
324196
324197
324198
324199
324202
324203
324204
324205
324206
324207
324209
324215
324216
324217
324218
324219
324220
324221
324222
324223
324224
324225
324227
324228
324229
324232
324233
324234
324235
324236
324238
324239
324240
324241
324242
324244
324245
324246
324247
324248
324249
324250
324251
324252
324255
324256
324257
324258
324259
324260
324261
324264
324265
324266
324268
324271
324276
324278
324279
324280
324282
324285
324286
324289
324290
324291
324292
324294
324295
324296
324297
324298
324299
324300
324301
324302
324303
324304
324305
324306
324307
324308
324310
324311
324312
324313
324314
324315
324317
324318
324319
324320
324321
324322
324323
324324
324325
324326
324327
324328
324329
324330
324331
324332
324333
324334
324335
324336
324337
324340
324341
324342
324344
324345
324348
324350
324351
324352
324355
324356
324357
324358
324360
324361
324362
324363
324364
324365
324367
324368
324369
324370
324371
324372
324373
324374
324376
324377
324378
324379
324380
324381
324382
324383
324384
324389
324391
324392
324393
324394
324396
324397
324398
324399
324402
324403
324404
324405
324406
324408
324410
324411
324412
324414
324415
324416
324418
324419
324422
324424
324425
324426
324427
324428
324431
324432
324433
324436
324437
324438
324439
324440
324441
324444
324445
324446
324447
324449
324450
324451
324452
324453
324454
324455
324456
324459
324460
324461
324462
324463
324464
324465
324466
324467
324469
324470
324471
324472
324473
324474
324475
324476
324477
324478
324479
324480
324481
324482
324483
324485
324487
324488
324489
324490
324491
324492
324493
324494
324495
324496
324497
324498
324499
324500
324501
324502
324503
324504
324505
324506
324507
324508
324510
324511
324513
324514
324515
324516
324517
324518
324519
324521
324522
324523
324524
324525
324526
324527
324528
324529
324531
324532
324533
324534
324535
324536
324538
324539
324543
324544
324546
324548
324549
324550
324551
324552
324553
324554
324555
324556
324557
324558
324560
324561
324562
324563
324564
324565
324566
324567
324569
324570
324571
324572
324573
324574
324575
324576
324577
324578
324579
324580
324581
324583
324584
324585
324586
324588
324589
324590
324591
324592
324595
324596
324597
324598
324599
324600
324601
324602
324603
324604
324605
324607
324608
324609
324610
324611
324612
324613
324614
324615
324616
324617
324618
324619
324620
324621
324622
324623
324626
324627
324628
324629
324631
324632
324633
324636
324639
324640
324642
324643
324644
324647
324650
324654
324655
324656
324657
324658
324659
324660
324662
324663
324664
324665
324666
324667
324668
324669
324670
324672
324673
324676
324677
324678
324679
324680
324681
324683
324688
324689
324690
324691
324692
324693
324694
324695
324696
324697
324699
324701
324702
324703
324704
324706
324707
324709
324712
324714
324715
324718
324719
324722
324723
324726
324727
324728
324729
324730
324733
324734
324735
324737
324738
324739
324742
324743
324744
324745
324746
324747
324748
324749
324750
324751
324752
324753
324756
324758
324759
324761
324762
324763
324764
324765
324766
324767
324768
324769
324771
324775
324776
324779
324780
324781
324782
324783
324785
324787
324789
324790
324793
324794
324795
324796
324799
324800
324801
324802
324804
324805
324806
324807
324810
324812
324814
324815
324816
324817
324818
324819
324820
324821
324822
324823
324824
324825
324827
324828
324829
324830
324831
324832
324836
324837
324838
324842
324843
324844
324845
324846
324847
324848
324850
324851
324852
324853
324855
324856
324858
324860
324862
324864
324865
324866
324867
324868
324869
324870
324871
324872
324873
324874
324875
324876
324877
324878
324879
324880
324881
324882
324883
324884
324885
324886
324887
324888
324889
324890
324891
324892
324893
324894
324895
324896
324897
324898
324899
324900
324901
324902
324903
324905
324906
324907
324908
324909
324910
324912
324913
324914
324915
324916
324917
324918
324919
324920
324921
324922
324923
324925
324926
324927
324928
324929
324930
324931
324933
324934
324935
324937
324938
324939
324940
324941
324944
324945
324946
324947
324948
324949
324952
324953
324956
324957
324959
324960
324962
324963
324964
324965
324966
324969
324970
324971
324973
324974
324975
324976
324978
324979
324981
324982
324983
324984
324985
324986
324987
324988
324989
324991
324992
324996
324999
325003
325004
325005
325006
325007
325008
325009
325010
325011
325012
325014
325015
325016
325017
325019
325020
325021
325022
325023
325024
325026
325028
325029
325030
325031
325032
325034
325035
325036
325037
325038
325039
325040
325041
325042
325044
325046
325048
325049
325051
325053
325054
325055
325057
325058
325059
325060
325061
325062
325064
325069
325070
325071
325072
325074
325075
325078
325080
325081
325082
325083
325085
325086
325087
325089
325090
325091
325092
325094
325095
325096
325097
325100
325103
325104
325105
325106
325109
325110
325111
325113
325114
325115
325116
325118
325120
325121
325122
325123
325124
325125
325126
325128
325129
325130
325132
325133
325134
325135
325137
325138
325139
325140
325141
325143
325144
325146
325147
325148
325149
325151
325153
325154
325155
325156
325157
325160
325161
325162
325163
325164
325165
325166
325167
325168
325169
325170
325171
325173
325174
325175
325176
325177
325178
325179
325180
325181
325182
325183
325184
325185
325187
325188
325189
325190
325191
325192
325193
325194
325195
325196
325197
325198
325199
325200
325202
325205
325206
325207
325208
325209
325210
325211
325212
325213
325214
325215
325216
325217
325218
325219
325220
325221
325222
325223
325224
325225
325226
325228
325231
325232
325233
325234
325235
325237
325238
325239
325240
325241
325242
325243
325244
325245
325246
325247
325248
325250
325251
325252
325253
325254
325255
325256
325257
325258
325259
325260
325261
325262
325263
325264
325265
325266
325267
325268
325269
325270
325271
325275
325276
325277
325278
325279
325280
325282
325283
325284
325287
325289
325290
325291
325292
325293
325294
325296
325297
325298
325299
325301
325302
325303
325305
325306
325308
325309
325310
325311
325312
325313
325314
325316
325317
325318
325320
325321
325322
325323
325324
325325
325326
325328
325329
325330
325331
325332
325333
325334
325335
325336
325337
325339
325341
325342
325343
325345
325347
325348
325351
325352
325353
325354
325355
325356
325357
325358
325359
325360
325361
325362
325363
325364
325366
325367
325368
325370
325371
325372
325375
325376
325377
325378
325380
325382
325383
325384
325385
325387
325388
325389
325390
325391
325396
325397
325398
325399
325400
325401
325402
325404
325406
325407
325408
325409
325410
325411
325412
325413
325414
325415
325416
325417
325418
325419
325421
325422
325423
325424
325427
325428
325429
325430
325431
325433
325434
325436
325437
325438
325439
325440
325441
325443
325444
325446
325447
325448
325449
325450
325451
325452
325453
325454
325455
325456
325459
325460
325463
325464
325467
325469
325471
325473
325475
325476
325477
325478
325479
325482
325483
325484
325487
325488
325489
325490
325492
325493
325494
325495
325499
325501
325503
325504
325505
325509
325511
325513
325514
325515
325516
325517
325518
325520
325521
325522
325523
325524
325526
325527
325528
325529
325531
325533
325534
325535
325536
325537
325539
325540
325542
325543
325544
325546
325547
325548
325550
325552
325553
325554
325555
325556
325557
325558
325559
325562
325563
325564
325565
325566
325567
325568
325570
325571
325572
325573
325575
325576
325577
325578
325579
325581
325583
325584
325585
325586
325588
325590
325592
325596
325598
325599
325601
325602
325603
325604
325605
325606
325607
325609
325610
325611
325614
325615
325617
325619
325620
325622
325623
325624
325625
325627
325629
325630
325631
325632
325633
325634
325635
325636
325637
325638
325639
325640
325642
325643
325644
325645
325646
325647
325648
325649
325650
325651
325652
325653
325654
325655
325658
325659
325660
325661
325663
325664
325665
325666
325667
325668
325670
325671
325672
325674
325675
325676
325677
325678
325680
325681
325682
325683
325684
325687
325688
325690
325692
325693
325694
325697
325698
325699
325700
325701
325703
325704
325705
325706
325707
325708
325709
325711
325712
325713
325714
325715
325717
325718
325719
325720
325721
325722
325723
325724
325726
325728
325730
325731
325734
325735
325737
325741
325742
325743
325745
325747
325748
325750
325751
325753
325754
325755
325757
325758
325759
325760
325762
325763
325764
325765
325766
325767
325768
325770
325771
325772
325773
325776
325777
325778
325779
325780
325781
325782
325784
325785
325787
325788
325789
325790
325792
325796
325800
325801
325802
325803
325804
325805
325807
325810
325811
325812
325813
325814
325815
325816
325817
325818
325820
325821
325822
325823
325824
325825
325826
325827
325828
325829
325830
325831
325833
325835
325836
325837
325838
325839
325840
325841
325843
325844
325846
325847
325849
325850
325851
325853
325855
325857
325858
325859
325860
325861
325862
325863
325864
325865
325866
325867
325868
325869
325870
325872
325873
325874
325879
325880
325882
325883
325884
325885
325886
325887
325888
325889
325890
325891
325892
325893
325894
325896
325897
325898
325899
325900
325901
325902
325903
325904
325905
325906
325907
325908
325910
325911
325912
325913
325914
325915
325918
325919
325920
325923
325924
325925
325928
325929
325930
325931
325932
325933
325934
325937
325938
325939
325940
325941
325943
325944
325947
325948
325949
325950
325951
325952
325953
325954
325955
325956
325957
325958
325959
325960
325961
325962
325963
325964
325965
325966
325967
325968
325970
325971
325972
325973
325974
325976
325977
325978
325979
325982
325984
325985
325986
325987
325988
325989
325994
325995
325996
325999
326000
326001
326002
326003
326004
326006
326007
326008
326009
326010
326013
326014
326015
326016
326017
326018
326019
326020
326021
326022
326023
326024
326025
326028
326030
326031
326032
326033
326035
326036
326038
326039
326040
326042
326044
326045
326046
326047
326048
326049
326050
326051
326052
326053
326055
326056
326057
326058
326061
326065
326066
326067
326068
326070
326071
326072
326073
326074
326075
326076
326077
326078
326079
326080
326082
326083
326085
326086
326087
326088
326090
326093
326095
326096
326097
326099
326100
326102
326103
326104
326105
326106
326107
326108
326109
326110
326111
326113
326115
326117
326120
326122
326126
326128
326129
326130
326131
326132
326133
326136
326137
326138
326140
326141
326142
326145
326147
326148
326149
326150
326151
326152
326155
326156
326157
326158
326159
326161
326162
326163
326164
326168
326169
326170
326171
326172
326173
326176
326177
326178
326180
326181
326183
326184
326185
326186
326188
326192
326193
326194
326197
326200
326201
326202
326206
326207
326209
326210
326211
326213
326216
326217
326218
326219
326220
326222
326223
326224
326225
326227
326228
326229
326230
326231
326232
326233
326234
326235
326236
326237
326238
326239
326241
326242
326243
326244
326245
326247
326249
326250
326251
326253
326254
326255
326257
326259
326261
326263
326265
326266
326267
326268
326269
326270
326271
326272
326273
326275
326276
326278
326281
326282
326283
326284
326286
326287
326288
326289
326292
326293
326294
326295
326298
326299
326300
326301
326303
326304
326307
326308
326309
326310
326311
326314
326315
326316
326319
326320
326321
326322
326323
326324
326325
326326
326328
326329
326331
326334
326339
326342
326343
326344
326346
326347
326348
326351
326352
326353
326355
326356
326358
326361
326362
326365
326366
326367
326369
326370
326371
326372
326375
326376
326377
326379
326381
326382
326384
326385
326390
326391
326392
326393
326394
326395
326396
326398
326399
326400
326401
326402
326403
326404
326405
326406
326407
326408
326409
326411
326412
326413
326414
326415
326416
326418
326419
326420
326421
326422
326423
326424
326425
326426
326428
326429
326430
326431
326432
326433
326434
326435
326436
326437
326438
326439
326441
326442
326443
326445
326446
326447
326450
326452
326453
326454
326455
326456
326457
326458
326459
326460
326461
326462
326464
326466
326467
326468
326470
326473
326475
326476
326477
326478
326480
326482
326483
326484
326485
326486
326487
326489
326490
326491
326492
326493
326494
326495
326496
326497
326498
326499
326500
326501
326502
326503
326504
326505
326506
326507
326509
326510
326513
326514
326515
326516
326517
326518
326519
326520
326521
326522
326523
326525
326526
326527
326528
326529
326530
326531
326532
326533
326535
326536
326538
326539
326540
326542
326544
326545
326547
326548
326549
326550
326551
326552
326553
326554
326555
326560
326562
326563
326564
326565
326567
326568
326569
326570
326571
326575
326576
326578
326579
326580
326581
326582
326585
326587
326588
326590
326591
326592
326593
326594
326595
326596
326597
326598
326599
326600
326601
326602
326603
326604
326605
326606
326607
326608
326609
326610
326611
326612
326613
326614
326615
326616
326617
326618
326619
326621
326622
326624
326625
326626
326627
326628
326629
326631
326634
326636
326637
326638
326640
326641
326643
326644
326646
326647
326648
326651
326653
326654
326655
326656
326658
326659
326660
326661
326663
326665
326666
326667
326668
326669
326671
326672
326674
326675
326678
326679
326680
326682
326686
326687
326688
326690
326692
326695
326696
326697
326698
326700
326702
326703
326704
326707
326708
326709
326711
326712
326715
326716
326719
326721
326722
326723
326725
326726
326728
326730
326731
326733
326734
326735
326736
326737
326739
326740
326741
326743
326746
326747
326748
326749
326750
326751
326752
326755
326756
326759
326760
326761
326762
326763
326764
326765
326767
326768
326770
326771
326773
326774
326775
326778
326779
326780
326782
326783
326785
326788
326789
326790
326791
326792
326793
326794
326795
326797
326799
326800
326801
326802
326803
326804
326805
326806
326807
326808
326810
326811
326812
326813
326814
326817
326818
326819
326820
326821
326822
326825
326826
326827
326829
326830
326831
326832
326833
326834
326835
326836
326837
326838
326839
326840
326841
326842
326843
326844
326845
326846
326847
326848
326849
326850
326851
326852
326853
326855
326856
326857
326858
326859
326860
326861
326862
326863
326864
326866
326867
326869
326870
326872
326873
326874
326875
326876
326878
326880
326881
326882
326883
326884
326885
326886
326888
326890
326891
326892
326893
326894
326895
326896
326897
326898
326899
326900
326902
326903
326904
326906
326907
326908
326909
326910
326911
326912
326913
326914
326916
326917
326918
326919
326920
326921
326922
326923
326924
326928
326929
326930
326931
326932
326934
326935
326937
326938
326939
326940
326941
326944
326947
326952
326953
326954
326957
326958
326960
326961
326963
326964
326965
326966
326967
326968
326970
326971
326973
326974
326975
326976
326977
326979
326981
326982
326984
326986
326987
326989
326990
326991
326992
326993
326994
326995
326997
326998
326999
327000
327002
327004
327005
327010
327011
327012
327013
327014
327015
327016
327017
327018
327019
327020
327021
327022
327023
327024
327025
327029
327030
327031
327032
327033
327034
327035
327036
327038
327039
327042
327043
327045
327047
327048
327049
327050
327051
327052
327053
327054
327056
327057
327059
327060
327061
327062
327064
327065
327066
327067
327070
327072
327073
327075
327076
327077
327079
327080
327082
327083
327085
327086
327088
327089
327090
327091
327092
327097
327098
327099
327101
327102
327103
327104
327106
327107
327108
327109
327110
327111
327112
327113
327114
327115
327116
327117
327118
327119
327120
327121
327122
327123
327124
327125
327126
327127
327128
327129
327130
327131
327132
327133
327134
327135
327136
327137
327138
327139
327141
327142
327143
327144
327145
327146
327148
327149
327151
327152
327153
327154
327155
327156
327158
327159
327160
327161
327162
327163
327164
327165
327168
327171
327173
327174
327175
327178
327181
327183
327185
327188
327190
327192
327193
327194
327195
327196
327197
327198
327199
327200
327205
327206
327208
327211
327212
327213
327214
327215
327216
327217
327218
327219
327220
327221
327223
327224
327226
327227
327228
327230
327231
327232
327234
327235
327237
327238
327239
327240
327241
327242
327243
327244
327245
327246
327247
327249
327251
327252
327253
327254
327255
327258
327259
327260
327263
327264
327265
327267
327268
327270
327271
327272
327273
327274
327275
327276
327277
327278
327279
327280
327282
327284
327285
327287
327288
327289
327290
327291
327292
327293
327294
327295
327296
327297
327298
327299
327300
327301
327302
327303
327305
327306
327309
327310
327311
327312
327313
327314
327316
327317
327318
327319
327320
327321
327322
327323
327324
327325
327326
327327
327328
327329
327330
327332
327333
327334
327335
327336
327338
327339
327340
327341
327342
327343
327346
327348
327349
327351
327353
327354
327356
327357
327358
327360
327362
327363
327364
327366
327367
327368
327369
327371
327372
327374
327375
327376
327378
327382
327383
327384
327386
327388
327389
327391
327392
327393
327394
327395
327396
327398
327399
327400
327401
327403
327404
327407
327408
327410
327411
327413
327414
327416
327417
327419
327420
327421
327422
327423
327424
327425
327426
327428
327430
327432
327435
327436
327439
327441
327442
327443
327445
327446
327449
327450
327451
327453
327454
327455
327456
327457
327458
327459
327460
327461
327462
327463
327464
327465
327467
327468
327469
327470
327471
327472
327473
327474
327475
327477
327478
327480
327481
327482
327483
327485
327489
327491
327493
327494
327496
327499
327501
327502
327503
327504
327505
327509
327511
327512
327513
327517
327518
327519
327520
327522
327523
327524
327525
327526
327529
327530
327531
327532
327533
327536
327537
327538
327539
327540
327541
327544
327546
327547
327548
327549
327551
327554
327555
327557
327558
327561
327562
327563
327565
327566
327569
327570
327571
327572
327573
327575
327576
327577
327578
327579
327580
327581
327582
327583
327584
327586
327587
327588
327589
327590
327591
327592
327593
327594
327595
327596
327597
327600
327602
327603
327604
327605
327606
327608
327609
327610
327611
327612
327614
327615
327616
327617
327618
327620
327621
327622
327623
327624
327625
327626
327627
327628
327629
327630
327631
327632
327633
327634
327635
327636
327637
327638
327639
327640
327641
327642
327643
327644
327645
327646
327647
327648
327649
327650
327651
327652
327653
327654
327655
327657
327658
327659
327660
327661
327662
327663
327665
327666
327668
327670
327671
327672
327673
327674
327675
327676
327677
327678
327679
327680
327681
327682
327683
327684
327685
327686
327687
327688
327689
327691
327692
327693
327694
327695
327697
327698
327699
327700
327701
327702
327703
327704
327705
327706
327707
327708
327709
327710
327711
327712
327713
327715
327717
327718
327719
327720
327721
327722
327723
327724
327726
327727
327728
327731
327733
327734
327736
327737
327738
327739
327741
327742
327743
327744
327745
327748
327749
327750
327751
327752
327753
327754
327756
327758
327759
327760
327761
327762
327764
327765
327766
327767
327768
327769
327770
327772
327774
327775
327777
327778
327780
327781
327783
327784
327785
327786
327787
327788
327789
327790
327791
327792
327793
327795
327796
327798
327799
327801
327803
327805
327806
327808
327809
327810
327811
327812
327813
327814
327815
327816
327817
327818
327819
327820
327823
327824
327825
327826
327827
327828
327829
327831
327832
327833
327834
327835
327838
327839
327840
327841
327842
327843
327844
327845
327846
327847
327849
327852
327853
327855
327856
327858
327859
327860
327861
327863
327864
327866
327868
327869
327870
327871
327872
327873
327874
327875
327876
327877
327879
327880
327881
327882
327883
327884
327885
327886
327888
327889
327890
327892
327893
327896
327897
327898
327899
327900
327901
327902
327903
327904
327905
327907
327908
327910
327911
327912
327913
327914
327915
327916
327917
327918
327919
327920
327921
327922
327923
327926
327927
327928
327929
327930
327931
327932
327933
327934
327936
327939
327940
327941
327942
327943
327944
327945
327946
327947
327949
327950
327951
327952
327953
327955
327957
327958
327959
327960
327962
327964
327965
327966
327967
327968
327970
327973
327975
327977
327978
327979
327981
327982
327983
327984
327985
327988
327989
327990
327991
327992
327997
327999
328001
328004
328005
328006
328007
328008
328009
328011
328012
328016
328017
328019
328020
328021
328022
328023
328024
328026
328027
328028
328029
328031
328032
328033
328034
328035
328036
328037
328039
328040
328041
328042
328043
328044
328046
328047
328048
328051
328054
328055
328056
328057
328058
328060
328061
328062
328064
328065
328066
328067
328068
328069
328070
328071
328072
328073
328074
328076
328077
328079
328080
328081
328082
328083
328084
328085
328086
328088
328089
328091
328092
328093
328094
328095
328097
328098
328099
328100
328102
328103
328106
328108
328109
328110
328111
328112
328113
328115
328116
328117
328118
328119
328120
328122
328123
328124
328125
328126
328127
328128
328129
328131
328132
328133
328134
328135
328136
328137
328139
328141
328142
328143
328144
328145
328146
328147
328148
328149
328151
328152
328154
328155
328158
328159
328160
328161
328163
328164
328165
328166
328167
328168
328169
328170
328171
328172
328174
328177
328178
328179
328181
328183
328185
328186
328188
328190
328193
328194
328196
328197
328198
328199
328200
328202
328204
328205
328206
328207
328209
328210
328211
328213
328214
328215
328216
328217
328218
328219
328220
328221
328223
328226
328227
328228
328229
328230
328231
328232
328233
328234
328237
328238
328239
328240
328241
328242
328243
328244
328245
328246
328247
328248
328249
328250
328251
328253
328255
328257
328258
328259
328260
328261
328263
328264
328265
328266
328267
328268
328269
328271
328274
328275
328276
328277
328279
328281
328282
328283
328285
328286
328287
328289
328290
328291
328292
328293
328294
328295
328296
328297
328298
328300
328301
328302
328303
328304
328305
328306
328307
328308
328309
328311
328312
328313
328314
328315
328316
328317
328319
328320
328321
328322
328323
328324
328325
328326
328327
328329
328330
328331
328332
328333
328334
328335
328336
328337
328338
328339
328341
328342
328343
328344
328345
328346
328347
328348
328351
328354
328357
328358
328359
328360
328361
328362
328363
328365
328367
328368
328369
328370
328371
328372
328375
328378
328379
328380
328382
328383
328385
328386
328387
328388
328389
328390
328391
328392
328393
328394
328395
328396
328397
328399
328400
328401
328402
328403
328404
328405
328406
328407
328408
328409
328410
328411
328412
328413
328414
328416
328417
328420
328421
328422
328423
328424
328426
328428
328429
328430
328432
328434
328435
328438
328439
328441
328442
328443
328444
328445
328446
328447
328448
328449
328450
328451
328452
328454
328455
328456
328458
328459
328460
328461
328462
328463
328464
328467
328474
328475
328476
328477
328478
328479
328480
328481
328482
328483
328484
328485
328486
328489
328490
328491
328492
328493
328496
328498
328500
328501
328502
328504
328505
328508
328510
328511
328513
328515
328516
328517
328519
328520
328521
328523
328524
328525
328526
328527
328528
328529
328530
328531
328532
328533
328534
328535
328538
328539
328540
328541
328542
328544
328545
328546
328547
328550
328551
328552
328553
328555
328556
328557
328558
328559
328560
328562
328563
328566
328569
328570
328571
328572
328573
328574
328575
328576
328577
328578
328579
328581
328583
328584
328585
328587
328588
328589
328590
328592
328593
328594
328596
328597
328599
328601
328603
328607
328608
328609
328610
328612
328613
328616
328617
328618
328619
328621
328622
328623
328624
328625
328626
328627
328629
328631
328632
328633
328634
328637
328638
328642
328643
328645
328647
328648
328649
328650
328651
328652
328653
328654
328656
328657
328658
328659
328660
328662
328663
328664
328667
328668
328669
328670
328671
328672
328673
328674
328675
328676
328677
328678
328679
328680
328681
328682
328683
328684
328686
328687
328688
328690
328692
328695
328696
328697
328698
328700
328701
328702
328703
328705
328709
328710
328711
328712
328713
328714
328717
328719
328721
328722
328723
328724
328725
328726
328727
328728
328729
328731
328733
328734
328735
328736
328737
328739
328740
328741
328743
328744
328745
328747
328749
328750
328753
328755
328756
328757
328758
328759
328760
328763
328765
328766
328769
328771
328773
328774
328775
328776
328777
328779
328780
328782
328784
328785
328786
328787
328788
328789
328794
328796
328798
328799
328801
328802
328803
328806
328807
328808
328809
328811
328812
328813
328814
328815
328818
328819
328820
328821
328822
328823
328824
328825
328826
328827
328828
328830
328831
328833
328834
328835
328837
328839
328840
328841
328842
328843
328844
328847
328849
328851
328852
328853
328855
328856
328860
328861
328863
328866
328867
328868
328869
328870
328871
328873
328874
328875
328876
328880
328882
328885
328886
328887
328888
328890
328892
328893
328894
328895
328896
328898
328900
328901
328902
328903
328904
328905
328907
328908
328910
328912
328914
328915
328916
328917
328920
328922
328923
328925
328926
328927
328928
328930
328931
328932
328933
328934
328936
328937
328938
328940
328941
328942
328943
328944
328945
328946
328947
328948
328949
328950
328951
328952
328953
328955
328957
328958
328959
328960
328961
328963
328967
328968
328969
328970
328971
328972
328973
328974
328975
328977
328979
328981
328983
328985
328986
328987
328988
328989
328990
328991
328992
328993
328994
328995
328997
328998
328999
329000
329001
329002
329003
329004
329006
329007
329009
329010
329011
329012
329014
329015
329016
329018
329019
329020
329021
329023
329024
329025
329026
329028
329030
329031
329032
329034
329035
329036
329037
329038
329039
329041
329043
329044
329045
329046
329047
329048
329049
329051
329053
329054
329055
329056
329058
329059
329060
329061
329062
329064
329066
329068
329069
329072
329073
329075
329076
329077
329079
329081
329082
329083
329084
329085
329086
329087
329089
329090
329092
329093
329094
329095
329096
329097
329098
329099
329101
329102
329103
329104
329106
329107
329108
329109
329110
329111
329112
329113
329114
329115
329117
329118
329119
329120
329121
329122
329123
329124
329125
329126
329127
329128
329129
329130
329131
329132
329133
329134
329135
329136
329137
329138
329139
329140
329143
329147
329148
329149
329151
329152
329153
329154
329155
329156
329158
329159
329160
329163
329165
329166
329168
329169
329171
329174
329175
329176
329177
329179
329180
329181
329182
329183
329186
329188
329189
329190
329191
329192
329194
329196
329199
329200
329202
329203
329204
329205
329207
329209
329210
329211
329212
329213
329214
329215
329216
329217
329218
329219
329220
329221
329222
329223
329224
329225
329226
329227
329228
329231
329232
329233
329234
329235
329236
329241
329245
329246
329247
329248
329250
329251
329252
329253
329255
329256
329257
329258
329259
329261
329263
329264
329265
329266
329267
329268
329269
329270
329271
329272
329273
329274
329276
329278
329279
329280
329281
329283
329285
329286
329287
329289
329290
329293
329295
329296
329297
329298
329299
329300
329302
329303
329304
329306
329307
329309
329311
329312
329313
329314
329315
329316
329317
329318
329319
329320
329321
329323
329324
329326
329327
329328
329329
329332
329333
329334
329335
329337
329339
329341
329342
329344
329345
329346
329347
329348
329349
329350
329352
329353
329355
329356
329358
329359
329360
329362
329363
329364
329365
329366
329367
329369
329370
329371
329372
329373
329375
329376
329377
329378
329379
329380
329382
329384
329385
329386
329387
329388
329389
329391
329392
329393
329396
329397
329398
329400
329402
329403
329404
329405
329406
329408
329410
329411
329412
329413
329415
329416
329417
329418
329419
329420
329421
329422
329424
329425
329426
329429
329430
329431
329432
329433
329434
329436
329438
329439
329440
329441
329445
329447
329449
329450
329451
329452
329454
329456
329457
329458
329461
329462
329463
329465
329466
329467
329469
329470
329471
329472
329473
329475
329476
329478
329479
329481
329483
329484
329485
329486
329489
329490
329491
329492
329495
329496
329497
329498
329499
329500
329502
329503
329506
329507
329509
329510
329511
329512
329513
329514
329515
329516
329518
329519
329521
329522
329523
329525
329527
329528
329529
329530
329531
329532
329534
329535
329536
329537
329538
329539
329541
329542
329543
329545
329546
329547
329548
329549
329550
329551
329552
329554
329555
329557
329558
329559
329560
329561
329562
329563
329565
329566
329567
329569
329570
329572
329575
329576
329579
329582
329583
329584
329585
329586
329589
329590
329592
329593
329594
329596
329598
329599
329600
329601
329603
329606
329607
329609
329610
329611
329612
329613
329616
329617
329618
329620
329622
329623
329624
329625
329627
329628
329629
329630
329632
329633
329635
329636
329637
329638
329639
329641
329642
329643
329644
329645
329646
329648
329651
329652
329653
329654
329655
329656
329657
329659
329661
329662
329663
329664
329665
329666
329670
329671
329672
329674
329675
329676
329677
329678
329679
329680
329681
329683
329688
329689
329690
329691
329692
329693
329696
329697
329698
329699
329701
329702
329703
329706
329707
329708
329709
329710
329711
329712
329714
329716
329718
329720
329722
329723
329724
329725
329726
329727
329729
329730
329731
329732
329734
329735
329736
329737
329738
329740
329741
329742
329743
329744
329747
329748
329749
329750
329751
329752
329753
329754
329756
329758
329759
329761
329764
329765
329767
329768
329771
329772
329777
329778
329779
329781
329782
329783
329784
329786
329787
329788
329791
329792
329794
329795
329797
329798
329799
329800
329803
329804
329806
329808
329810
329811
329813
329816
329817
329818
329819
329822
329823
329825
329826
329827
329828
329829
329831
329832
329833
329834
329835
329837
329839
329840
329841
329842
329843
329844
329846
329847
329848
329849
329850
329853
329854
329855
329857
329858
329859
329860
329861
329862
329863
329864
329865
329866
329868
329870
329872
329874
329875
329878
329879
329880
329881
329882
329883
329884
329885
329886
329887
329888
329889
329890
329891
329893
329894
329895
329897
329898
329899
329901
329902
329903
329904
329905
329906
329907
329908
329909
329910
329911
329912
329913
329916
329917
329918
329919
329920
329922
329924
329926
329927
329928
329929
329931
329933
329935
329937
329938
329939
329940
329942
329943
329945
329948
329949
329950
329951
329952
329953
329955
329956
329958
329960
329961
329962
329963
329964
329965
329967
329968
329970
329971
329972
329973
329974
329975
329976
329977
329979
329980
329982
329983
329988
329989
329990
329991
329992
329993
329994
329995
329996
329998
329999
330002
330003
330004
330005
330006
330007
330008
330009
330012
330013
330014
330015
330017
330018
330019
330020
330021
330022
330023
330024
330026
330027
330028
330029
330030
330031
330032
330033
330034
330035
330037
330038
330041
330042
330043
330044
330045
330046
330047
330048
330050
330051
330052
330053
330054
330055
330056
330057
330058
330059
330060
330061
330062
330065
330066
330067
330068
330069
330070
330071
330072
330073
330075
330077
330078
330079
330081
330084
330085
330086
330087
330088
330090
330092
330094
330096
330098
330100
330101
330103
330104
330105
330108
330109
330111
330112
330114
330118
330119
330120
330122
330123
330128
330129
330130
330131
330132
330134
330135
330139
330141
330142
330144
330146
330147
330149
330150
330151
330152
330156
330157
330158
330159
330161
330162
330163
330166
330167
330168
330169
330170
330171
330172
330173
330174
330175
330176
330177
330178
330179
330180
330181
330183
330184
330185
330186
330187
330188
330189
330190
330191
330192
330193
330194
330196
330197
330198
330199
330201
330202
330203
330205
330206
330207
330208
330209
330211
330212
330214
330215
330219
330220
330222
330223
330224
330225
330228
330229
330230
330231
330232
330234
330235
330236
330238
330239
330240
330241
330242
330243
330244
330245
330246
330248
330249
330250
330251
330252
330253
330254
330255
330256
330257
330258
330262
330263
330264
330265
330267
330268
330269
330271
330272
330273
330274
330275
330276
330278
330279
330281
330282
330284
330285
330288
330289
330290
330292
330293
330294
330296
330297
330298
330299
330300
330301
330302
330304
330305
330306
330307
330308
330309
330313
330314
330315
330316
330317
330318
330319
330320
330321
330322
330323
330325
330326
330327
330328
330329
330330
330331
330332
330333
330334
330335
330336
330337
330338
330339
330340
330341
330342
330343
330344
330345
330347
330349
330352
330353
330354
330358
330359
330360
330361
330362
330363
330364
330365
330367
330368
330369
330370
330371
330372
330373
330374
330375
330376
330377
330378
330379
330381
330383
330384
330385
330387
330388
330389
330390
330391
330392
330393
330395
330396
330397
330398
330399
330400
330402
330403
330404
330406
330407
330408
330409
330410
330412
330413
330414
330415
330416
330417
330418
330419
330420
330421
330423
330424
330425
330426
330427
330429
330431
330432
330433
330434
330435
330436
330437
330438
330439
330440
330441
330445
330447
330448
330449
330451
330453
330454
330455
330456
330457
330459
330460
330461
330462
330463
330464
330465
330467
330469
330471
330472
330473
330476
330477
330481
330482
330484
330485
330487
330488
330489
330490
330493
330494
330495
330497
330498
330499
330500
330501
330502
330503
330505
330506
330507
330508
330509
330510
330511
330512
330517
330518
330519
330520
330521
330524
330525
330527
330528
330530
330531
330532
330533
330534
330535
330536
330537
330538
330539
330540
330541
330542
330543
330544
330546
330547
330548
330549
330550
330551
330552
330553
330554
330555
330556
330557
330558
330559
330560
330562
330564
330566
330567
330568
330569
330570
330571
330572
330574
330576
330578
330580
330581
330582
330584
330585
330586
330588
330589
330590
330591
330593
330594
330595
330596
330597
330598
330599
330601
330602
330604
330605
330607
330608
330609
330610
330612
330618
330620
330621
330622
330623
330624
330626
330627
330628
330630
330631
330633
330635
330636
330638
330639
330640
330641
330642
330644
330646
330647
330649
330650
330653
330654
330655
330657
330658
330660
330661
330662
330664
330665
330666
330667
330668
330669
330670
330671
330672
330673
330674
330675
330678
330680
330681
330682
330686
330687
330690
330691
330692
330693
330694
330695
330696
330697
330698
330699
330700
330701
330702
330703
330704
330705
330706
330707
330709
330710
330711
330712
330713
330715
330717
330718
330719
330720
330721
330722
330723
330724
330725
