210278
210279
210281
210284
210285
210286
210288
210289
210290
210293
210294
210295
210296
210297
210298
210299
210300
210301
210302
210303
210304
210305
210307
210308
210309
210311
210312
210313
210314
210315
210317
210318
210319
210320
210321
210322
210323
210324
210325
210327
210328
210329
210330
210331
210332
210333
210334
210338
210340
210341
210343
210345
210346
210348
210350
210351
210352
210353
210354
210355
210356
210357
210358
210359
210360
210361
210362
210363
210366
210367
210370
210373
210374
210375
210377
210378
210379
210381
210384
210385
210386
210388
210389
210390
210392
210393
210395
210396
210397
210398
210399
210400
210401
210402
210404
210405
210406
210407
210408
210409
210410
210411
210412
210414
210415
210418
210419
210420
210421
210422
210423
210424
210425
210427
210428
210429
210434
210435
210436
210437
210438
210441
210442
210443
210444
210446
210447
210448
210450
210451
210453
210454
210455
210456
210457
210458
210460
210461
210462
210463
210464
210465
210466
210467
210468
210469
210470
210472
210474
210476
210478
210479
210480
210483
210486
210487
210488
210489
210491
210492
210493
210496
210497
210498
210502
210504
210505
210507
210508
210509
210510
210511
210515
210516
210518
210519
210522
210523
210524
210525
210526
210527
210529
210530
210531
210532
210533
210534
210535
210536
210537
210538
210540
210541
210542
210543
210544
210545
210546
210547
210548
210549
210550
210553
210554
210555
210558
210559
210560
210561
210562
210563
210564
210565
210567
210568
210569
210570
210572
210573
210574
210575
210577
210578
210579
210580
210581
210582
210583
210584
210586
210587
210588
210589
210590
210591
210592
210594
210595
210596
210597
210598
210599
210600
210601
210603
210604
210606
210607
210608
210609
210611
210612
210613
210614
210615
210617
210618
210619
210620
210621
210623
210624
210625
210626
210627
210628
210629
210630
210631
210632
210634
210638
210639
210640
210641
210642
210643
210644
210645
210646
210648
210649
210650
210651
210654
210655
210656
210657
210658
210659
210660
210661
210662
210663
210664
210665
210667
210668
210670
210671
210672
210673
210674
210675
210677
210678
210679
210680
210681
210682
210683
210684
210685
210686
210687
210689
210690
210691
210692
210693
210695
210696
210697
210698
210701
210703
210704
210705
210706
210710
210712
210714
210716
210717
210719
210720
210721
210722
210724
210725
210726
210727
210728
210729
210730
210731
210734
210735
210736
210737
210738
210741
210742
210743
210744
210746
210747
210748
210750
210751
210752
210753
210754
210755
210757
210759
210760
210762
210763
210764
210765
210766
210767
210768
210769
210770
210771
210772
210774
210776
210777
210780
210781
210782
210784
210785
210786
210787
210790
210791
210792
210796
210797
210800
210801
210804
210805
210807
210809
210810
210811
210812
210813
210815
210817
210820
210822
210823
210824
210825
210826
210827
210828
210829
210830
210832
210835
210837
210838
210839
210841
210842
210843
210844
210845
210846
210848
210849
210850
210852
210853
210854
210855
210856
210858
210859
210861
210862
210863
210865
210869
210870
210871
210872
210873
210874
210875
210876
210878
210879
210880
210882
210885
210886
210888
210889
210891
210892
210893
210895
210896
210897
210898
210899
210900
210903
210904
210905
210907
210908
210910
210911
210912
210914
210915
210916
210917
210918
210919
210920
210921
210923
210924
210925
210926
210927
210928
210929
210930
210931
210932
210933
210934
210935
210936
210937
210938
210939
210940
210941
210942
210944
210945
210948
210949
210950
210951
210952
210953
210956
210957
210958
210959
210960
210962
210963
210964
210965
210966
210967
210968
210969
210971
210972
210973
210976
210977
210978
210980
210981
210983
210984
210986
210992
210993
210995
210996
210997
210998
210999
211000
211001
211002
211003
211004
211005
211006
211007
211008
211012
211014
211015
211016
211017
211018
211019
211020
211021
211022
211023
211024
211025
211026
211027
211028
211029
211030
211032
211033
211034
211035
211036
211037
211038
211040
211041
211043
211044
211045
211046
211047
211048
211049
211050
211052
211053
211054
211055
211056
211057
211058
211059
211060
211061
211062
211063
211064
211065
211066
211067
211068
211069
211070
211072
211073
211074
211075
211076
211077
211078
211079
211080
211082
211083
211084
211085
211089
211090
211091
211092
211093
211094
211095
211096
211097
211098
211099
211100
211101
211102
211104
211105
211106
211107
211108
211109
211110
211111
211112
211113
211114
211115
211116
211119
211120
211121
211122
211123
211125
211127
211128
211129
211130
211132
211133
211134
211136
211137
211138
211140
211141
211143
211144
211145
211147
211148
211149
211151
211152
211153
211154
211155
211156
211158
211159
211160
211161
211162
211163
211164
211165
211166
211167
211168
211169
211170
211172
211174
211175
211177
211178
211179
211180
211182
211183
211185
211186
211187
211188
211189
211191
211192
211193
211194
211195
211196
211197
211198
211199
211200
211202
211204
211205
211207
211208
211210
211211
211212
211215
211216
211217
211218
211219
211221
211223
211224
211225
211226
211227
211229
211231
211232
211233
211236
211238
211239
211240
211243
211244
211245
211247
211248
211249
211250
211252
211253
211254
211257
211259
211260
211262
211263
211267
211268
211269
211270
211271
211272
211273
211274
211276
211277
211280
211281
211282
211284
211285
211286
211287
211288
211290
211291
211292
211293
211294
211295
211296
211297
211298
211299
211300
211301
211304
211305
211306
211307
211308
211309
211311
211312
211314
211315
211317
211319
211320
211321
211322
211323
211325
211326
211327
211328
211329
211331
211332
211333
211334
211335
211336
211339
211340
211343
211344
211345
211347
211348
211349
211350
211352
211353
211355
211356
211357
211358
211359
211360
211361
211363
211364
211365
211366
211367
211368
211371
211373
211376
211377
211378
211379
211380
211383
211385
211387
211388
211391
211392
211393
211395
211397
211398
211400
211401
211403
211404
211405
211406
211407
211409
211411
211415
211416
211417
211418
211419
211420
211422
211423
211424
211427
211429
211430
211431
211432
211433
211434
211435
211436
211437
211439
211440
211442
211443
211444
211445
211446
211448
211449
211450
211451
211452
211453
211454
211455
211456
211457
211458
211460
211461
211462
211463
211464
211467
211468
211469
211470
211474
211475
211476
211479
211481
211483
211485
211487
211488
211489
211490
211491
211492
211493
211494
211495
211497
211498
211499
211500
211502
211503
211504
211505
211506
211508
211510
211511
211512
211514
211515
211516
211517
211518
211519
211520
211522
211523
211524
211526
211527
211528
211529
211530
211531
211532
211533
211534
211535
211537
211539
211541
211542
211543
211544
211545
211547
211548
211549
211550
211552
211553
211555
211556
211558
211559
211560
211561
211562
211564
211566
211568
211571
211572
211573
211574
211575
211579
211580
211582
211583
211584
211585
211586
211587
211588
211589
211592
211593
211596
211597
211598
211599
211601
211602
211604
211606
211607
211608
211610
211611
211612
211613
211614
211615
211616
211618
211619
211620
211621
211622
211624
211625
211626
211627
211629
211630
211631
211632
211633
211634
211635
211636
211638
211639
211640
211641
211643
211645
211646
211647
211648
211649
211650
211651
211652
211653
211654
211655
211659
211660
211661
211662
211663
211664
211665
211667
211670
211671
211673
211674
211675
211676
211677
211678
211681
211683
211684
211685
211686
211687
211688
211689
211690
211691
211693
211694
211695
211696
211698
211699
211700
211701
211703
211704
211705
211706
211707
211709
211711
211712
211713
211714
211716
211717
211719
211720
211722
211723
211724
211726
211727
211729
211733
211734
211735
211736
211737
211738
211740
211741
211743
211744
211745
211746
211748
211749
211750
211751
211752
211753
211754
211755
211756
211758
211759
211760
211762
211763
211764
211765
211766
211767
211768
211770
211771
211772
211773
211774
211776
211777
211778
211779
211780
211781
211782
211783
211784
211785
211787
211788
211790
211794
211795
211796
211798
211801
211802
211803
211805
211806
211807
211809
211810
211811
211812
211813
211814
211815
211816
211817
211819
211820
211823
211824
211825
211826
211827
211828
211829
211830
211831
211832
211833
211835
211836
211839
211840
211841
211842
211844
211846
211848
211849
211850
211851
211852
211853
211854
211858
211861
211863
211864
211865
211866
211867
211868
211869
211870
211873
211874
211875
211876
211877
211878
211879
211881
211884
211885
211887
211888
211890
211891
211893
211894
211896
211897
211898
211899
211900
211901
211902
211904
211905
211906
211908
211911
211912
211915
211916
211917
211918
211919
211920
211921
211922
211923
211924
211925
211926
211927
211928
211929
211930
211931
211932
211933
211934
211935
211936
211937
211938
211939
211940
211943
211945
211949
211950
211951
211952
211954
211955
211956
211958
211959
211960
211961
211962
211963
211965
211966
211967
211968
211969
211970
211971
211972
211974
211977
211978
211979
211981
211982
211983
211984
211987
211989
211990
211991
211993
211996
211997
211998
212000
212001
212004
212006
212007
212008
212009
212010
212013
212016
212017
212019
212020
212021
212026
212027
212028
212029
212031
212033
212034
212036
212039
212042
212043
212044
212046
212047
212049
212050
212051
212052
212054
212055
212057
212058
212059
212061
212062
212063
212064
212065
212066
212069
212070
212072
212073
212074
212075
212076
212077
212080
212081
212082
212083
212085
212086
212088
212089
212090
212091
212092
212093
212094
212095
212096
212098
212099
212100
212102
212104
212105
212107
212108
212110
212111
212112
212113
212114
212115
212116
212117
212119
212120
212121
212122
212123
212124
212125
212126
212127
212128
212130
212131
212132
212133
212134
212135
212137
212139
212140
212141
212142
212143
212144
212145
212146
212147
212148
212149
212150
212152
212153
212154
212155
212156
212157
212158
212159
212160
212161
212162
212163
212165
212166
212167
212169
212170
212171
212172
212173
212174
212176
212178
212179
212180
212181
212182
212183
212184
212187
212189
212190
212192
212193
212194
212195
212197
212198
212199
212200
212201
212204
212205
212206
212207
212208
212209
212210
212211
212212
212213
212214
212215
212216
212217
212220
212221
212222
212223
212224
212227
212228
212229
212231
212232
212233
212238
212239
212240
212241
212242
212243
212246
212247
212248
212250
212251
212253
212254
212255
212256
212257
212258
212259
212261
212262
212263
212265
212270
212271
212272
212274
212275
212276
212277
212278
212279
212280
212282
212283
212284
212285
212286
212287
212289
212291
212292
212294
212295
212296
212297
212298
212299
212300
212303
212305
212306
212307
212309
212310
212311
212313
212315
212317
212318
212319
212320
212321
212322
212324
212329
212330
212331
212332
212333
212334
212335
212337
212338
212339
212340
212341
212343
212347
212348
212350
212351
212354
212355
212356
212357
212358
212360
212362
212363
212364
212365
212366
212367
212368
212370
212371
212372
212373
212374
212375
212376
212377
212378
212379
212380
212381
212382
212383
212384
212385
212386
212387
212388
212389
212390
212391
212392
212393
212394
212395
212396
212397
212398
212399
212401
212402
212403
212404
212405
212406
212407
212408
212409
212410
212411
212412
212414
212415
212416
212417
212418
212419
212420
212421
212422
212424
212425
212427
212429
212433
212435
212436
212437
212438
212439
212441
212443
212444
212445
212446
212450
212452
212453
212454
212455
212456
212457
212458
212459
212460
212462
212463
212464
212465
212466
212469
212472
212473
212474
212475
212476
212479
212481
212482
212483
212485
212488
212489
212491
212492
212494
212495
212496
212497
212498
212500
212501
212502
212503
212505
212506
212507
212509
212510
212511
212512
212513
212514
212516
212517
212518
212519
212522
212524
212527
212529
212532
212533
212534
212535
212537
212539
212540
212542
212543
212544
212547
212548
212549
212550
212551
212552
212553
212554
212555
212556
212557
212558
212561
212563
212564
212565
212566
212568
212569
212570
212572
212573
212575
212576
212577
212578
212579
212580
212581
212582
212584
212585
212587
212589
212590
212591
212593
212595
212596
212597
212600
212601
212603
212604
212605
212606
212608
212609
212610
212611
212612
212613
212615
212616
212617
212618
212619
212620
212621
212622
212623
212625
212626
212628
212629
212631
212632
212634
212635
212636
212637
212638
212639
212640
212641
212643
212644
212645
212646
212648
212649
212651
212652
212655
212656
212657
212658
212659
212660
212661
212662
212663
212664
212665
212666
212669
212674
212675
212676
212677
212678
212679
212680
212681
212682
212683
212684
212686
212687
212688
212689
212690
212691
212697
212698
212699
212700
212702
212703
212704
212705
212706
212709
212711
212712
212713
212714
212715
212716
212717
212718
212719
212720
212721
212722
212723
212725
212726
212727
212728
212729
212730
212731
212732
212733
212734
212735
212736
212739
212740
212742
212744
212745
212746
212747
212748
212749
212751
212752
212753
212755
212756
212757
212758
212759
212760
212763
212764
212765
212766
212767
212769
212770
212771
212772
212773
212774
212777
212779
212780
212781
212782
212783
212784
212785
212786
212787
212790
212791
212792
212793
212794
212795
212796
212799
212800
212801
212802
212803
212804
212805
212806
212807
212808
212809
212811
212812
212813
212814
212815
212818
212819
212820
212821
212822
212824
212827
212828
212829
212830
212831
212832
212833
212834
212835
212836
212838
212841
212843
212844
212845
212847
212848
212849
212850
212851
212852
212853
212854
212855
212856
212857
212859
212860
212861
212862
212863
212864
212865
212866
212867
212868
212870
212871
212872
212874
212875
212877
212878
212880
212881
212882
212883
212885
212886
212888
212889
212890
212891
212892
212894
212895
212897
212898
212899
212901
212902
212904
212906
212907
212908
212909
212910
212911
212912
212913
212914
212916
212917
212918
212919
212920
212921
212922
212923
212924
212925
212928
212929
212931
212932
212936
212937
212938
212939
212940
212942
212943
212944
212945
212947
212948
212949
212951
212952
212953
212954
212955
212956
212957
212959
212960
212962
212963
212964
212965
212966
212967
212970
212971
212972
212973
212974
212976
212977
212978
212980
212981
212983
212984
212987
212988
212989
212991
212992
212993
212994
212995
212997
213002
213003
213004
213007
213009
213010
213011
213013
213014
213016
213017
213018
213019
213020
213021
213022
213024
213025
213026
213027
213028
213029
213030
213032
213033
213034
213035
213036
213037
213038
213039
213040
213041
213042
213044
213045
213046
213047
213048
213051
213054
213055
213056
213058
213059
213061
213062
213063
213064
213065
213066
213067
213068
213069
213070
213071
213072
213075
213076
213077
213081
213082
213083
213084
213086
213087
213089
213090
213091
213092
213093
213094
213096
213097
213100
213101
213103
213104
213105
213107
213109
213110
213111
213112
213113
213114
213115
213116
213117
213118
213120
213121
213122
213123
213124
213125
213126
213127
213128
213129
213131
213132
213134
213138
213139
213140
213141
213142
213143
213144
213145
213146
213147
213148
213149
213150
213151
213152
213153
213154
213155
213157
213159
213160
213161
213162
213163
213164
213165
213168
213169
213170
213171
213173
213174
213175
213176
213177
213178
213179
213181
213182
213183
213184
213185
213186
213187
213188
213190
213191
213192
213193
213195
213196
213197
213198
213199
213200
213201
213203
213204
213205
213207
213208
213210
213211
213212
213213
213214
213215
213216
213217
213218
213219
213220
213222
213223
213224
213226
213227
213228
213229
213230
213231
213232
213233
213234
213235
213236
213237
213238
213240
213241
213242
213244
213245
213247
213248
213249
213250
213253
213254
213259
213260
213262
213263
213264
213267
213268
213269
213270
213271
213272
213274
213275
213279
213280
213281
213283
213284
213286
213287
213288
213289
213290
213291
213292
213293
213295
213297
213298
213299
213300
213301
213302
213303
213304
213307
213308
213310
213311
213314
213316
213318
213321
213322
213323
213324
213325
213327
213328
213330
213331
213332
213333
213334
213335
213336
213337
213338
213339
213340
213341
213343
213348
213349
213352
213353
213354
213355
213356
213358
213359
213361
213363
213364
213365
213366
213367
213368
213369
213370
213371
213372
213373
213375
213379
213380
213381
213382
213383
213384
213385
213388
213390
213391
213392
213393
213395
213396
213397
213398
213399
213400
213402
213404
213406
213407
213408
213409
213410
213411
213412
213413
213414
213417
213418
213419
213420
213421
213423
213424
213425
213427
213428
213429
213431
213432
213433
213434
213435
213437
213438
213439
213440
213441
213442
213443
213444
213445
213446
213447
213448
213449
213450
213451
213452
213453
213454
213455
213456
213457
213458
213459
213460
213461
213462
213463
213466
213467
213468
213469
213470
213471
213472
213473
213475
213476
213477
213478
213479
213480
213481
213482
213483
213484
213485
213486
213487
213488
213489
213490
213492
213493
213494
213495
213496
213497
213498
213500
213502
213503
213504
213505
213507
213509
213510
213512
213513
213514
213515
213518
213520
213521
213524
213525
213526
213527
213528
213529
213530
213531
213532
213533
213534
213536
213537
213538
213539
213540
213541
213544
213545
213546
213547
213549
213550
213551
213552
213553
213554
213555
213556
213559
213560
213561
213562
213563
213564
213566
213567
213568
213570
213571
213572
213573
213574
213575
213576
213577
213578
213579
213580
213581
213583
213584
213585
213588
213589
213590
213592
213593
213594
213595
213597
213599
213600
213601
213602
213603
213605
213606
213608
213610
213612
213613
213614
213616
213617
213618
213619
213620
213621
213622
213623
213625
213626
213627
213628
213629
213630
213631
213632
213633
213636
213637
213638
213639
213640
213642
213643
213644
213646
213648
213650
213651
213652
213653
213655
213657
213658
213659
213660
213663
213664
213666
213667
213668
213670
213672
213673
213674
213676
213679
213680
213682
213683
213684
213686
213687
213690
213691
213694
213695
213696
213697
213698
213699
213701
213702
213703
213704
213705
213706
213707
213708
213712
213713
213714
213717
213718
213719
213720
213721
213722
213723
213724
213728
213731
213732
213733
213734
213735
213737
213738
213740
213741
213743
213744
213746
213747
213748
213749
213750
213751
213752
213753
213754
213756
213757
213758
213760
213761
213762
213763
213764
213765
213766
213767
213768
213769
213770
213773
213774
213776
213777
213778
213779
213780
213782
213783
213784
213785
213786
213787
213788
213789
213790
213792
213793
213794
213795
213798
213799
213800
213801
213802
213803
213804
213805
213806
213807
213808
213809
213810
213815
213816
213817
213820
213821
213822
213823
213824
213827
213828
213829
213830
213832
213833
213835
213837
213838
213839
213840
213841
213842
213844
213845
213846
213849
213850
213852
213853
213854
213855
213856
213857
213858
213859
213860
213862
213867
213868
213870
213872
213873
213874
213875
213876
213877
213878
213879
213881
213882
213883
213884
213885
213886
213887
213891
213892
213894
213895
213897
213899
213900
213901
213902
213903
213905
213906
213908
213909
213911
213912
213913
213915
213916
213917
213918
213920
213925
213927
213931
213932
213933
213934
213935
213936
213937
213938
213939
213941
213942
213943
213944
213946
213947
213949
213950
213951
213952
213954
213956
213957
213958
213959
213960
213961
213962
213963
213964
213965
213967
213968
213969
213970
213971
213973
213974
213976
213977
213980
213982
213983
213984
213985
213986
213987
213988
213989
213990
213991
213992
213993
213994
213996
213997
213998
213999
214001
214003
214006
214009
214011
214015
214016
214017
214018
214019
214020
214022
214023
214024
214025
214026
214028
214032
214033
214034
214035
214037
214038
214039
214041
214042
214043
214044
214046
214047
214049
214050
214051
214052
214053
214054
214055
214056
214057
214059
214061
214062
214063
214064
214066
214067
214069
214072
214073
214075
214076
214077
214078
214079
214081
214082
214084
214085
214086
214089
214091
214095
214096
214097
214099
214100
214103
214104
214106
214107
214108
214109
214110
214111
214112
214113
214114
214116
214117
214120
214121
214122
214123
214124
214125
214126
214127
214128
214129
214130
214131
214132
214133
214135
214136
214137
214138
214139
214140
214141
214144
214145
214146
214147
214148
214149
214150
214153
214155
214156
214160
214161
214162
214163
214164
214167
214171
214174
214175
214180
214182
214183
214184
214185
214186
214187
214188
214189
214190
214191
214192
214193
214195
214196
214197
214200
214201
214202
214204
214205
214206
214208
214209
214210
214213
214214
214219
214221
214224
214227
214230
214231
214232
214235
214237
214240
214241
214243
214246
214247
214248
214249
214250
214252
214253
214254
214255
214256
214257
214258
214260
214264
214266
214267
214268
214270
214271
214273
214274
214275
214276
214277
214278
214279
214280
214281
214282
214283
214284
214285
214286
214287
214288
214289
214290
214291
214292
214293
214294
214296
214297
214298
214299
214300
214301
214303
214305
214306
214307
214308
214309
214311
214312
214313
214314
214315
214316
214317
214318
214319
214320
214321
214322
214323
214325
214326
214329
214330
214332
214333
214334
214335
214336
214337
214338
214339
214342
214344
214346
214347
214348
214349
214350
214351
214352
214353
214355
214356
214357
214358
214360
214362
214363
214364
214366
214367
214368
214370
214371
214372
214373
214374
214375
214377
214379
214381
214382
214385
214386
214387
214388
214390
214391
214393
214394
214395
214396
214397
214398
214399
214400
214402
214403
214404
214405
214406
214407
214411
214412
214413
214415
214416
214418
214419
214421
214423
214428
214429
214432
214433
214434
214436
214438
214440
214441
214443
214444
214445
214446
214447
214449
214450
214452
214453
214454
214457
214458
214459
214460
214461
214462
214465
214466
214467
214468
214469
214471
214472
214473
214474
214475
214477
214478
214479
214480
214481
214482
214484
214485
214486
214488
214489
214493
214494
214495
214499
214501
214503
214505
214507
214509
214510
214516
214517
214518
214519
214520
214521
214522
214523
214524
214525
214526
214527
214528
214529
214530
214531
214533
214534
214535
214538
214540
214544
214546
214547
214551
214552
214553
214554
214555
214556
214558
214559
214561
214564
214565
214566
214567
214568
214569
214570
214574
214575
214576
214578
214579
214580
214582
214583
214584
214585
214586
214587
214588
214589
214591
214592
214593
214594
214595
214597
214598
214599
214600
214602
214603
214604
214605
214606
214607
214608
214609
214610
214612
214614
214616
214617
214619
214620
214623
214624
214625
214626
214628
214631
214633
214636
214637
214639
214641
214643
214644
214645
214647
214648
214649
214650
214652
214653
214654
214655
214656
214659
214660
214661
214662
214663
214665
214666
214667
214668
214669
214670
214672
214674
214677
214678
214680
214681
214684
214685
214686
214687
214688
214690
214691
214692
214693
214694
214695
214696
214697
214698
214701
214703
214704
214705
214706
214710
214711
214713
214714
214716
214717
214718
214720
214721
214722
214723
214724
214725
214726
214728
214729
214730
214733
214734
214735
214736
214737
214738
214739
214740
214741
214743
214744
214745
214746
214747
214749
214750
214752
214753
214754
214757
214758
214761
214763
214764
214765
214766
214767
214769
214770
214771
214772
214774
214775
214776
214777
214778
214779
214781
214782
214783
214785
214786
214787
214788
214789
214791
214792
214793
214794
214795
214796
214797
214799
214803
214805
214806
214808
214809
214810
214811
214812
214813
214815
214816
214817
214818
214819
214820
214822
214823
214824
214825
214826
214827
214828
214830
214831
214832
214836
214837
214840
214841
214842
214847
214848
214849
214850
214853
214854
214855
214856
214857
214858
214859
214860
214861
214862
214866
214867
214868
214870
214871
214872
214874
214875
214877
214878
214880
214881
214883
214884
214885
214886
214888
214889
214893
214894
214895
214896
214897
214898
214899
214900
214902
214903
214904
214905
214906
214907
214909
214910
214911
214912
214913
214914
214915
214916
214918
214919
214920
214921
214922
214923
214924
214925
214926
214928
214929
214930
214931
214932
214933
214934
214937
214938
214939
214940
214941
214942
214943
214944
214945
214947
214948
214949
214950
214952
214954
214955
214957
214959
214961
214962
214964
214965
214966
214967
214968
214969
214971
214972
214973
214976
214977
214978
214979
214980
214981
214983
214986
214989
214990
214991
214992
214993
214995
214996
214997
214998
214999
215000
215002
215003
215004
215005
215007
215008
215009
215010
215012
215013
215014
215015
215016
215018
215019
215022
215023
215025
215027
215029
215030
215033
215035
215036
215037
215039
215040
215041
215042
215043
215045
215046
215047
215048
215049
215050
215051
215052
215053
215058
215059
215060
215061
215062
215063
215064
215066
215067
215068
215069
215070
215071
215072
215073
215074
215075
215076
215077
215078
215080
215081
215082
215083
215084
215085
215086
215087
215088
215090
215091
215092
215094
215095
215097
215098
215099
215100
215102
215104
215105
215108
215109
215111
215112
215113
215114
215116
215117
215118
215119
215122
215124
215125
215126
215127
215130
215134
215135
215136
215138
215139
215140
215142
215143
215146
215147
215148
215153
215154
215155
215157
215158
215159
215160
215161
215164
215165
215166
215169
215170
215171
215172
215173
215175
215177
215178
215179
215180
215181
215183
215184
215185
215186
215187
215190
215191
215192
215193
215194
215195
215196
215198
215202
215203
215204
215205
215206
215207
215208
215210
215211
215212
215214
215215
215216
215217
215218
215220
215222
215224
215226
215230
215232
215234
215235
215237
215238
215240
215241
215242
215244
215245
215246
215247
215248
215250
215251
215252
215253
215254
215256
215257
215258
215259
215260
215262
215266
215267
215268
215271
215272
215273
215274
215275
215276
215280
215281
215282
215283
215284
215286
215287
215288
215289
215290
215291
215292
215293
215294
215295
215297
215298
215299
215300
215301
215303
215304
215305
215306
215307
215308
215309
215310
215311
215313
215314
215315
215316
215317
215320
215321
215323
215325
215326
215327
215328
215329
215330
215333
215336
215338
215339
215343
215344
215345
215347
215348
215350
215351
215352
215353
215354
215356
215357
215358
215360
215363
215365
215366
215367
215369
215370
215371
215372
215373
215374
215376
215377
215378
215379
215380
215381
215382
215383
215384
215385
215386
215387
215388
215390
215391
215392
215393
215395
215396
215397
215398
215399
215400
215401
215402
215403
215404
215405
215406
215408
215409
215411
215412
215413
215414
215416
215417
215419
215420
215421
215422
215423
215424
215426
215427
215428
215429
215430
215431
215432
215433
215434
215435
215437
215438
215439
215440
215441
215443
215444
215445
215447
215449
215450
215452
215453
215454
215455
215456
215457
215458
215460
215461
215462
215464
215465
215467
215468
215471
215473
215475
215480
215481
215482
215483
215485
215486
215487
215488
215489
215490
215491
215492
215493
215494
215495
215496
215497
215498
215499
215502
215503
215504
215505
215506
215508
215509
215511
215512
215513
215514
215515
215516
215518
215520
215521
215522
215523
215524
215525
215528
215529
215531
215532
215533
215534
215535
215536
215537
215538
215539
215540
215544
215545
215546
215547
215548
215549
215550
215552
215553
215554
215556
215557
215558
215561
215562
215563
215564
215565
215566
215568
215569
215570
215571
215575
215576
215577
215580
215581
215582
215584
215585
215586
215587
215589
215590
215591
215592
215593
215594
215595
215597
215598
215599
215600
215601
215602
215603
215604
215605
215606
215607
215608
215609
215610
215611
215612
215613
215614
215615
215616
215617
215618
215619
215620
215621
215622
215623
215625
215626
215627
215628
215629
215630
215631
215632
215635
215636
215637
215638
215639
215641
215642
215643
215644
215645
215646
215648
215649
215650
215651
215652
215654
215658
215659
215661
215662
215663
215664
215665
215666
215667
215668
215669
215671
215672
215673
215674
215675
215676
215677
215679
215680
215681
215682
215683
215685
215686
215687
215688
215690
215691
215692
215693
215695
215696
215698
215699
215700
215701
215702
215704
215705
215706
215707
215709
215710
215712
215714
215715
215716
215717
215718
215720
215721
215722
215723
215724
215725
215726
215728
215730
215732
215735
215736
215737
215738
215739
215740
215741
215742
215743
215744
215746
215747
215748
215749
215750
215751
215752
215753
215754
215755
215756
215758
215759
215760
215761
215762
215763
215764
215765
215766
215768
215769
215770
215774
215775
215776
215779
215781
215783
215784
215785
215786
215787
215788
215791
215792
215793
215794
215795
215796
215797
215798
215799
215800
215801
215802
215804
215807
215810
215811
215813
215814
215816
215817
215818
215819
215821
215823
215824
215825
215826
215827
215828
215829
215830
215831
215832
215835
215836
215838
215839
215843
215845
215846
215847
215848
215852
215854
215855
215856
215857
215859
215860
215861
215864
215865
215866
215867
215868
215869
215872
215875
215876
215877
215878
215879
215880
215883
215884
215885
215886
215889
215891
215892
215894
215895
215896
215897
215898
215899
215900
215902
215906
215908
215909
215910
215911
215913
215914
215915
215916
215918
215920
215921
215922
215923
215924
215925
215926
215927
215928
215929
215931
215932
215933
215934
215935
215936
215938
215939
215940
215941
215942
215943
215944
215945
215947
215948
215949
215950
215951
215952
215955
215956
215959
215961
215964
215966
215969
215972
215973
215974
215976
215978
215979
215980
215981
215982
215983
215986
215987
215988
215989
215991
215993
215994
215995
215996
215997
215998
215999
216001
216002
216003
216004
216005
216006
216007
216010
216011
216014
216015
216016
216017
216018
216019
216020
216022
216023
216024
216026
216027
216030
216031
216035
216036
216037
216038
216039
216041
216042
216044
216045
216046
216047
216048
216049
216050
216051
216052
216053
216054
216056
216057
216058
216059
216060
216061
216062
216063
216065
216068
216069
216070
216071
216073
216074
216075
216076
216077
216078
216079
216080
216081
216082
216083
216084
216085
216086
216087
216088
216089
216090
216091
216092
216093
216094
216095
216097
216099
216100
216102
216104
216105
216106
216107
216108
216110
216111
216113
216114
216116
216118
216119
216120
216121
216122
216124
216125
216127
216131
216132
216133
216134
216135
216136
216138
216139
216140
216142
216143
216144
216147
216148
216149
216150
216152
216153
216156
216158
216159
216160
216161
216162
216164
216166
216167
216168
216169
216170
216171
216173
216174
216178
216179
216181
216182
216183
216184
216185
216186
216187
216188
216189
216190
216191
216192
216194
216195
216196
216198
216199
216200
216201
216202
216203
216205
216206
216209
216210
216211
216213
216215
216216
216217
216218
216219
216220
216221
216222
216224
216225
216227
216228
216229
216230
216232
216233
216235
216236
216237
216239
216242
216243
216244
216245
216246
216247
216251
216254
216255
216256
216259
216260
216261
216262
216264
216265
216266
216267
216268
216269
216270
216271
216274
216275
216276
216277
216278
216279
216280
216281
216282
216283
216284
216285
216287
216290
216294
216295
216296
216297
216298
216301
216302
216303
216304
216306
216308
216310
216311
216312
216313
216315
216317
216319
216320
216321
216322
216323
216324
216325
216326
216327
216331
216332
216333
216334
216335
216336
216338
216339
216340
216341
216343
216344
216345
216347
216349
216350
216351
216352
216353
216354
216355
216356
216357
216358
216360
216361
216362
216365
216367
216368
216369
216370
216371
216373
216374
216375
216376
216379
216382
216384
216385
216387
216388
216389
216390
216391
216392
216393
216394
216396
216399
216401
216403
216405
216406
216407
216408
216410
216411
216412
216413
216414
216415
216418
216420
216422
216424
216425
216428
216429
216430
216432
216434
216436
216437
216438
216439
216443
216444
216446
216447
216448
216450
216451
216454
216455
216456
216457
216458
216460
216461
216463
216465
216466
216467
216468
216471
216473
216474
216475
216476
216477
216478
216479
216481
216485
216487
216488
216490
216493
216494
216496
216497
216499
216500
216501
216503
216504
216506
216507
216508
216509
216510
216512
216513
216514
216515
216516
216517
216518
216520
216521
216524
216525
216526
216527
216530
216532
216534
216535
216536
216537
216538
216540
216544
216545
216546
216547
216548
216550
216553
216554
216555
216557
216558
216559
216560
216561
216564
216565
216566
216567
216568
216570
216571
216572
216574
216576
216577
216578
216579
216580
216581
216582
216583
216584
216585
216586
216587
216588
216589
216590
216591
216592
216593
216594
216595
216596
216597
216599
216601
216602
216603
216605
216606
216607
216608
216609
216610
216611
216612
216613
216616
216618
216619
216620
216621
216622
216623
216624
216625
216628
216629
216630
216632
216636
216637
216641
216642
216643
216644
216645
216646
216647
216648
216649
216650
216651
216652
216653
216654
216655
216656
216658
216659
216660
216661
216662
216663
216664
216666
216669
216670
216671
216672
216673
216674
216675
216676
216677
216679
216680
216681
216682
216683
216685
216686
216687
216688
216691
216692
216693
216697
216698
216699
216700
216701
216703
216704
216706
216708
216709
216710
216712
216713
216715
216717
216718
216719
216721
216722
216723
216724
216725
216726
216729
216731
216732
216733
216734
216735
216736
216737
216738
216739
216742
216743
216744
216745
216746
216747
216748
216749
216750
216752
216753
216754
216755
216756
216757
216758
216759
216760
216761
216762
216763
216764
216765
216766
216767
216769
216770
216771
216774
216776
216778
216779
216780
216781
216783
216786
216787
216788
216789
216790
216791
216792
216793
216794
216797
216798
216799
216800
216802
216804
216805
216806
216807
216809
216811
216814
216815
216816
216818
216819
216821
216822
216824
216825
216826
216829
216830
216831
216833
216834
216835
216836
216837
216838
216839
216840
216841
216842
216843
216844
216845
216846
216849
216850
216852
216853
216856
216857
216858
216859
216861
216862
216863
216865
216866
216867
216869
216870
216871
216872
216873
216874
216875
216878
216879
216880
216884
216885
216886
216887
216888
216889
216892
216894
216895
216896
216897
216899
216900
216901
216902
216906
216908
216909
216910
216911
216912
216913
216915
216916
216918
216919
216920
216921
216922
216925
216926
216927
216928
216930
216931
216933
216934
216935
216936
216937
216938
216939
216940
216941
216942
216943
216944
216945
216946
216947
216948
216949
216950
216951
216952
216953
216954
216955
216956
216958
216959
216960
216961
216965
216967
216968
216969
216971
216972
216973
216974
216976
216977
216978
216979
216981
216983
216987
216988
216990
216991
216992
216993
216994
216995
216996
216997
216998
216999
217000
217002
217003
217004
217006
217008
217010
217011
217012
217014
217015
217016
217017
217019
217021
217022
217023
217024
217026
217028
217031
217032
217033
217034
217035
217036
217037
217038
217041
217042
217043
217044
217045
217046
217048
217049
217051
217053
217054
217055
217057
217058
217060
217061
217062
217063
217064
217065
217067
217069
217070
217071
217073
217076
217078
217079
217080
217081
217082
217083
217084
217086
217088
217092
217093
217094
217095
217096
217097
217098
217099
217100
217102
217104
217106
217108
217109
217110
217114
217117
217118
217119
217120
217122
217123
217126
217127
217128
217129
217130
217131
217132
217133
217134
217135
217136
217137
217138
217139
217141
217142
217143
217144
217145
217146
217147
217150
217151
217152
217153
217154
217155
217156
217158
217159
217160
217161
217162
217163
217164
217165
217168
217169
217170
217171
217172
217173
217174
217175
217178
217179
217180
217182
217183
217184
217186
217189
217190
217191
217194
217195
217196
217197
217198
217199
217200
217201
217202
217204
217205
217207
217209
217210
217211
217213
217214
217217
217221
217222
217223
217224
217225
217227
217229
217230
217231
217235
217236
217239
217240
217241
217242
217244
217245
217246
217247
217248
217252
217254
217255
217256
217258
217259
217260
217261
217264
217266
217267
217268
217269
217270
217272
217273
217274
217275
217276
217277
217278
217279
217280
217281
217282
217283
217284
217286
217287
217288
217289
217290
217292
217294
217295
217296
217297
217298
217299
217300
217301
217302
217303
217305
217308
217309
217312
217313
217314
217316
217317
217319
217321
217322
217323
217324
217326
217328
217329
217331
217333
217335
217336
217337
217338
217339
217340
217348
217349
217350
217352
217353
217355
217356
217358
217359
217360
217361
217362
217363
217364
217366
217368
217369
217370
217371
217373
217374
217375
217376
217378
217379
217380
217381
217382
217383
217385
217386
217388
217392
217394
217395
217396
217398
217399
217400
217401
217402
217403
217404
217409
217410
217411
217412
217414
217415
217416
217417
217420
217421
217422
217423
217424
217425
217426
217427
217431
217432
217433
217435
217437
217438
217439
217443
217445
217446
217447
217448
217449
217451
217452
217453
217454
217455
217456
217457
217459
217460
217461
217463
217464
217470
217472
217473
217474
217476
217478
217480
217481
217482
217487
217489
217490
217494
217495
217496
217498
217499
217500
217501
217502
217503
217505
217506
217507
217508
217509
217510
217511
217512
217513
217514
217515
217516
217517
217518
217520
217522
217523
217525
217526
217527
217528
217529
217531
217532
217533
217534
217535
217536
217537
217538
217539
217540
217541
217544
217545
217546
217547
217550
217552
217553
217554
217555
217556
217557
217558
217559
217560
217561
217562
217563
217564
217567
217568
217569
217570
217576
217578
217581
217582
217583
217584
217587
217588
217589
217590
217591
217592
217593
217594
217595
217597
217598
217599
217600
217602
217603
217604
217605
217608
217609
217611
217614
217615
217616
217617
217618
217621
217622
217624
217625
217626
217627
217629
217631
217633
217635
217637
217638
217639
217642
217643
217644
217646
217648
217652
217657
217658
217659
217662
217666
217667
217669
217671
217673
217675
217676
217677
217678
217679
217680
217681
217684
217685
217686
217687
217688
217690
217692
217693
217694
217695
217696
217698
217699
217701
217702
217704
217705
217706
217708
217709
217711
217713
217715
217718
217719
217720
217721
217722
217723
217724
217725
217726
217727
217728
217730
217731
217733
217735
217736
217738
217739
217740
217741
217742
217744
217745
217746
217747
217749
217750
217752
217753
217755
217757
217758
217759
217760
217761
217763
217764
217765
217766
217767
217768
217769
217770
217771
217772
217775
217776
217777
217778
217779
217780
217781
217782
217783
217784
217785
217786
217787
217788
217789
217790
217791
217792
217793
217794
217797
217798
217799
217800
217801
217802
217803
217804
217805
217808
217809
217810
217811
217812
217813
217814
217817
217819
217820
217821
217822
217823
217826
217827
217828
217830
217832
217835
217838
217840
217841
217843
217844
217845
217847
217848
217849
217850
217852
217854
217855
217858
217859
217860
217861
217864
217865
217866
217868
217869
217870
217871
217872
217873
217874
217876
217877
217881
217882
217887
217889
217890
217892
217893
217894
217896
217897
217898
217899
217900
217901
217903
217905
217906
217907
217908
217909
217911
217913
217914
217915
217917
217918
217919
217921
217923
217924
217925
217926
217927
217928
217929
217930
217931
217933
217934
217936
217937
217938
217939
217940
217941
217942
217943
217946
217947
217948
217950
217951
217953
217954
217955
217957
217958
217959
217960
217961
217962
217963
217965
217966
217968
217969
217970
217971
217973
217974
217976
217977
217978
217979
217980
217982
217983
217984
217985
217986
217987
217988
217989
217990
217991
217994
217995
217998
218000
218001
218002
218003
218007
218008
218009
218010
218011
218012
218013
218014
218016
218020
218022
218023
218024
218029
218030
218031
218032
218033
218034
218036
218037
218038
218040
218041
218045
218046
218047
218048
218051
218052
218053
218054
218055
218056
218057
218058
218059
218060
218062
218064
218065
218068
218071
218073
218074
218076
218077
218078
218079
218081
218083
218084
218085
218087
218088
218090
218091
218092
218093
218094
218095
218096
218097
218098
218099
218100
218101
218102
218103
218104
218105
218106
218107
218108
218111
218112
218113
218114
218115
218116
218118
218119
218120
218123
218124
218125
218126
218127
218128
218129
218130
218131
218132
218133
218134
218135
218136
218137
218138
218140
218141
218142
218143
218145
218147
218149
218150
218151
218152
218153
218154
218155
218158
218159
218160
218161
218162
218164
218165
218166
218167
218168
218169
218170
218171
218175
218177
218182
218183
218184
218185
218186
218187
218189
218190
218192
218193
218195
218196
218197
218198
218199
218200
218201
218202
218203
218205
218207
218210
218211
218212
218213
218214
218215
218216
218218
218219
218220
218221
218222
218225
218227
218228
218229
218230
218231
218232
218235
218237
218240
218242
218244
218246
218248
218249
218250
218252
218253
218254
218255
218256
218258
218259
218261
218262
218263
218264
218265
218266
218267
218268
218269
218272
218273
218275
218276
218277
218279
218281
218282
218283
218286
218287
218288
218289
218290
218292
218293
218294
218295
218296
218297
218298
218302
218303
218304
218305
218307
218308
218309
218310
218311
218312
218315
218316
218317
218318
218319
218320
218321
218322
218324
218325
218326
218327
218328
218329
218330
218331
218332
218333
218336
218337
218338
218339
218341
218342
218343
218344
218345
218346
218348
218349
218350
218351
218352
218353
218354
218355
218357
218358
218359
218360
218361
218365
218366
218367
218368
218369
218370
218371
218373
218374
218375
218376
218378
218380
218381
218383
218384
218385
218386
218387
218389
218390
218391
218394
218395
218396
218399
218400
218404
218406
218407
218408
218410
218412
218413
218416
218417
218418
218419
218420
218421
218423
218425
218427
218428
218429
218430
218432
218434
218435
218436
218438
218439
218440
218441
218443
218444
218445
218446
218447
218448
218449
218452
218453
218454
218457
218458
218463
218464
218465
218466
218467
218468
218470
218472
218473
218474
218475
218476
218480
218482
218483
218486
218487
218488
218490
218491
218493
218494
218495
218496
218497
218498
218499
218500
218501
218502
218503
218504
218505
218507
218508
218509
218510
218511
218512
218513
218514
218516
218517
218518
218519
218521
218522
218523
218525
218526
218527
218528
218529
218531
218533
218534
218535
218536
218537
218538
218539
218540
218544
218545
218548
218551
218552
218553
218554
218555
218556
218557
218558
218559
218560
218561
218562
218563
218565
218566
218567
218568
218569
218570
218571
218572
218573
218575
218576
218577
218578
218579
218580
218581
218582
218583
218584
218585
218587
218592
218593
218594
218595
218597
218600
218602
218603
218604
218605
218607
218608
218611
218612
218613
218614
218615
218616
218617
218619
218620
218621
218624
218625
218626
218629
218630
218632
218633
218634
218636
218637
218638
218639
218640
218641
218642
218643
218644
218645
218646
218647
218649
218650
218652
218653
218654
218655
218656
218658
218659
218660
218662
218663
218664
218665
218666
218667
218669
218672
218674
218675
218676
218678
218679
218680
218681
218682
218683
218685
218686
218687
218688
218689
218690
218691
218694
218697
218698
218699
218700
218701
218702
218705
218706
218707
218708
218709
218710
218711
218713
218714
218716
218718
218719
218720
218721
218722
218723
218724
218725
218726
218727
218728
218730
218731
218732
218734
218735
218737
218738
218739
218740
218744
218747
218748
218749
218750
218751
218752
218753
218755
218756
218757
218758
218759
218760
218761
218762
218763
218767
218768
218771
218772
218774
218775
218776
218778
218780
218782
218783
218784
218785
218787
218788
218789
218790
218791
218792
218793
218794
218795
218796
218797
218798
218799
218800
218801
218802
218803
218805
218806
218809
218810
218812
218813
218814
218815
218816
218817
218818
218819
218820
218821
218822
218823
218824
218825
218826
218827
218829
218830
218831
218833
218834
218835
218836
218837
218838
218841
218842
218843
218844
218845
218846
218847
218848
218849
218850
218851
218852
218853
218854
218855
218856
218857
218858
218859
218860
218861
218862
218864
218865
218866
218867
218868
218869
218870
218871
218872
218874
218875
218877
218878
218879
218880
218881
218882
218883
218884
218885
218886
218887
218888
218889
218890
218891
218892
218893
218895
218896
218897
218899
218900
218901
218902
218903
218905
218906
218909
218910
218911
218912
218913
218914
218915
218917
218918
218920
218921
218922
218923
218924
218926
218928
218929
218930
218931
218932
218934
218936
218937
218938
218941
218942
218943
218945
218947
218948
218949
218950
218951
218952
218953
218954
218957
218960
218961
218962
218963
218964
218965
218966
218967
218969
218970
218972
218974
218976
218979
218980
218981
218984
218985
218986
218987
218988
218989
218990
218991
218992
218993
218994
218996
218997
218998
218999
219000
219001
219002
219003
219004
219005
219008
219015
219016
219017
219018
219019
219020
219023
219024
219025
219026
219027
219028
219029
219030
219031
219032
219033
219035
219036
219037
219038
219039
219041
219042
219045
219046
219047
219048
219049
219050
219051
219052
219053
219055
219056
219058
219059
219060
219061
219062
219063
219064
219066
219067
219069
219072
219073
219074
219075
219076
219077
219078
219080
219081
219082
219085
219087
219088
219089
219090
219091
219095
219096
219098
219099
219100
219102
219103
219104
219105
219106
219107
219108
219109
219110
219111
219112
219113
219115
219116
219117
219120
219121
219122
219123
219124
219126
219127
219128
219129
219130
219131
219132
219133
219134
219138
219142
219144
219145
219146
219147
219148
219149
219150
219151
219152
219153
219154
219155
219156
219157
219159
219160
219161
219162
219163
219164
219165
219167
219168
219169
219170
219172
219173
219174
219175
219177
219178
219179
219180
219181
219182
219183
219184
219185
219186
219187
219188
219189
219190
219191
219194
219195
219196
219197
219198
219199
219200
219201
219202
219203
219204
219205
219208
219211
219212
219213
219214
219215
219216
219218
219220
219221
219223
219224
219225
219226
219227
219228
219229
219230
219231
219232
219233
219234
219235
219237
219238
219239
219240
219241
219242
219243
219245
219246
219247
219248
219249
219250
219251
219252
219253
219254
219255
219256
219257
219259
219260
219261
219262
219265
219266
219267
219268
219269
219271
219272
219273
219274
219275
219277
219278
219281
219283
219284
219287
219288
219290
219291
219292
219295
219298
219302
219304
219305
219306
219307
219308
219309
219310
219312
219313
219314
219315
219317
219324
219325
219326
219327
219329
219334
219335
219336
219338
219339
219340
219341
219342
219343
219344
219345
219347
219348
219349
219350
219351
219352
219353
219354
219355
219356
219357
219359
219360
219361
219362
219363
219365
219366
219367
219368
219369
219370
219371
219372
219373
219374
219375
219376
219377
219378
219379
219380
219381
219382
219383
219384
219385
219386
219388
219389
219390
219391
219392
219394
219395
219396
219397
219398
219399
219400
219401
219402
219403
219404
219405
219406
219407
219408
219409
219411
219412
219414
219415
219416
219417
219418
219419
219420
219421
219422
219423
219424
219425
219428
219429
219430
219431
219432
219433
219437
219438
219440
219441
219442
219443
219444
219445
219446
219447
219449
219451
219452
219453
219454
219456
219457
219458
219459
219460
219461
219462
219464
219465
219468
219470
219471
219472
219473
219474
219475
219476
219477
219479
219480
219481
219482
219483
219484
219485
219486
219488
219489
219490
219491
219492
219493
219494
219495
219496
219497
219498
219499
219500
219501
219502
219504
219505
219506
219508
219509
219510
219511
219512
219513
219514
219515
219516
219517
219519
219520
219521
219522
219524
219525
219526
219529
219530
219531
219533
219534
219536
219537
219538
219540
219541
219543
219545
219546
219547
219548
219550
219552
219554
219555
219556
219557
219558
219560
219561
219562
219564
219565
219566
219567
219568
219569
219570
219571
219572
219573
219574
219575
219576
219577
219578
219579
219580
219581
219582
219585
219586
219588
219589
219591
219592
219595
219596
219597
219598
219599
219600
219601
219602
219603
219604
219605
219606
219607
219609
219610
219612
219613
219614
219618
219619
219620
219621
219623
219624
219625
219626
219627
219628
219629
219630
219631
219632
219635
219636
219637
219638
219640
219641
219642
219644
219645
219646
219647
219648
219650
219653
219654
219656
219657
219658
219661
219662
219663
219664
219665
219666
219667
219668
219669
219670
219671
219672
219673
219676
219677
219678
219679
219680
219681
219685
219686
219687
219688
219689
219691
219692
219693
219694
219695
219696
219698
219699
219700
219701
219702
219704
219705
219707
219709
219710
219711
219712
219713
219714
219715
219716
219718
219719
219720
219721
219722
219723
219724
219726
219727
219728
219729
219730
219731
219732
219733
219734
219735
219736
219738
219739
219741
219742
219744
219745
219746
219747
219748
219749
219750
219751
219752
219753
219754
219755
219757
219758
219759
219760
219761
219762
219763
219764
219765
219766
219767
219768
219769
219770
219771
219774
219776
219777
219782
219783
219784
219785
219786
219790
219791
219792
219793
219794
219795
219796
219797
219798
219799
219800
219801
219802
219804
219806
219807
219810
219811
219815
219816
219817
219818
219819
219821
219822
219823
219824
219825
219826
219828
219830
219831
219832
219836
219838
219839
219840
219841
219842
219843
219845
219846
219847
219848
219850
219851
219852
219853
219854
219855
219856
219858
219859
219860
219862
219863
219865
219868
219870
219871
219872
219873
219875
219882
219884
219885
219886
219887
219888
219891
219893
219894
219895
219899
219900
219903
219906
219910
219911
219912
219913
219915
219916
219919
219924
219926
219927
219928
219930
219933
219934
219935
219937
219938
219939
219943
219945
219947
219948
219949
219950
219951
219952
219955
219956
219957
219959
219960
219962
219963
219964
219967
219968
219969
219970
219973
219975
219976
219977
219978
219979
219981
219982
219983
219984
219985
219986
219987
219988
219989
219990
219991
219993
219994
219995
219996
219997
220000
220001
220002
220003
220004
220005
220006
220007
220008
220010
220011
220012
220013
220014
220015
220016
220017
220018
220020
220022
220023
220024
220025
220026
220027
220028
220029
220030
220031
220032
220033
220034
220035
220036
220038
220039
220040
220041
220042
220044
220046
220047
220049
220050
220052
220054
220055
220056
220057
220058
220060
220061
220062
220063
220064
220065
220067
220068
220069
220070
220071
220072
220073
220075
220076
220077
220078
220079
220080
220081
220082
220083
220084
220088
220089
220090
220091
220092
220093
220098
220099
220100
220101
220102
220104
220105
220106
220107
220108
220110
220111
220112
220113
220114
220115
220117
220118
220119
220120
220121
220122
220123
220126
220127
220128
220129
220130
220131
220132
220134
220135
220136
220137
220139
220140
220142
220145
220147
220148
220149
220150
220151
220152
220153
220155
220156
220157
220158
220159
220161
220162
220163
220164
220165
220166
220167
220168
220169
220170
220171
220172
220174
220175
220177
220178
220180
220181
220182
220184
220185
220186
220187
220188
220189
220190
220193
220194
220195
220196
220197
220200
220201
220203
220204
220206
220207
220208
220209
220210
220211
220212
220213
220214
220215
220217
220218
220221
220222
220223
220224
220225
220226
220227
220229
220231
220233
220234
220236
220237
220239
220240
220241
220243
220246
220247
220248
220250
220252
220255
220259
220260
220261
220263
220264
220265
220267
220268
220270
220273
220274
220276
220277
220278
220279
220280
220281
220282
220284
220285
220286
220287
220288
220289
220290
220291
220292
220293
220294
220295
220296
220297
220298
220300
220301
220302
220303
220304
220306
220307
220308
220310
220314
220316
220317
220321
220322
220323
220325
220326
220327
220328
220329
220331
220334
220337
220339
220340
220341
220344
220345
220347
220348
220349
220352
220353
220354
220357
220358
220359
220361
220363
220364
220366
220367
220368
220369
220370
220371
220372
220373
220374
220376
220377
220378
220379
220380
220381
220384
220385
220386
220388
220389
220390
220391
220392
220394
220395
220396
220398
220399
220400
220401
220402
220404
220405
220406
220407
220409
220410
220411
220412
220413
220414
220415
220416
220417
220418
220421
220422
220423
220424
220425
220426
220427
220428
220429
220430
220431
220433
220435
220436
220439
220440
220442
220443
220444
220445
220446
220447
220448
220449
220451
220453
220454
220455
220456
220457
220458
220459
220460
220461
220462
220463
220464
220466
220467
220468
220469
220470
220471
220472
220473
220474
220478
220480
220481
220482
220484
220485
220487
220488
220491
220492
220493
220494
220496
220497
220498
220499
220500
220501
220502
220503
220504
220505
220506
220507
220509
220511
220512
220513
220514
220515
220518
220519
220520
220522
220523
220524
220525
220526
220527
220528
220532
220533
220534
220537
220538
220539
220542
220544
220546
220547
220549
220550
220556
220557
220558
220559
220560
220561
220562
220563
220564
220566
220567
220568
220572
220573
220576
220577
220580
220581
220582
220583
220585
220586
220587
220588
220589
220591
220592
220595
220596
220597
220598
220599
220608
220609
220610
220611
220613
220614
220615
220617
220618
220619
220620
220621
220622
220623
220625
220626
220630
220631
220632
220636
220637
220638
220641
220643
220644
220646
220647
220648
220649
220650
220651
220652
220653
220654
220656
220657
220659
220660
220661
220662
220663
220664
220665
220666
220667
220670
220671
220672
220673
220674
220675
220676
220677
220678
220679
220680
220681
220684
220685
220686
220687
220688
220690
220691
220692
220694
220695
220696
220697
220698
220700
220702
220704
220705
220706
220708
220710
220714
220715
220716
220719
220720
220721
220722
220725
220726
220728
220729
220730
220732
220733
220735
220736
220737
220738
220739
220740
220741
220742
220743
220744
220745
220746
220747
220748
220750
220751
220752
220753
220754
220755
220756
220757
220758
220761
220763
220764
220765
220766
220767
220769
220770
220772
220774
220775
220776
220779
220781
220782
220783
220784
220785
220786
220787
220788
220793
220794
220796
220797
220799
220801
220803
220804
220806
220807
220808
220810
220811
220812
220813
220814
220816
220817
220818
220820
220821
220822
220825
220826
220827
220828
220829
220830
220831
220832
220833
220836
220837
220841
220843
220844
220846
220847
220848
220849
220851
220853
220854
220855
220856
220857
220858
220859
220861
220862
220863
220864
220865
220868
220869
220870
220872
220874
220881
220882
220885
220886
220887
220888
220889
220890
220891
220892
220893
220894
220895
220897
220898
220900
220901
220902
220903
220904
220905
220907
220908
220910
220911
220912
220913
220914
220915
220916
220917
220918
220919
220920
220921
220922
220923
220924
220925
220926
220927
220928
220929
220930
220931
220933
220935
220936
220938
220939
220940
220941
220942
220943
220944
220945
220946
220947
220949
220950
220952
220953
220956
220957
220960
220961
220964
220965
220966
220967
220968
220969
220970
220971
220972
220973
220975
220976
220977
220978
220980
220982
220983
220986
220988
220989
220990
220991
220993
220994
220996
220999
221001
221002
221003
221004
221006
221007
221008
221009
221010
221011
221012
221013
221014
221015
221016
221017
221018
221020
221022
221024
221026
221028
221029
221030
221032
221034
221035
221036
221037
221040
221041
221045
221046
221047
221048
221050
221051
221053
221054
221055
221056
221057
221058
221059
221060
221061
221062
221063
221064
221065
221069
221071
221072
221073
221074
221075
221076
221077
221078
221079
221080
221081
221082
221084
221086
221087
221088
221090
221091
221093
221094
221097
221098
221099
221101
221102
221105
221106
221107
221108
221109
221110
221111
221113
221114
221115
221116
221117
221118
221119
221120
221121
221124
221125
221126
221128
221129
221130
221131
221133
221134
221135
221136
221138
221139
221140
221142
221143
221145
221146
221147
221148
221149
221150
221151
221152
221153
221154
221155
221156
221157
221158
221159
221160
221161
221162
221163
221164
221165
221167
221168
221169
221170
221171
221172
221173
221174
221175
221177
221178
221179
221181
221182
221183
221184
221185
221186
221187
221188
221189
221190
221191
221192
221193
221194
221195
221196
221198
221199
221200
221201
221202
221203
221204
221205
221206
221208
221209
221210
221211
221212
221214
221215
221216
221220
221221
221222
221223
221225
221226
221227
221228
221229
221230
221232
221234
221235
221236
221237
221238
221239
221240
221241
221243
221244
221245
221247
221249
221250
221251
221253
221254
221255
221256
221257
221258
221259
221260
221261
221262
221263
221264
221265
221266
221267
221268
221269
221271
221272
221273
221274
221275
221277
221280
221281
221282
221283
221284
221285
221287
221288
221290
221291
221292
221293
221295
221296
221297
221299
221300
221301
221303
221305
221308
221309
221310
221311
221314
221315
221316
221317
221318
221319
221320
221321
221322
221323
221324
221325
221326
221327
221328
221329
221330
221331
221335
221337
221338
221342
221343
221345
221346
221347
221349
221350
221352
221353
221354
221356
221358
221359
221360
221361
221362
221364
221365
221366
221368
221369
221370
221372
221373
221374
221375
221376
221377
221378
221379
221380
221381
221385
221386
221387
221388
221389
221390
221392
221393
221395
221396
221398
221399
221400
221401
221402
221403
221404
221405
221409
221411
221412
221414
221415
221417
221418
221420
221421
221422
221423
221424
221425
221427
221431
221432
221433
221435
221436
221438
221439
221442
221443
221444
221446
221447
221448
221449
221451
221452
221453
221454
221457
221459
221460
221463
221464
221465
221466
221467
221468
221469
221470
221471
221472
221473
221474
221475
221476
221477
221478
221481
221482
221484
221485
221486
221488
221489
221490
221491
221493
221494
221496
221497
221499
221501
221502
221503
221505
221506
221507
221508
221509
221510
221511
221512
221513
221514
221515
221518
221519
221520
221521
221522
221523
221524
221525
221526
221528
221529
221530
221531
221532
221533
221534
221535
221536
221537
221538
221539
221541
221543
221544
221545
221546
221547
221548
221549
221550
221551
221552
221553
221554
221555
221556
221557
221558
221559
221560
221561
221562
221563
221564
221565
221567
221568
221569
221571
221572
221573
221574
221575
221576
221578
221579
221580
221581
221582
221583
221584
221585
221587
221588
221589
221590
221591
221592
221593
221594
221595
221596
221597
221598
221600
221601
221602
221603
221604
221605
221606
221608
221609
221610
221611
221613
221614
221615
221616
221617
221618
221619
221620
221621
221622
221623
221624
221626
221628
221634
221636
221638
221642
221643
221644
221648
221649
221650
221652
221653
221654
221656
221657
221659
221660
221662
221664
221666
221667
221668
221670
221671
221672
221673
221675
221677
221679
221680
221681
221684
221686
221687
221688
221689
221690
221691
221692
221694
221695
221696
221697
221699
221700
221701
221702
221703
221704
221705
221706
221707
221708
221711
221712
221713
221717
221718
221719
221721
221722
221723
221724
221725
221726
221727
221728
221731
221732
221733
221734
221736
221737
221738
221739
221740
221741
221742
221744
221745
221746
221747
221748
221750
221751
221753
221758
221759
221760
221761
221762
221763
221764
221765
221766
221767
221768
221769
221770
221771
221772
221773
221774
221776
221777
221779
221790
221791
221792
221794
221795
221796
221797
221798
221801
221802
221803
221804
221805
221806
221807
221808
221811
221814
221815
221817
221819
221820
221821
221822
221823
221824
221826
221827
221828
221829
221830
221831
221832
221835
221837
221838
221839
221842
221843
221844
221846
221847
221848
221849
221850
221852
221853
221854
221855
221857
221858
221859
221860
221861
221862
221863
221864
221866
221867
221868
221869
221870
221872
221873
221874
221876
221877
221878
221879
221880
221881
221882
221883
221884
221886
221887
221888
221889
221890
221891
221892
221893
221894
221895
221896
221897
221900
221901
221902
221904
221905
221918
221919
221920
221922
221923
221924
221925
221926
221927
221928
221931
221933
221934
221935
221936
221937
221938
221939
221940
221941
221943
221944
221945
221947
221948
221949
221951
221952
221953
221954
221955
221957
221958
221959
221960
221961
221962
221963
221964
221965
221966
221968
221969
221971
221972
221973
221974
221975
221977
221978
221979
221983
221984
221985
221986
221988
221989
221990
221993
221994
221996
221998
221999
222001
222002
222003
222005
222006
222007
222009
222011
222012
222013
222016
222017
222019
222020
222021
222022
222023
222025
222026
222027
222030
222032
222033
222034
222035
222039
222040
222041
222043
222044
222048
222052
222053
222054
222055
222057
222058
222060
222062
222064
222065
222066
222068
222069
222070
222071
222072
222074
222075
222076
222078
222080
222081
222082
222083
222084
222085
222086
222087
222088
222091
222092
222094
222095
222096
222098
222099
222100
222101
222102
222104
222105
222106
222107
222108
222109
222111
222113
222114
222115
222116
222118
222121
222122
222123
222124
222125
222126
222128
222129
222130
222131
222132
222133
222136
222137
222138
222140
222141
222142
222143
222144
222146
222147
222149
222150
222152
222154
222155
222156
222158
222159
222160
222161
222162
222163
222164
222166
222168
222170
222172
222174
222175
222176
222177
222180
222182
222183
222185
222187
222188
222193
222194
222195
222196
222197
222198
222200
222201
222202
222203
222204
222205
222208
222209
222210
222212
222213
222214
222216
222217
222218
222219
222222
222223
222224
222225
222226
222228
222232
222233
222235
222236
222240
222242
222243
222245
222246
222247
222248
222249
222250
222252
222253
222254
222255
222257
222258
222260
222261
222263
222264
222265
222267
222269
222271
222273
222274
222275
222276
222277
222279
222280
222281
222282
222284
222286
222287
222289
222290
222291
222292
222293
222294
222295
222296
222298
222300
222301
222302
222303
222304
222305
222306
222307
222308
222310
222311
222312
222313
222314
222315
222316
222318
222320
222321
222322
222323
222324
222326
222327
222329
222330
222331
222332
222333
222334
222335
222337
222338
222340
222341
222342
222343
222347
222348
222349
222351
222352
222354
222355
222356
222357
222358
222360
222362
222363
222364
222365
222366
222367
222369
222370
222371
222373
222374
222375
222376
222377
222380
222381
222385
222387
222388
222390
222391
222392
222393
222394
222396
222397
222398
222400
222402
222404
222405
222406
222407
222408
222409
222411
222412
222413
222414
222415
222416
222417
222418
222419
222420
222421
222422
222423
222424
222425
222427
222428
222429
222431
222432
222436
222437
222438
222444
222447
222449
222450
222452
222453
222454
222455
222456
222458
222460
222462
222463
222464
222465
222466
222467
222468
222469
222471
222472
222473
222475
222476
222477
222478
222479
222481
222483
222484
222491
222492
222493
222494
222498
222499
222500
222501
222502
222504
222507
222511
222514
222515
222517
222518
222519
222520
222521
222522
222523
222524
222525
222529
222530
222531
222532
222533
222534
222537
222538
222539
222542
222544
222545
222548
222549
222553
222554
222556
222557
222558
222560
222561
222562
222564
222565
222566
222567
222568
222569
222570
222573
222574
222575
222576
222577
222578
222579
222581
222582
222583
222584
222585
222586
222587
222588
222589
222590
222591
222592
222598
222600
222601
222603
222604
222605
222606
222607
222609
222610
222611
222612
222613
222615
222616
222617
222618
222619
222621
222622
222623
222624
222625
222626
222627
222629
222630
222631
222632
222636
222637
222638
222639
222642
222643
222644
222645
222646
222647
222648
222649
222650
222651
222653
222654
222656
222657
222658
222659
222662
222663
222664
222665
222666
222667
222668
222669
222671
222672
222673
222674
222675
222676
222677
222679
222680
222681
222682
222683
222684
222686
222687
222688
222691
222692
222693
222694
222695
222696
222697
222698
222699
222700
222701
222702
222703
222704
222705
222706
222708
222709
222710
222711
222712
222713
222715
222716
222717
222718
222720
222721
222722
222723
222724
222726
222727
222728
222729
222730
222731
222733
222734
222735
222736
222737
222738
222739
222742
222743
222744
222746
222747
222748
222749
222750
222752
222755
222757
222758
222759
222760
222761
222762
222763
222764
222765
222766
222767
222768
222769
222770
222771
222772
222774
222775
222776
222777
222780
222782
222783
222784
222786
222788
222789
222794
222796
222797
222798
222799
222800
222802
222803
222804
222805
222806
222808
222809
222810
222811
222812
222813
222814
222815
222816
222817
222818
222819
222823
222824
222825
222828
222829
222830
222832
222833
222835
222836
222837
222838
222841
222846
222848
222849
222850
222852
222853
222857
222858
222860
222865
222866
222867
222868
222870
222872
222875
222876
222878
222879
222881
222882
222883
222884
222885
222888
222890
222891
222892
222893
222894
222895
222897
222898
222899
222900
222901
222903
222904
222905
222906
222909
222911
222912
222913
222914
222916
222917
222918
222919
222921
222922
222925
222926
222927
222928
222929
222930
222932
222933
222934
222935
222936
222937
222938
222940
222941
222942
222943
222944
222945
222946
222947
222948
222949
222950
222951
222952
222953
222954
222955
222956
222957
222958
222959
222961
222962
222963
222964
222965
222966
222967
222968
222969
222970
222971
222972
222973
222974
222977
222978
222979
222980
222981
222982
222983
222984
222985
222987
222988
222989
222990
222991
222992
222994
222995
222997
222998
222999
223000
223001
223002
223003
223004
223005
223006
223008
223009
223010
223011
223012
223013
223014
223015
223016
223017
223018
223019
223020
223021
223022
223023
223025
223026
223027
223028
223029
223030
223031
223032
223033
223034
223035
223036
223037
223038
223039
223040
223041
223044
223045
223047
223048
223049
223050
223051
223055
223057
223059
223061
223063
223064
223065
223066
223067
223068
223069
223070
223071
223073
223075
223076
223077
223078
223079
223080
223081
223084
223085
223086
223088
223089
223091
223092
223093
223094
223097
223099
223100
223101
223102
223103
223104
223105
223107
223108
223109
223110
223112
223113
223114
223115
223117
223119
223122
223123
223124
223125
223126
223127
223128
223129
223130
223131
223132
223133
223136
223137
223138
223139
223141
223142
223143
223144
223146
223147
223148
223150
223151
223152
223156
223157
223158
223159
223160
223161
223162
223163
223164
223165
223166
223168
223169
223170
223171
223172
223174
223176
223178
223181
223183
223184
223186
223187
223188
223190
223192
223194
223195
223196
223198
223199
223201
223202
223203
223207
223210
223212
223213
223214
223215
223216
223217
223218
223219
223220
223221
223223
223224
223225
223226
223227
223228
223229
223230
223232
223233
223234
223236
223237
223242
223243
223244
223245
223246
223247
223248
223252
223253
223254
223256
223257
223259
223260
223261
223263
223264
223265
223266
223267
223269
223270
223271
223273
223276
223277
223278
223279
223280
223281
223282
223283
223284
223287
223288
223289
223290
223292
223293
223294
223295
223297
223298
223299
223300
223301
223303
223304
223305
223306
223310
223311
223315
223317
223319
223321
223322
223323
223325
223327
223328
223330
223332
223333
223335
223336
223337
223338
223339
223341
223343
223344
223346
223347
223348
223349
223353
223354
223359
223360
223361
223362
223363
223364
223365
223366
223367
223368
223370
223371
223372
223374
223376
223378
223380
223381
223382
223383
223384
223385
223386
223388
223390
223392
223394
223395
223397
223399
223400
223401
223402
223403
223404
223405
223408
223413
223414
223415
223417
223418
223419
223420
223421
223422
223423
223424
223425
223426
223429
223430
223431
223433
223434
223437
223439
223440
223442
223443
223444
223447
223448
223449
223450
223453
223454
223455
223457
223458
223462
223463
223464
223465
223467
223468
223469
223470
223471
223472
223474
223476
223477
223478
223481
223482
223483
223484
223485
223486
223487
223488
223489
223490
223491
223492
223493
223494
223495
223496
223497
223498
223499
223500
223501
223502
223503
223504
223505
223506
223507
223508
223509
223510
223511
223512
223513
223514
223515
223516
223518
223519
223520
223521
223522
223523
223524
223525
223526
223527
223528
223529
223533
223534
223535
223536
223537
223538
223539
223544
223545
223546
223547
223549
223552
223554
223556
223557
