142636
142638
142639
142640
142641
142642
142644
142645
142646
142648
142649
142650
142652
142653
142655
142656
142657
142659
142661
142663
142664
142665
142666
142667
142668
142669
142670
142671
142672
142673
142674
142675
142677
142678
142679
142680
142681
142683
142685
142686
142687
142688
142689
142690
142691
142692
142693
142694
142695
142696
142697
142698
142699
142700
142701
142704
142706
142707
142710
142711
142712
142713
142714
142717
142718
142719
142720
142721
142723
142724
142725
142726
142728
142729
142732
142733
142735
142736
142737
142738
142741
142743
142744
142745
142746
142748
142749
142750
142752
142754
142755
142756
142757
142760
142761
142762
142763
142767
142768
142769
142770
142771
142772
142773
142774
142776
142777
142778
142779
142780
142782
142784
142786
142787
142789
142790
142791
142792
142793
142795
142797
142798
142799
142800
142801
142802
142803
142804
142805
142806
142807
142808
142811
142812
142815
142816
142817
142818
142819
142820
142821
142823
142824
142825
142826
142827
142828
142829
142830
142833
142834
142836
142837
142838
142839
142840
142841
142842
142843
142844
142845
142846
142847
142848
142849
142850
142851
142852
142853
142854
142856
142857
142858
142859
142860
142862
142863
142864
142865
142868
142869
142872
142873
142874
142875
142877
142878
142880
142881
142884
142885
142886
142887
142888
142889
142890
142891
142892
142893
142894
142895
142897
142899
142900
142902
142903
142904
142906
142907
142908
142909
142911
142913
142914
142915
142916
142917
142918
142919
142920
142921
142922
142923
142924
142925
142926
142927
142928
142929
142930
142931
142932
142933
142934
142935
142936
142937
142938
142940
142941
142942
142943
142944
142945
142946
142947
142948
142949
142950
142951
142953
142954
142955
142956
142959
142960
142961
142962
142964
142965
142966
142967
142968
142969
142970
142971
142973
142975
142976
142977
142978
142979
142981
142984
142985
142986
142987
142989
142992
142993
142994
142995
142996
142997
142998
142999
143000
143001
143002
143003
143004
143005
143006
143010
143011
143012
143013
143014
143016
143018
143020
143021
143022
143023
143026
143027
143028
143031
143032
143033
143034
143035
143036
143037
143038
143040
143041
143042
143044
143045
143046
143048
143049
143051
143052
143053
143055
143058
143059
143060
143061
143062
143063
143064
143065
143066
143067
143068
143071
143072
143073
143074
143075
143077
143078
143079
143080
143084
143085
143086
143088
143089
143090
143092
143093
143094
143095
143096
143097
143099
143100
143101
143102
143103
143105
143106
143107
143108
143109
143110
143111
143113
143114
143116
143117
143118
143119
143120
143122
143125
143126
143127
143128
143129
143132
143133
143134
143136
143137
143138
143139
143142
143144
143146
143147
143150
143151
143152
143153
143156
143157
143158
143159
143160
143162
143164
143165
143166
143167
143168
143169
143170
143171
143172
143174
143175
143178
143179
143181
143182
143183
143184
143185
143187
143188
143189
143190
143192
143193
143194
143196
143198
143199
143200
143201
143202
143203
143204
143205
143206
143207
143208
143209
143211
143212
143213
143214
143215
143216
143217
143218
143220
143222
143223
143224
143227
143229
143230
143231
143232
143233
143234
143236
143237
143238
143239
143240
143241
143242
143248
143254
143258
143260
143263
143264
143265
143267
143269
143270
143271
143272
143273
143274
143275
143277
143278
143279
143280
143281
143282
143283
143285
143286
143287
143288
143289
143291
143292
143293
143295
143296
143298
143299
143300
143301
143302
143304
143306
143308
143309
143310
143311
143312
143314
143316
143318
143320
143321
143322
143323
143324
143325
143326
143328
143330
143331
143332
143333
143335
143336
143337
143338
143341
143342
143344
143345
143346
143347
143348
143350
143351
143352
143353
143354
143355
143356
143357
143358
143359
143360
143362
143363
143364
143365
143366
143368
143369
143372
143373
143376
143377
143378
143380
143382
143383
143386
143388
143389
143393
143394
143395
143396
143397
143399
143400
143401
143402
143403
143407
143408
143410
143411
143412
143413
143414
143415
143416
143417
143420
143424
143426
143430
143431
143432
143433
143436
143437
143438
143439
143442
143443
143445
143446
143448
143451
143452
143453
143454
143455
143458
143459
143462
143463
143467
143468
143469
143475
143477
143478
143479
143481
143482
143483
143485
143488
143490
143491
143493
143494
143495
143496
143497
143499
143501
143502
143503
143504
143505
143507
143508
143510
143511
143512
143513
143514
143515
143516
143517
143518
143519
143520
143521
143524
143525
143526
143528
143531
143532
143533
143534
143536
143537
143539
143540
143541
143543
143545
143546
143547
143548
143549
143552
143553
143554
143558
143559
143563
143564
143565
143567
143568
143570
143572
143573
143576
143577
143578
143580
143581
143582
143583
143585
143586
143587
143589
143590
143591
143592
143593
143594
143595
143596
143597
143598
143599
143602
143604
143606
143607
143608
143610
143611
143612
143613
143614
143615
143616
143617
143618
143619
143623
143625
143626
143627
143629
143630
143631
143632
143634
143635
143636
143638
143641
143642
143648
143650
143652
143654
143656
143657
143658
143659
143660
143661
143664
143665
143666
143667
143668
143670
143671
143672
143673
143674
143676
143677
143680
143681
143683
143684
143687
143688
143689
143690
143691
143692
143693
143694
143695
143696
143697
143698
143699
143700
143701
143702
143703
143704
143706
143708
143709
143710
143712
143713
143714
143715
143716
143717
143718
143721
143722
143723
143725
143726
143727
143728
143732
143733
143734
143736
143739
143740
143741
143742
143743
143744
143745
143747
143748
143749
143750
143752
143753
143754
143755
143757
143758
143760
143761
143762
143765
143766
143767
143768
143770
143771
143772
143773
143774
143775
143776
143777
143778
143779
143780
143781
143783
143786
143787
143788
143789
143790
143791
143792
143793
143794
143795
143796
143797
143798
143799
143800
143801
143802
143803
143804
143805
143806
143807
143808
143809
143811
143812
143813
143814
143815
143816
143817
143818
143819
143820
143821
143822
143823
143824
143825
143826
143827
143828
143829
143830
143831
143832
143834
143835
143836
143837
143839
143840
143841
143842
143843
143844
143845
143846
143847
143848
143849
143851
143852
143853
143854
143855
143856
143857
143859
143860
143862
143864
143865
143866
143867
143868
143869
143870
143875
143876
143877
143878
143879
143880
143882
143883
143884
143885
143886
143887
143888
143889
143890
143892
143893
143894
143895
143896
143897
143900
143901
143903
143904
143905
143906
143910
143911
143912
143914
143916
143917
143918
143919
143920
143923
143924
143925
143926
143927
143928
143929
143930
143931
143932
143933
143934
143935
143936
143938
143939
143940
143941
143942
143943
143944
143945
143948
143949
143952
143953
143954
143957
143958
143959
143960
143961
143963
143966
143967
143968
143969
143970
143971
143973
143974
143976
143977
143978
143979
143981
143982
143983
143985
143987
143989
143990
143993
143994
143995
143996
143997
143998
143999
144000
144001
144002
144003
144004
144005
144006
144007
144008
144009
144010
144012
144013
144014
144016
144018
144019
144020
144021
144022
144023
144024
144025
144027
144028
144029
144031
144032
144034
144035
144036
144037
144041
144042
144043
144044
144045
144048
144049
144051
144053
144054
144058
144059
144060
144061
144062
144065
144067
144068
144069
144071
144072
144073
144074
144075
144076
144077
144078
144080
144082
144083
144085
144086
144087
144088
144090
144092
144094
144095
144096
144097
144098
144099
144100
144104
144105
144112
144113
144114
144115
144116
144118
144120
144121
144122
144123
144124
144125
144126
144127
144128
144129
144130
144131
144132
144133
144135
144136
144137
144138
144139
144140
144142
144143
144144
144145
144146
144147
144148
144149
144150
144151
144152
144153
144154
144156
144158
144160
144161
144162
144164
144165
144166
144167
144168
144169
144170
144171
144172
144173
144174
144175
144176
144177
144180
144181
144182
144183
144185
144186
144188
144189
144190
144192
144193
144194
144195
144196
144198
144199
144200
144201
144202
144203
144204
144205
144207
144208
144209
144210
144212
144215
144216
144217
144218
144219
144220
144221
144222
144223
144226
144227
144228
144229
144230
144232
144233
144234
144235
144236
144237
144238
144239
144240
144242
144243
144244
144245
144246
144248
144249
144250
144252
144253
144254
144255
144256
144257
144258
144259
144260
144261
144262
144263
144266
144267
144268
144270
144271
144272
144273
144274
144276
144277
144279
144281
144282
144283
144285
144286
144287
144289
144290
144291
144292
144293
144294
144295
144296
144297
144298
144300
144303
144304
144305
144307
144309
144311
144313
144315
144316
144317
144318
144319
144320
144321
144322
144323
144325
144326
144328
144329
144330
144333
144334
144335
144336
144337
144340
144341
144342
144344
144345
144347
144350
144351
144354
144355
144356
144357
144358
144359
144361
144362
144364
144365
144367
144368
144369
144370
144372
144373
144374
144376
144377
144378
144380
144382
144383
144384
144385
144386
144387
144388
144389
144390
144392
144393
144394
144395
144396
144397
144398
144399
144400
144401
144403
144404
144406
144409
144410
144412
144413
144414
144415
144416
144417
144418
144420
144421
144423
144424
144426
144427
144428
144429
144430
144431
144432
144434
144436
144438
144439
144440
144441
144443
144444
144445
144447
144448
144449
144450
144452
144453
144454
144457
144458
144459
144460
144462
144463
144464
144466
144467
144468
144469
144470
144471
144472
144473
144474
144475
144476
144477
144478
144480
144481
144482
144483
144485
144486
144488
144489
144490
144491
144493
144494
144495
144498
144500
144502
144503
144504
144505
144506
144507
144508
144509
144510
144511
144512
144513
144514
144515
144516
144517
144518
144519
144520
144521
144523
144524
144525
144526
144527
144528
144529
144530
144532
144533
144534
144535
144536
144537
144538
144541
144543
144546
144547
144548
144550
144551
144552
144553
144554
144556
144557
144558
144559
144561
144562
144564
144567
144568
144569
144570
144571
144572
144574
144575
144576
144577
144578
144579
144580
144582
144584
144586
144587
144588
144589
144590
144591
144592
144593
144594
144595
144596
144598
144600
144601
144602
144603
144604
144605
144606
144607
144608
144609
144610
144611
144612
144613
144616
144617
144618
144619
144621
144623
144624
144625
144626
144627
144628
144629
144630
144631
144632
144634
144637
144638
144639
144640
144641
144642
144643
144644
144645
144646
144647
144650
144651
144652
144653
144655
144657
144660
144662
144663
144664
144666
144668
144669
144670
144671
144673
144674
144675
144676
144678
144679
144681
144682
144684
144686
144688
144690
144691
144692
144693
144695
144696
144697
144698
144699
144700
144701
144703
144705
144706
144707
144709
144710
144711
144712
144713
144715
144716
144717
144718
144719
144720
144721
144722
144723
144725
144726
144727
144728
144729
144730
144733
144735
144736
144737
144738
144739
144740
144741
144742
144743
144744
144745
144746
144747
144748
144750
144751
144752
144753
144754
144755
144756
144757
144758
144759
144760
144761
144762
144763
144765
144767
144769
144772
144773
144774
144775
144776
144777
144778
144779
144780
144781
144782
144783
144784
144785
144786
144787
144790
144791
144793
144795
144796
144798
144800
144801
144802
144803
144804
144805
144806
144807
144808
144809
144810
144811
144812
144813
144814
144815
144816
144817
144820
144821
144822
144825
144826
144827
144829
144830
144831
144832
144833
144835
144836
144837
144839
144841
144842
144843
144844
144850
144853
144854
144855
144856
144857
144858
144860
144862
144864
144866
144867
144869
144871
144873
144875
144876
144878
144879
144881
144882
144884
144887
144888
144889
144890
144892
144893
144894
144896
144899
144903
144905
144906
144907
144909
144912
144913
144916
144917
144918
144921
144923
144924
144926
144927
144928
144933
144937
144938
144939
144940
144941
144942
144943
144944
144946
144951
144952
144955
144956
144957
144960
144963
144966
144970
144971
144972
144973
144974
144976
144977
144979
144981
144982
144983
144984
144985
144987
144989
144990
144991
144992
144994
144995
144996
144997
144998
144999
145000
145001
145002
145004
145005
145006
145007
145008
145009
145010
145011
145012
145013
145014
145015
145016
145017
145019
145020
145021
145022
145023
145024
145026
145027
145030
145031
145032
145033
145035
145036
145038
145039
145040
145042
145043
145044
145045
145048
145049
145050
145051
145052
145053
145054
145055
145056
145057
145058
145059
145061
145062
145063
145064
145065
145067
145068
145069
145070
145071
145072
145073
145074
145075
145077
145078
145080
145082
145083
145084
145086
145087
145091
145093
145094
145095
145096
145097
145099
145101
145103
145104
145106
145107
145108
145112
145113
145114
145115
145116
145117
145119
145120
145121
145122
145123
145124
145125
145126
145127
145129
145130
145131
145132
145133
145134
145135
145136
145137
145140
145141
145142
145143
145145
145146
145147
145148
145150
145151
145152
145153
145154
145155
145156
145157
145158
145159
145160
145161
145162
145163
145164
145165
145166
145168
145169
145171
145172
145173
145177
145178
145179
145180
145182
145183
145185
145186
145187
145188
145191
145192
145193
145195
145196
145197
145198
145199
145200
145201
145204
145205
145206
145208
145209
145210
145211
145214
145215
145216
145217
145219
145220
145221
145224
145225
145227
145228
145229
145230
145232
145233
145234
145235
145236
145237
145239
145240
145241
145242
145243
145244
145245
145247
145248
145251
145253
145254
145255
145256
145258
145259
145260
145261
145262
145265
145267
145270
145271
145273
145276
145278
145279
145283
145284
145285
145286
145288
145289
145290
145291
145292
145293
145294
145295
145298
145299
145302
145303
145304
145305
145306
145307
145312
145313
145315
145317
145318
145319
145321
145322
145323
145324
145325
145326
145327
145329
145330
145331
145333
145334
145335
145338
145339
145340
145341
145343
145344
145345
145346
145347
145348
145349
145350
145352
145353
145356
145357
145358
145359
145360
145361
145362
145364
145365
145366
145367
145368
145369
145371
145372
145374
145375
145376
145377
145378
145379
145380
145381
145383
145384
145385
145386
145387
145388
145389
145391
145392
145393
145397
145398
145399
145400
145402
145403
145404
145405
145406
145407
145409
145411
145415
145416
145417
145419
145420
145422
145424
145426
145427
145428
145429
145432
145433
145434
145436
145437
145439
145440
145443
145444
145446
145447
145449
145454
145455
145456
145457
145459
145461
145462
145463
145465
145467
145468
145470
145471
145472
145473
145475
145476
145478
145482
145483
145484
145488
145491
145492
145493
145494
145496
145497
145500
145501
145502
145503
145505
145508
145509
145510
145511
145512
145513
145514
145515
145518
145519
145520
145521
145523
145524
145526
145528
145529
145530
145531
145532
145533
145535
145536
145538
145540
145542
145543
145544
145545
145546
145548
145549
145552
145553
145554
145557
145558
145560
145562
145563
145564
145565
145567
145569
145571
145572
145573
145574
145576
145580
145582
145583
145587
145589
145591
145592
145593
145595
145596
145597
145600
145601
145602
145603
145604
145606
145607
145609
145610
145613
145614
145615
145616
145617
145619
145620
145621
145622
145623
145624
145625
145626
145628
145630
145631
145632
145633
145635
145636
145637
145638
145639
145640
145641
145642
145643
145645
145646
145647
145648
145649
145654
145655
145657
145659
145660
145661
145662
145663
145664
145665
145667
145669
145671
145672
145673
145675
145676
145678
145679
145683
145684
145687
145688
145689
145690
145694
145695
145698
145702
145703
145704
145705
145706
145707
145710
145711
145712
145713
145714
145715
145717
145721
145722
145723
145724
145725
145728
145729
145730
145731
145733
145735
145736
145737
145738
145739
145740
145741
145742
145743
145744
145745
145746
145748
145749
145750
145751
145752
145754
145755
145756
145757
145758
145759
145760
145761
145763
145765
145766
145767
145768
145769
145770
145771
145772
145773
145776
145777
145778
145779
145781
145782
145783
145785
145786
145788
145789
145791
145792
145793
145794
145796
145797
145799
145800
145801
145802
145803
145806
145807
145811
145812
145813
145814
145815
145817
145818
145819
145821
145822
145824
145825
145827
145829
145830
145831
145834
145835
145836
145840
145841
145843
145844
145846
145847
145849
145852
145853
145854
145856
145858
145859
145862
145863
145864
145865
145866
145867
145868
145869
145870
145871
145873
145874
145875
145877
145878
145879
145880
145881
145882
145885
145886
145887
145888
145889
145890
145891
145892
145893
145895
145896
145897
145898
145899
145900
145901
145902
145903
145904
145905
145906
145907
145908
145909
145910
145912
145913
145914
145915
145917
145918
145919
145920
145921
145922
145924
145925
145926
145927
145929
145930
145931
145932
145936
145937
145938
145939
145940
145941
145943
145945
145946
145947
145948
145949
145950
145951
145952
145953
145956
145959
145961
145963
145964
145966
145968
145971
145974
145975
145976
145977
145979
145980
145981
145982
145983
145984
145988
145989
145990
145991
145993
145996
146001
146004
146005
146006
146010
146011
146012
146013
146014
146015
146017
146018
146019
146020
146021
146024
146026
146029
146030
146032
146033
146034
146036
146037
146038
146040
146043
146045
146048
146051
146052
146053
146054
146057
146058
146060
146061
146062
146063
146064
146065
146066
146067
146068
146069
146070
146071
146072
146074
146075
146076
146077
146079
146080
146081
146082
146085
146086
146088
146089
146090
146091
146092
146094
146096
146097
146098
146099
146100
146103
146105
146106
146107
146109
146111
146114
146115
146116
146117
146118
146119
146120
146122
146124
146126
146127
146128
146129
146130
146131
146133
146139
146140
146141
146142
146143
146144
146146
146148
146152
146153
146156
146157
146158
146159
146160
146161
146162
146163
146164
146165
146166
146167
146168
146169
146170
146171
146172
146173
146174
146175
146176
146177
146178
146179
146180
146181
146185
146186
146190
146192
146193
146194
146196
146197
146198
146199
146200
146201
146203
146204
146205
146206
146207
146208
146209
146211
146212
146213
146214
146215
146217
146218
146220
146221
146222
146225
146226
146227
146228
146230
146231
146232
146234
146235
146237
146238
146239
146240
146242
146244
146245
146247
146248
146249
146251
146252
146253
146254
146255
146258
146259
146260
146262
146265
146266
146267
146268
146269
146272
146273
146274
146275
146277
146278
146280
146281
146282
146283
146284
146285
146287
146288
146289
146290
146291
146292
146295
146297
146298
146299
146300
146301
146303
146304
146306
146307
146308
146309
146310
146311
146312
146313
146314
146315
146316
146318
146320
146321
146322
146324
146325
146326
146327
146328
146329
146330
146331
146332
146333
146338
146339
146340
146341
146342
146343
146345
146347
146349
146350
146351
146352
146354
146356
146357
146358
146359
146360
146361
146362
146363
146364
146366
146367
146368
146369
146370
146371
146373
146375
146376
146377
146378
146379
146380
146384
146386
146387
146388
146389
146390
146392
146393
146394
146395
146396
146397
146398
146399
146400
146401
146402
146403
146404
146405
146406
146407
146409
146410
146411
146412
146414
146415
146416
146417
146418
146419
146421
146422
146423
146425
146426
146427
146428
146429
146430
146431
146432
146433
146434
146435
146437
146439
146440
146441
146443
146445
146446
146448
146450
146451
146452
146453
146456
146457
146458
146459
146460
146461
146462
146463
146464
146465
146466
146467
146469
146470
146471
146472
146473
146474
146475
146476
146477
146478
146479
146480
146481
146483
146484
146485
146486
146487
146488
146489
146490
146491
146492
146493
146494
146496
146497
146498
146500
146502
146503
146504
146505
146506
146507
146508
146509
146510
146511
146512
146513
146514
146515
146517
146518
146519
146520
146521
146522
146523
146525
146526
146527
146529
146530
146531
146532
146533
146535
146538
146539
146540
146541
146542
146543
146544
146545
146546
146547
146548
146549
146551
146552
146553
146554
146555
146556
146557
146558
146560
146561
146562
146565
146566
146567
146568
146569
146570
146571
146572
146573
146574
146576
146577
146579
146580
146581
146582
146583
146584
146585
146587
146588
146589
146590
146591
146592
146593
146594
146595
146597
146600
146601
146602
146603
146604
146606
146607
146608
146609
146610
146611
146612
146613
146614
146616
146617
146619
146622
146624
146625
146626
146628
146629
146630
146633
146634
146635
146636
146637
146638
146639
146640
146642
146644
146645
146647
146648
146650
146651
146652
146653
146654
146655
146658
146659
146660
146662
146665
146666
146667
146668
146669
146670
146671
146672
146675
146676
146677
146679
146680
146682
146683
146684
146685
146686
146687
146688
146689
146690
146691
146692
146693
146694
146696
146697
146698
146699
146700
146702
146705
146707
146708
146711
146712
146713
146714
146715
146716
146717
146718
146719
146722
146724
146728
146729
146733
146735
146736
146737
146739
146742
146743
146744
146747
146749
146751
146754
146755
146758
146761
146762
146763
146764
146765
146767
146769
146770
146771
146772
146773
146774
146776
146777
146778
146780
146781
146782
146784
146786
146787
146788
146789
146790
146791
146792
146794
146796
146797
146801
146804
146805
146809
146810
146811
146814
146815
146816
146817
146818
146819
146823
146824
146825
146826
146827
146828
146834
146835
146836
146837
146838
146840
146841
146844
146845
146848
146850
146852
146853
146854
146855
146856
146857
146859
146860
146861
146862
146864
146865
146866
146867
146868
146869
146870
146874
146875
146877
146880
146881
146882
146884
146885
146886
146888
146891
146893
146896
146898
146899
146903
146904
146905
146907
146908
146909
146911
146912
146914
146915
146917
146919
146920
146921
146922
146923
146926
146927
146928
146929
146930
146931
146932
146933
146935
146936
146938
146940
146941
146944
146945
146949
146951
146952
146955
146956
146957
146958
146959
146960
146962
146963
146964
146967
146968
146969
146970
146971
146972
146975
146976
146977
146978
146979
146980
146981
146983
146984
146985
146987
146990
146991
146992
146993
146994
146995
146996
146997
147000
147001
147002
147003
147004
147006
147007
147008
147009
147010
147011
147012
147013
147014
147015
147016
147019
147020
147021
147023
147027
147029
147030
147031
147033
147034
147035
147036
147039
147040
147041
147046
147047
147048
147049
147050
147051
147053
147055
147057
147058
147059
147061
147062
147064
147065
147067
147069
147070
147071
147074
147075
147076
147079
147080
147083
147084
147086
147087
147089
147090
147091
147092
147093
147094
147097
147098
147099
147103
147105
147106
147107
147108
147109
147110
147111
147112
147113
147115
147117
147119
147120
147121
147122
147123
147124
147125
147126
147127
147128
147129
147130
147131
147132
147133
147134
147135
147136
147137
147139
147142
147143
147144
147146
147147
147148
147149
147150
147151
147152
147154
147155
147156
147157
147158
147159
147160
147161
147162
147163
147165
147166
147167
147168
147169
147170
147171
147172
147173
147174
147177
147179
147180
147181
147183
147184
147185
147186
147187
147189
147191
147192
147193
147194
147195
147196
147198
147199
147200
147203
147204
147205
147206
147207
147208
147209
147210
147211
147214
147215
147216
147219
147220
147221
147222
147223
147224
147225
147226
147227
147229
147232
147233
147236
147237
147238
147239
147242
147244
147245
147246
147247
147248
147249
147250
147251
147256
147257
147258
147259
147260
147261
147262
147264
147265
147266
147268
147269
147270
147271
147272
147274
147275
147276
147277
147278
147279
147280
147281
147282
147283
147284
147285
147287
147288
147289
147290
147291
147294
147295
147296
147297
147299
147300
147301
147303
147304
147305
147306
147308
147309
147312
147313
147314
147316
147317
147318
147319
147320
147321
147322
147324
147325
147328
147331
147332
147333
147334
147335
147338
147339
147341
147342
147344
147345
147346
147347
147349
147350
147351
147352
147353
147354
147356
147357
147358
147359
147360
147364
147365
147367
147369
147371
147372
147376
147377
147378
147380
147381
147382
147383
147384
147385
147388
147390
147391
147392
147393
147395
147396
147397
147398
147400
147402
147403
147404
147405
147406
147407
147410
147411
147414
147417
147418
147420
147421
147422
147424
147425
147427
147428
147429
147430
147432
147440
147441
147442
147443
147444
147445
147446
147447
147448
147450
147451
147452
147453
147454
147455
147456
147457
147458
147459
147461
147462
147463
147464
147466
147468
147469
147470
147471
147472
147473
147474
147475
147477
147480
147481
147483
147484
147485
147486
147488
147489
147490
147491
147493
147494
147495
147499
147500
147501
147502
147503
147504
147505
147506
147507
147508
147509
147510
147511
147512
147513
147514
147515
147516
147517
147518
147519
147520
147521
147522
147523
147524
147525
147527
147528
147529
147531
147533
147534
147536
147538
147539
147541
147542
147543
147544
147546
147547
147548
147549
147550
147552
147553
147556
147558
147560
147561
147562
147564
147565
147566
147568
147569
147571
147572
147574
147575
147577
147579
147580
147581
147582
147583
147584
147585
147586
147588
147589
147590
147591
147592
147593
147595
147596
147597
147598
147599
147600
147601
147602
147603
147604
147605
147606
147608
147609
147610
147611
147612
147613
147614
147615
147617
147619
147620
147621
147622
147623
147624
147625
147626
147627
147628
147629
147630
147632
147633
147634
147635
147636
147637
147638
147639
147641
147642
147643
147644
147645
147646
147647
147648
147650
147652
147653
147654
147655
147656
147657
147658
147659
147660
147662
147663
147665
147666
147667
147668
147669
147673
147674
147676
147677
147678
147679
147680
147681
147682
147683
147684
147687
147688
147689
147691
147692
147693
147694
147695
147697
147698
147699
147700
147702
147703
147704
147706
147707
147708
147709
147710
147713
147714
147715
147716
147717
147718
147719
147720
147721
147724
147726
147727
147728
147730
147731
147732
147733
147734
147735
147736
147739
147741
147742
147745
147746
147748
147749
147750
147751
147754
147755
147758
147759
147762
147764
147766
147770
147771
147773
147774
147775
147776
147778
147779
147780
147781
147782
147783
147786
147787
147788
147789
147790
147792
147793
147794
147795
147796
147798
147801
147802
147804
147805
147806
147810
147811
147812
147814
147815
147816
147818
147819
147821
147822
147823
147825
147826
147827
147829
147830
147831
147832
147833
147835
147837
147838
147839
147841
147842
147843
147844
147845
147846
147848
147850
147851
147852
147853
147855
147856
147857
147859
147860
147862
147863
147864
147865
147866
147867
147868
147871
147874
147877
147879
147880
147882
147888
147889
147890
147891
147892
147895
147897
147899
147900
147901
147902
147905
147906
147907
147909
147910
147911
147912
147913
147914
147915
147916
147917
147918
147920
147922
147923
147924
147925
147926
147928
147929
147930
147931
147932
147933
147935
147936
147937
147938
147940
147942
147944
147945
147946
147947
147951
147952
147953
147955
147956
147957
147958
147959
147960
147963
147964
147965
147966
147967
147968
147969
147972
147973
147974
147975
147976
147977
147978
147979
147980
147981
147982
147983
147984
147985
147986
147987
147989
147992
147993
147994
147995
147997
147998
147999
148000
148001
148002
148003
148005
148006
148007
148008
148010
148011
148013
148014
148015
148016
148017
148018
148019
148020
148021
148023
148024
148025
148026
148027
148029
148030
148031
148033
148034
148035
148036
148038
148039
148040
148041
148043
148045
148046
148049
148050
148051
148052
148053
148054
148055
148057
148058
148059
148060
148062
148063
148064
148065
148068
148069
148070
148072
148073
148074
148076
148077
148079
148080
148081
148084
148085
148086
148088
148089
148090
148091
148092
148093
148095
148096
148097
148098
148099
148100
148103
148104
148105
148106
148108
148109
148110
148114
148115
148116
148117
148118
148119
148120
148121
148122
148123
148125
148126
148128
148129
148130
148131
148133
148134
148135
148136
148137
148138
148139
148140
148141
148143
148145
148146
148147
148148
148151
148152
148153
148154
148155
148156
148158
148159
148160
148161
148163
148164
148166
148168
148169
148170
148171
148172
148174
148175
148176
148177
148178
148179
148180
148181
148182
148183
148185
148187
148190
148191
148192
148193
148194
148195
148196
148197
148198
148199
148200
148201
148202
148203
148206
148208
148211
148212
148213
148214
148215
148216
148217
148218
148221
148222
148223
148224
148225
148227
148228
148229
148230
148236
148237
148238
148239
148240
148241
148242
148243
148244
148246
148247
148248
148250
148251
148253
148256
148257
148260
148261
148262
148263
148264
148265
148267
148268
148270
148271
148272
148274
148277
148278
148279
148281
148283
148284
148286
148288
148289
148292
148294
148295
148298
148299
148302
148303
148304
148306
148307
148308
148309
148310
148311
148312
148313
148314
148317
148318
148319
148320
148323
148324
148325
148326
148327
148328
148329
148330
148331
148332
148333
148334
148335
148336
148338
148340
148341
148342
148344
148345
148346
148347
148348
148349
148350
148353
148354
148357
148358
148359
148360
148361
148362
148364
148366
148368
148371
148372
148373
148374
148375
148379
148382
148385
148386
148387
148388
148389
148391
148392
148393
148394
148395
148396
148397
148399
148400
148403
148404
148405
148407
148408
148410
148412
148413
148414
148415
148416
148417
148419
148420
148421
148423
148424
148425
148426
148427
148428
148429
148430
148431
148434
148435
148436
148437
148438
148439
148440
148441
148442
148443
148444
148445
148447
148448
148449
148451
148452
148453
148454
148455
148457
148460
148461
148463
148464
148466
148467
148469
148470
148472
148473
148474
148478
148479
148480
148481
148482
148483
148484
148485
148487
148488
148489
148491
148492
148493
148494
148498
148499
148500
148501
148502
148503
148504
148505
148506
148507
148509
148510
148512
148513
148514
148515
148516
148517
148518
148521
148523
148527
148531
148532
148533
148534
148536
148538
148539
148541
148542
148543
148544
148545
148547
148548
148550
148552
148553
148554
148555
148557
148559
148560
148562
148563
148566
148567
148568
148569
148572
148573
148574
148575
148576
148577
148578
148579
148580
148581
148583
148585
148586
148587
148589
148590
148591
148593
148595
148596
148598
148599
148601
148602
148603
148604
148605
148609
148610
148613
148614
148615
148616
148617
148618
148619
148620
148622
148623
148624
148625
148627
148628
148629
148630
148631
148634
148635
148636
148637
148638
148640
148643
148644
148645
148646
148647
148649
148652
148653
148654
148655
148656
148657
148659
148660
148662
148663
148664
148666
148667
148668
148669
148671
148672
148674
148675
148676
148677
148680
148681
148682
148684
148685
148686
148687
148688
148689
148690
148691
148692
148693
148694
148695
148696
148697
148698
148699
148700
148701
148702
148703
148705
148708
148710
148711
148712
148713
148714
148715
148716
148717
148718
148719
148720
148721
148723
148724
148725
148729
148730
148731
148732
148733
148734
148735
148736
148739
148740
148742
148743
148744
148745
148746
148747
148748
148749
148750
148751
148752
148753
148754
148757
148758
148759
148760
148761
148762
148763
148764
148766
148767
148768
148769
148770
148771
148772
148773
148774
148775
148776
148777
148778
148779
148781
148782
148783
148786
148787
148790
148791
148792
148793
148794
148795
148796
148797
148798
148799
148800
148802
148803
148804
148805
148806
148807
148808
148809
148810
148811
148813
148814
148815
148816
148817
148819
148820
148821
148822
148823
148824
148825
148826
148827
148828
148829
148830
148831
148833
148834
148835
148840
148841
148842
148844
148845
148846
148847
148848
148850
148852
148853
148854
148855
148856
148857
148859
148860
148861
148862
148863
148864
148865
148866
148867
148868
148869
148870
148871
148873
148874
148875
148877
148878
148879
148882
148883
148884
148889
148890
148891
148894
148895
148896
148897
148898
148899
148900
148901
148902
148906
148907
148908
148909
148910
148911
148913
148914
148915
148916
148917
148918
148919
148920
148922
148923
148925
148926
148927
148928
148929
148930
148932
148934
148935
148937
148938
148939
148940
148941
148943
148949
148951
148952
148954
148955
148956
148957
148959
148960
148961
148962
148963
148964
148965
148966
148968
148971
148972
148973
148976
148977
148978
148979
148981
148982
148983
148984
148985
148987
148988
148989
148990
148994
148995
148999
149000
149001
149002
149003
149005
149006
149007
149009
149010
149011
149012
149014
149015
149016
149017
149018
149019
149020
149023
149024
149025
149026
149027
149029
149030
149031
149032
149033
149035
149036
149039
149040
149042
149043
149044
149045
149050
149051
149053
149054
149055
149056
149057
149058
149059
149063
149064
149069
149071
149074
149075
149076
149077
149078
149079
149080
149081
149083
149085
149093
149096
149097
149099
149100
149101
149102
149103
149105
149106
149107
149108
149109
149110
149112
149113
149114
149117
149118
149121
149122
149123
149124
149125
149126
149127
149128
149129
149132
149133
149134
149135
149137
149138
149142
149143
149144
149145
149146
149147
149148
149149
149150
149151
149152
149155
149156
149158
149163
149164
149165
149166
149167
149170
149171
149174
149177
149178
149180
149181
149183
149184
149185
149187
149188
149189
149190
149191
149192
149193
149194
149195
149196
149197
149198
149199
149200
149201
149202
149203
149204
149205
149206
149207
149209
149210
149211
149212
149213
149214
149215
149216
149217
149218
149220
149221
149222
149225
149226
149227
149228
149230
149231
149232
149233
149234
149235
149236
149238
149239
149240
149241
149242
149243
149244
149245
149246
149247
149248
149249
149250
149251
149252
149253
149254
149255
149257
149258
149260
149261
149262
149264
149265
149269
149270
149271
149272
149273
149274
149275
149276
149278
149279
149280
149281
149282
149283
149285
149286
149287
149288
149289
149290
149291
149292
149293
149294
149295
149296
149297
149299
149301
149302
149304
149305
149306
149308
149310
149311
149312
149313
149315
149317
149318
149319
149320
149321
149322
149323
149324
149326
149327
149328
149329
149330
149331
149332
149334
149335
149336
149337
149338
149339
149340
149342
149345
149346
149347
149350
149354
149357
149358
149359
149360
149361
149362
149364
149367
149369
149370
149372
149373
149374
149375
149376
149380
149381
149382
149383
149387
149388
149389
149390
149391
149392
149393
149394
149395
149397
149401
149403
149405
149407
149408
149411
149412
149414
149416
149417
149418
149420
149421
149422
149423
149424
149425
149427
149429
149430
149431
149432
149434
149436
149437
149438
149439
149441
149444
149445
149446
149447
149448
149449
149450
149451
149452
149453
149454
149455
149457
149458
149459
149463
149466
149467
149468
149469
149471
149472
149473
149474
149475
149476
149477
149478
149479
149480
149481
149482
149483
149484
149485
149486
149487
149489
149490
149491
149492
149493
149498
149499
149500
149502
149504
149505
149507
149508
149509
149510
149511
149514
149515
149516
149517
149518
149519
149521
149522
149523
149524
149529
149530
149531
149532
149533
149535
149536
149539
149540
149541
149543
149544
149546
149547
149548
149550
149552
149554
149555
149556
149557
149558
149565
149566
149568
149569
149570
149571
149572
149573
149574
149575
149576
149577
149579
149580
149581
149584
149585
149586
149588
149589
149590
149592
149593
149596
149597
149598
149599
149600
149601
149602
149604
149605
149607
149609
149611
149613
149614
149615
149616
149617
149618
149619
149620
149621
149622
149623
149624
149625
149626
149628
149629
149630
149631
149632
149633
149634
149636
149637
149638
149640
149641
149642
149643
149645
149646
149647
149649
149650
149651
149653
149655
149657
149658
149660
149661
149663
149664
149668
149670
149672
149676
149678
149679
149681
149682
149683
149685
149687
149690
149691
149692
149693
149694
149695
149696
149698
149699
149700
149702
149703
149704
149705
149707
149708
149709
149710
149711
149712
149715
149716
149718
149719
149720
149721
149722
149723
149724
149726
149728
149730
149731
149732
149733
149734
149735
149740
149742
149743
149744
149745
149746
149747
149748
149749
149750
149751
149752
149753
149754
149755
149756
149757
149758
149759
149760
149761
149762
149764
149765
149766
149768
149769
149770
149771
149772
149773
149774
149777
149778
149779
149780
149781
149782
149784
149785
149786
149787
149788
149789
149790
149791
149792
149793
149794
149795
149796
149797
149798
149801
149803
149804
149805
149806
149808
149811
149812
149813
149814
149815
149817
149818
149820
149821
149822
149823
149825
149826
149827
149829
149830
149833
149835
149836
149837
149838
149839
149841
149842
149843
149844
149845
149846
149847
149848
149849
149851
149852
149853
149854
149855
149856
149858
149860
149861
149862
149863
149864
149867
149869
149870
149873
149874
149875
149876
149877
149878
149879
149880
149881
149882
149883
149884
149886
149887
149888
149889
149890
149892
149893
149894
149895
149896
149897
149898
149899
149900
149903
149904
149905
149909
149910
149911
149912
149913
149914
149915
149916
149917
149918
149919
149920
149921
149922
149923
149925
149926
149927
149928
149929
149932
149933
149935
149937
149938
149939
149940
149941
149944
149946
149947
149948
149949
149951
149952
149955
149956
149957
149962
149964
149965
149966
149967
149968
149970
149971
149973
149975
149976
149977
149978
149979
149980
149981
149983
149984
149985
149986
149988
149989
149990
149991
149992
149993
149994
149995
149997
149999
150000
150001
150003
150004
150005
150006
150007
150008
150010
150011
150012
150013
150014
150017
150018
150020
150021
150022
150023
150024
150025
150026
150027
150028
150029
150030
150032
150035
150037
150038
150039
150042
150045
150046
150047
150049
150051
150055
150056
150058
150059
150060
150061
150062
150064
150066
150067
150068
150069
150070
150071
150075
150076
150077
150078
150079
150081
150082
150083
150084
150085
150086
150088
150089
150090
150092
150094
150095
150096
150098
150099
150100
150101
150102
150104
150107
150108
150109
150110
150111
150112
150113
150115
150118
150119
150120
150121
150122
150124
150125
150127
150128
150129
150130
150131
150132
150133
150135
150136
150139
150140
150141
150143
150145
150147
150148
150149
150150
150151
150152
150153
150155
150156
150157
150158
150159
150162
150163
150164
150166
150168
150169
150170
150171
150172
150173
150174
150176
150178
150179
150180
150181
150182
150183
150187
150188
150189
150191
150192
150193
150194
150195
150196
150197
150198
150199
150200
150202
150203
150204
150205
150209
150211
150213
150215
150216
150217
150218
150219
150220
150223
150225
150226
150227
150228
150229
150230
150234
150235
150236
150239
150241
150242
150243
150244
150246
150247
150248
150249
150250
150251
150256
150257
150258
150259
150260
150261
150263
150264
150265
150266
150268
150269
150270
150271
150272
150273
150274
150275
150276
150277
150278
150281
150283
150284
150286
150287
150288
150291
150292
150293
150295
150296
150297
150299
150300
150301
150302
150303
150304
150305
150306
150307
150308
150309
150310
150311
150312
150313
150314
150315
150316
150317
150319
150323
150324
150325
150326
150327
150328
150329
150331
150332
150335
150336
150337
150338
150339
150341
150342
150343
150344
150345
150346
150347
150348
150349
150350
150351
150352
150353
150354
150357
150359
150360
150361
150362
150364
150365
150366
150367
150368
150370
150371
150372
150373
150375
150376
150377
150378
150379
150380
150381
150383
150384
150385
150387
150389
150390
150392
150393
150394
150396
150397
150399
150400
150402
150403
150404
150405
150406
150407
150408
150409
150412
150413
150414
150415
150416
150417
150419
150420
150424
150425
150426
150427
150429
150432
150433
150434
150435
150436
150437
150438
150442
150443
150445
150446
150447
150450
150451
150452
150454
150455
150457
150458
150459
150460
150467
150468
150469
150470
150471
150472
150473
150474
150475
150477
150478
150480
150481
150482
150486
150487
150488
150489
150490
150491
150492
150493
150494
150495
150497
150498
150499
150500
150501
150502
150503
150507
150508
150509
150511
150512
150514
150515
150516
150517
150518
150520
150522
150525
150527
150528
150529
150530
150531
150532
150535
150536
150537
150538
150539
150541
150543
150546
150547
150548
150550
150551
150552
150553
150554
150555
150556
150558
150559
150563
150564
150565
150566
150567
150570
150572
150573
150576
150577
150580
150582
150584
150585
150586
150587
150588
150589
150591
150594
150595
150598
150600
150601
150602
150603
150604
150605
150606
150608
150610
150611
150612
150613
150614
150615
150616
150618
150619
150620
150621
150622
150623
150626
150627
150628
150630
150631
150632
150634
150635
150636
150637
150638
150639
150640
150641
150643
150644
150645
150646
150647
150652
150653
150654
150655
150656
150657
150658
150659
150660
150662
150663
150664
150665
150666
150667
150668
150669
150670
150671
150674
150675
150676
150677
150680
150684
150685
150687
150688
150690
150691
150692
150693
150694
150695
150696
150697
150698
150699
150700
150701
150703
150704
150706
150709
150711
150712
150714
150715
150716
150717
150718
150719
150720
150721
150722
150724
150726
150729
150731
150733
150734
150736
150739
150740
150741
150742
150745
150747
150748
150749
150750
150751
150753
150754
150755
150756
150757
150758
150759
150760
150761
150762
150764
150766
150767
150770
150771
150773
150776
150777
150779
150780
150783
150785
150786
150788
150790
150791
150792
150795
150796
150797
150800
150801
150802
150803
150804
150805
150808
150809
150810
150811
150812
150813
150814
150815
150817
150819
150820
150821
150823
150824
150825
150826
150827
150828
150829
150830
150831
150832
150836
150837
150838
150839
150840
150841
150842
150843
150844
150847
150848
150849
150851
150853
150854
150855
150857
150858
150859
150860
150861
150862
150863
150864
150865
150867
150868
150869
150870
150871
150874
150875
150877
150879
150880
150881
150882
150885
150886
150887
150889
150890
150891
150892
150893
150897
150898
150901
150902
150903
150904
150905
150906
150907
150908
150909
150911
150912
150913
150914
150915
150916
150918
150920
150921
150922
150923
150925
150926
150928
150929
150931
150932
150933
150934
150935
150936
150937
150939
150941
150942
150943
150945
150946
150947
150948
150950
150951
150953
150954
150955
150956
150958
150959
150961
150963
150964
150965
150967
150969
150970
150971
150974
150977
150979
150981
150984
150985
150986
150988
150990
150991
150992
150993
150995
150996
150997
150998
150999
151000
151002
151005
151006
151007
151009
151011
151012
151013
151015
151016
151017
151018
151019
151020
151021
151022
151023
151024
151025
151026
151027
151028
151029
151030
151031
151033
151034
151036
151037
151039
151040
151041
151042
151043
151044
151045
151046
151047
151048
151050
151051
151052
151053
151054
151055
151056
151057
151058
151059
151060
151061
151062
151063
151064
151065
151066
151068
151069
151073
151074
151076
151077
151078
151079
151080
151081
151082
151083
151084
151086
151087
151089
151091
151092
151093
151094
151095
151096
151098
151099
151100
151101
151102
151106
151107
151108
151109
151111
151112
151113
151114
151115
151116
151117
151118
151120
151121
151122
151124
151125
151127
151128
151130
151131
151132
151133
151135
151137
151138
151139
151140
151141
151142
151143
151144
151145
151146
151147
151149
151150
151151
151152
151153
151154
151155
151157
151158
151159
151160
151161
151162
151163
151164
151165
151166
151168
151170
151172
151173
151174
151175
151176
151177
151178
151179
151180
151181
151182
151183
151184
151187
151188
151189
151190
151191
151193
151194
151195
151196
151197
151198
151199
151201
151202
151203
151204
151205
151206
151208
151209
151210
151211
151212
151214
151215
151217
151218
151219
151220
151221
151222
151223
151224
151225
151226
151227
151228
151229
151230
151231
151233
151234
151236
151237
151238
151239
151240
151244
151245
151247
151248
151249
151252
151253
151255
151257
151258
151260
151262
151263
151264
151265
151266
151269
151270
151271
151272
151274
151275
151276
151277
151278
151279
151281
151284
151285
151286
151288
151289
151290
151292
151293
151295
151296
151297
151301
151303
151304
151307
151308
151310
151312
151313
151314
151315
151318
151320
151321
151322
151323
151324
151328
151330
151333
151334
151336
151339
151342
151343
151344
151345
151346
151347
151348
151349
151350
151351
151352
151353
151355
151356
151359
151360
151361
151362
151363
151365
151366
151367
151368
151370
151371
151372
151373
151374
151375
151376
151377
151378
151379
151383
151385
151387
151388
151389
151391
151392
151394
151395
151396
151398
151400
151401
151402
151405
151406
151408
151409
151410
151411
151413
151414
151416
151418
151419
151420
151421
151422
151423
151426
151428
151429
151430
151431
151433
151435
151436
151437
151438
151439
151440
151442
151443
151444
151445
151446
151447
151448
151449
151450
151451
151452
151453
151454
151455
151456
151459
151460
151461
151462
151463
151464
151465
151466
151467
151468
151469
151471
151473
151474
151475
151478
151481
151486
151488
151490
151491
151492
151495
151497
151499
151501
151502
151505
151506
151508
151510
151512
151513
151514
151518
151521
151522
151523
151524
151525
151526
151527
151528
151529
151530
151532
151534
151535
151536
151537
151538
151539
151540
151541
151542
151543
151545
151547
151548
151549
151550
151551
151552
151553
151554
151555
151556
151558
151560
151561
151562
151563
151564
151565
151566
151567
151569
151570
151571
151572
151573
151574
151575
151576
151577
151578
151579
151580
151581
151582
151583
151584
151585
151586
151588
151589
151592
151593
151594
151595
151596
151597
151598
151599
151601
151602
151603
151604
151605
151606
151607
151608
151609
151610
151611
151612
151614
151615
151616
151617
151618
151619
151620
151622
151623
151626
151627
151628
151629
151630
151631
151632
151633
151634
151635
151636
151637
151638
151639
151640
151642
151643
151644
151645
151647
151648
151649
151650
151653
151655
151656
151657
151658
151659
151660
151661
151663
151664
151666
151667
151668
151670
151671
151672
151674
151675
151676
151677
151678
151680
151685
151687
151688
151689
151691
151692
151693
151694
151696
151699
151701
151702
151703
151704
151705
151707
151709
151711
151713
151714
151715
151716
151717
151718
151719
151721
151724
151725
151726
151727
151730
151731
151732
151736
151739
151740
151741
151742
151746
151748
151749
151750
151751
151752
151753
151755
151756
151757
151758
151759
151761
151762
151763
151764
151765
151766
151767
151768
151769
151770
151771
151772
151773
151775
151776
151777
151780
151781
151783
151784
151787
151788
151789
151790
151792
151794
151795
151796
151797
151798
151799
151800
151801
151804
151805
151806
151807
151808
151809
151810
151811
151813
151814
151815
151816
151817
151818
151820
151821
151822
151823
151824
151825
151826
151828
151829
151831
151832
151833
151834
151835
151836
151837
151838
151841
151842
151843
151845
151847
151848
151849
151850
151851
151852
151854
151855
151858
151859
151861
151862
151863
151864
151865
151867
151868
151869
151871
151872
151873
151874
151875
151876
151877
151878
151879
151880
151881
151882
151885
151887
151889
151890
151891
151892
151893
151894
151895
151896
151898
151899
151900
151901
151902
151904
151906
151907
151908
151909
151911
151912
151913
151914
151915
151916
151917
151918
151919
151920
151921
151922
151923
151924
151925
151926
151927
151928
151929
151930
151931
151932
151933
151934
151935
151936
151937
151938
151939
151941
151942
151943
151944
151945
151946
151947
151948
151949
151950
151951
151952
151953
151954
151955
151956
151957
151958
151959
151960
151961
151964
151965
151966
151967
151968
151969
151970
151972
151973
151974
151975
151976
151977
151978
151979
151980
151981
151982
151983
151984
151985
151988
151989
151990
151992
151993
151994
151996
151997
151998
152000
152001
152003
152005
152006
152007
152008
152010
152011
152012
152013
152014
152015
152016
152017
152018
152019
152020
152021
152022
152023
152025
152026
152027
152028
152030
152031
152032
152035
152036
152037
152040
152041
152042
152043
152044
152045
152047
152049
152051
152052
152054
152055
152056
152057
152058
152059
152061
152062
152063
152064
152066
152067
152068
152069
152070
152071
152072
152073
152075
152079
152080
152081
152082
152084
152085
152086
152087
152088
152089
152090
152091
152096
152097
152098
152099
152100
152101
152103
152104
152105
152106
152107
152109
152111
152112
152113
152114
152115
152117
152119
152120
152122
152123
152124
152125
152127
152128
152129
152130
152132
152133
152135
152136
152137
152138
152139
152140
152141
152142
152144
152145
152146
152147
152150
152153
152154
152155
152156
152157
152158
152159
152160
152161
152162
152163
152164
152165
152167
152168
152169
152170
152171
152172
152173
152175
152176
152180
152181
152182
152183
152184
152185
152186
152190
152191
152193
152194
152195
152197
152198
152199
152200
152201
152202
152203
152204
152206
152207
152209
152213
152214
152215
152216
152217
152218
152220
152221
152222
152223
152225
152227
152228
152229
152230
152231
152235
152236
152238
152239
152240
152241
152242
152243
152244
152245
152248
152249
152250
152251
152252
152253
152255
152256
152258
152259
152261
152263
152264
152265
152266
152267
152268
152269
152270
152271
152274
152275
152276
152277
152278
152279
152280
152281
152282
152284
152285
152287
152289
152290
152291
152292
152293
152294
152295
152296
152298
152299
152300
152301
152302
152303
152304
152306
152307
152308
152309
152311
152312
152314
152315
152316
152317
152318
152319
152320
152321
152324
152325
152326
152327
152328
152330
152331
152332
152333
152334
152335
152336
152338
152339
152340
152341
152344
152345
152346
152347
152349
152351
152352
152353
152354
152356
152359
152360
152361
152362
152364
152365
152366
152367
152368
152369
152370
152371
152373
152374
152377
152378
152380
152381
152382
152383
152384
152385
152386
152387
152388
152389
152390
152391
152392
152395
152396
152397
152400
152401
152402
152403
152405
152406
152408
152409
152410
152411
152412
152414
152415
152416
152417
152418
152419
152420
152422
152423
152424
152425
152426
152428
152429
152434
152435
152436
152438
152441
152442
152444
152445
152447
152450
152451
152452
152454
152456
152457
152458
152460
152461
152462
152463
152464
152465
152467
152468
152470
152471
152472
152476
152478
152479
152481
152482
152483
152484
152485
152486
152489
152490
152492
152495
152496
152497
152498
152499
152500
152503
152504
152505
152507
152508
152509
152510
152513
152516
152518
152520
152522
152523
152524
152525
152526
152527
152528
152530
152531
152532
152533
152534
152536
152537
152538
152539
152540
152542
152543
152544
152545
152546
152547
152548
152550
152551
152553
152554
152555
152556
152557
152559
152562
152565
152566
152567
152568
152569
152570
152571
152574
152576
152579
152580
152582
152583
152585
152587
152588
152589
152590
152591
152593
152594
152595
152596
152599
152601
152602
152605
152606
152607
152608
152609
152610
152619
152620
152621
152622
152623
152626
152628
152629
152630
152631
152632
152633
152634
152635
152636
152639
152642
152644
152646
152647
152649
152650
152652
152653
152656
152657
152658
152659
152661
152662
152663
152665
152668
152670
152672
152673
152674
152675
152676
152678
152682
152684
152686
152687
152688
152689
152691
152692
152694
152695
152696
152698
152699
152700
152701
152702
152703
152705
152706
152708
152710
152711
152712
152713
152714
152717
152718
152719
152721
152722
152724
152725
152727
152728
152731
152732
152733
152734
152735
152736
152738
152739
152740
152741
152743
152745
152747
152750
152755
152757
152758
152759
152760
152761
152762
152763
152764
152765
152766
152767
152768
152769
152773
152774
152775
152778
152779
152780
152781
152782
152784
152788
152789
152792
152793
152795
152796
152798
152800
152801
152802
152805
152807
152808
152809
152810
152811
152812
152814
152815
152817
152818
152819
152820
152821
152823
152825
152826
152827
152830
152832
152833
152835
152836
152838
152839
152841
152843
152846
152848
152849
152850
152852
152855
152857
152859
152860
152861
152863
152865
152866
152867
152868
152869
152870
152871
152872
152873
152874
152875
152876
152877
152878
152879
152880
152881
152883
152884
152885
152886
152888
152890
152891
152892
152893
152894
152896
152897
152898
152899
152901
152902
152903
152904
152905
152906
152908
152909
152910
152913
152914
152915
152916
152917
152919
152920
152921
152922
152923
152924
152925
152926
152927
152928
152929
152933
152934
152935
152936
152937
152938
152943
152944
152945
152946
152947
152948
152949
152950
152951
152953
152954
152955
152956
152957
152958
152959
152961
152962
152963
152965
152966
152967
152968
152970
152972
152974
152977
152979
152981
152982
152983
152984
152986
152988
152989
152990
152991
152992
152993
152994
152995
152996
152998
152999
153001
153003
153004
153005
153008
153009
153010
153012
153015
153019
153021
153022
153023
153024
153026
153027
153028
153029
153030
153031
153033
153034
153035
153037
153039
153041
153042
153043
153044
153045
153046
153047
153048
153049
153050
153051
153052
153055
153056
153057
153058
153059
153060
153061
153063
153066
153067
153068
153069
153070
153073
153074
153075
153076
153078
153081
153082
153085
153086
153089
153090
153091
153092
153093
153094
153096
153101
153103
153104
153105
153109
153110
153111
153113
153114
153115
153117
153118
153120
153123
153124
153125
153126
153129
153131
153132
153133
153135
153136
153138
153139
153140
153142
153143
153144
153145
153146
153148
153149
153150
153151
153152
153153
153156
153157
153158
153160
153161
153162
153164
153165
153166
153167
153168
153171
153172
153173
153174
153175
153176
153177
153178
153179
153180
153181
153182
153183
153184
153186
153187
153188
153190
153191
153192
153193
153194
153196
153197
153198
153200
153202
153205
153206
153207
153209
153210
153211
153212
153215
153216
153217
153222
153223
153224
153225
153226
153228
153229
153230
153232
153233
153234
153235
153236
153237
153238
153244
153246
153248
153252
153253
153255
153256
153257
153258
153259
153260
153261
153263
153264
153265
153266
153268
153269
153273
153274
153277
153278
153281
153282
153284
153285
153286
153287
153288
153290
153291
153292
153293
153296
153297
153299
153301
153302
153303
153304
153305
153307
153308
153309
153310
153312
153313
153314
153316
153317
153318
153319
153320
153321
153322
153323
153324
153325
153326
153327
153328
153329
153330
153331
153332
153334
153335
153336
153337
153338
153340
153341
153342
153344
153345
153346
153348
153351
153353
153354
153355
153356
153358
153359
153361
153362
153363
153365
153366
153367
153369
153371
153372
153373
153374
153375
153376
153377
153378
153379
153380
153381
153382
153383
153384
153385
153386
153387
153388
153390
153393
153394
153395
153396
153397
153400
153402
153403
153406
153407
153408
153409
153411
153413
153414
153416
153417
153420
153421
153424
153425
153426
153428
153429
153430
153431
153432
153433
153434
153435
153436
153441
153442
153444
153445
153446
153447
153449
153451
153453
153454
153456
153457
153459
153461
153462
153463
153466
153467
153469
153470
153471
153472
153473
153475
153476
153477
153479
153480
153481
153483
153485
153486
153487
153488
153489
153493
153494
153495
153496
153497
153498
153501
153502
153503
153504
153507
153509
153510
153511
153512
153513
153514
153515
153516
153517
153520
153521
153522
153523
153524
153525
153526
153529
153530
153531
153532
153533
153534
153535
153537
153539
153540
153541
153543
153545
153547
153548
153549
153551
153552
153553
153555
153556
153558
153559
153560
153561
153563
153564
153566
153567
153569
153570
153571
153572
153574
153577
153580
153581
153585
153588
153589
153590
153592
153593
153594
153595
153596
153597
153599
153600
153601
153603
153606
153607
153609
153610
153611
153613
153614
153615
153617
153618
153619
153622
153623
153624
153625
153626
153628
153629
153630
153631
153632
153635
153636
153638
153640
153641
153644
153645
153646
153647
153648
153649
153650
153653
153655
153656
153657
153658
153659
153662
153663
153664
153666
153667
153668
153669
153670
153671
153673
153674
153675
153676
153677
153678
153679
153680
153682
153684
153685
153686
153687
153688
153689
153690
153691
153693
153694
153695
153696
153697
153701
153702
153703
153704
153705
153706
153707
153709
153710
153711
153712
153713
153715
153716
153718
153719
153720
153721
153722
153723
153724
153725
153726
153727
153728
153730
153732
153733
153734
153735
153737
153739
153740
153742
153743
153746
153747
153749
153750
153751
153753
153754
153756
153759
153760
153761
153764
153766
153767
153768
153769
153770
153771
153772
153775
153776
153779
153780
153781
153783
153784
153785
153786
153787
153790
153791
153793
153794
153795
153796
153797
153799
153800
153801
153803
153805
153806
153807
153809
153810
153812
153813
153815
153817
153818
153820
153822
153823
153824
153825
153826
153827
153828
153829
153830
153831
153833
153834
153837
153838
153841
153844
153845
153846
153848
153850
153851
153852
153853
153854
153858
153859
153860
153861
153862
153863
153865
153867
153868
153870
153871
153873
153876
153877
153878
153879
153880
153882
153883
153884
153885
153886
153887
153888
153889
153892
153893
153895
153896
153898
153899
153900
153901
153902
153903
153905
153906
153907
153908
153910
153911
153912
153913
153914
153915
153917
153918
153920
153921
153922
153923
153924
153926
153928
153929
153930
153931
153934
153935
153936
153938
153939
153940
153941
153942
153943
153944
153945
153947
153948
153949
153950
153952
153955
153960
153961
153963
153965
153966
153968
153969
153970
153971
153972
153973
153974
153975
153977
153979
153980
153981
153982
153983
153984
153985
153986
153988
153989
153990
153991
153992
153993
153995
153996
153997
154000
154001
154002
154003
154004
154008
154009
154010
154011
154014
154016
154017
154018
154021
154022
154023
154024
154025
154026
154027
154028
154030
154031
154032
154033
154034
154036
154037
154043
154044
154045
154048
154049
154052
154054
154055
154056
154057
154058
154059
154060
154061
154063
154065
154067
154068
154070
154072
154073
154076
154077
154079
154081
154083
154084
154085
154087
154088
154089
154090
154091
154092
154093
154094
154095
154096
154102
154103
154105
154108
154110
154111
154112
154113
154115
154116
154118
154121
154123
154125
154126
154127
154128
154131
154132
154133
154136
154138
154141
154142
154143
154145
154148
154149
154152
154155
154157
154160
154163
154164
154167
154168
154169
154172
154173
154174
154180
154181
154182
154183
154184
154185
154187
154188
154189
154190
154191
154192
154197
154198
154199
154200
154201
154202
154203
154204
154207
154208
154209
154211
154214
154218
154221
154222
154223
154224
154225
154226
154228
154231
154232
154233
154234
154235
154236
154238
154240
154241
154242
154243
154246
154247
154248
154249
154251
154252
154253
154254
154256
154257
154262
154263
154264
154266
154267
154270
154271
154272
154273
154274
154279
154280
154281
154282
154283
154284
154285
154286
154287
154288
154289
154290
154291
154292
154293
154294
154295
154296
154297
154298
154299
154301
154303
154304
154305
154306
154307
154309
154310
154312
154313
154314
154315
154316
154317
154318
154319
154320
154321
154322
154323
154324
154325
154326
154327
154328
154329
154332
154333
154334
154335
154336
154337
154338
154339
154340
154341
154342
154343
154344
154345
154346
154348
154349
154350
154351
154352
154353
154354
154356
154357
154358
154359
154361
154362
154363
154365
154366
154367
154368
154369
154370
154371
154372
154373
154374
154375
154376
154379
154380
154382
154383
154384
154385
154386
154387
154388
154389
154390
154391
154393
154394
154395
154397
154398
154399
154400
154401
154404
154405
154406
154407
154409
154410
154411
154412
154413
154416
154419
154421
154422
154423
154424
154426
154428
154430
154434
154435
154438
154439
154440
154441
154442
154444
154445
154446
154448
154449
154450
154451
154452
154456
154459
154461
154462
154463
154465
154466
154467
154468
154469
154470
154471
154472
154476
154478
154479
154480
154481
154484
154485
154486
154487
154488
154490
154492
154493
154498
154500
154502
154503
154504
154505
154507
154508
154509
154510
154511
154515
154517
154518
154519
154520
154521
154522
154523
154524
154525
154526
154527
154529
154531
154532
154533
154534
154536
154537
154538
154539
154540
154541
154542
154543
154544
154545
154546
154547
154548
154549
154550
154551
154552
154553
154554
154557
154558
154559
154560
154561
154562
154563
154564
154565
154567
154568
154569
154570
154572
154573
154574
154575
154576
154577
154578
154579
154580
154582
154583
154584
154586
154591
154592
154593
154595
154596
154599
154600
154601
154602
154603
154604
154605
154606
154608
154609
154611
154612
154613
154616
154617
154618
154620
154621
154623
154624
154625
154626
154627
154628
154629
154634
154636
154639
154647
154650
154651
154654
154655
154659
154662
154664
154665
154666
154667
154668
154669
154671
154672
154673
154674
154675
154676
154677
154678
154679
154680
154681
154683
154684
154685
154686
154687
154688
154689
154690
154691
154692
154693
154694
154696
154698
154699
154700
154701
154702
154704
154706
154708
154709
154710
154711
154712
154713
154714
154716
154719
154720
154723
154724
154725
154726
154729
154730
154731
154732
154735
154736
154739
154740
154741
154743
154744
154745
154746
154747
154748
154750
154751
154752
154757
154758
154762
154763
154765
154766
154770
154775
154776
154778
154779
154780
154781
154784
154785
154787
154788
154789
154791
154792
154793
154795
154797
154798
154799
154800
154801
154802
154803
154804
154808
154809
154810
154811
154812
154813
154814
154819
154820
154821
154824
154825
154826
154827
154830
154831
154832
154834
154835
154836
154837
154838
154839
154840
154841
154842
154843
154844
154845
154847
154850
154851
154852
154853
154854
154855
154856
154857
154858
154860
154863
154867
154870
154871
154872
154873
154874
154875
154877
154880
154882
154884
154885
154887
154889
154890
154891
154892
154893
154894
154895
154896
154897
154899
154902
154903
154904
154905
154906
154907
154909
154910
154912
154913
154914
154915
154916
154918
154920
154921
154922
154923
154924
154926
154927
154928
154929
154930
154931
154932
154933
154935
154936
154937
154939
154940
154942
154943
154944
154946
154947
154948
154949
154950
154951
154952
154954
154956
154958
154959
154961
154962
154963
154964
154967
154968
154969
154970
154971
154972
154973
154974
154975
154976
154978
154979
154981
154982
154983
154984
154985
154987
154995
154996
155000
155001
155003
155005
155006
155007
155008
155009
155011
155014
155015
155016
155018
155022
155023
155024
155025
155026
155027
155028
155029
155030
155031
155032
155034
155035
155037
155038
155040
155041
155042
155043
155044
155048
155049
155051
155054
155056
155057
155059
155060
155063
155064
155067
155068
155069
155070
155071
155072
155074
155075
155076
155077
155079
155080
155081
155082
155083
155084
155085
155086
155087
155089
155090
155091
155092
155094
155095
155097
155098
155099
155100
155101
155102
155103
155105
155106
155107
155108
155109
155111
155112
155113
155115
155117
155118
155119
155120
155121
155123
155124
155126
155127
155129
155131
155133
155134
155135
155136
155137
155139
155141
155142
155143
155145
155146
155147
155148
155149
155150
155152
155153
155154
155155
155156
155157
155158
155159
155160
155161
155162
155163
155164
155166
155167
155171
155174
155175
155176
155177
155178
155179
155180
155181
155182
155183
155184
155185
155186
155187
155188
155191
155192
155193
155195
155197
155199
155200
155201
155202
155203
155204
155207
155208
155210
155211
155212
155215
155216
155217
155218
155221
155223
155226
155227
155228
155229
155230
155232
155233
155234
155235
155236
155237
155238
155239
155240
155241
155243
155244
155245
155246
155247
155248
155249
155251
155252
155257
155259
155261
155262
155263
155264
155265
155266
155269
155270
155273
155274
155278
155279
155280
155281
155282
155283
155285
155286
155288
155289
155290
155293
155294
155297
155298
155301
155304
155305
155307
155308
155309
155310
155313
155314
155315
155317
155319
155321
155324
155328
155330
155331
155333
155339
155342
155343
155345
155346
155347
155351
155352
155356
155358
155359
155360
155362
155363
155364
155366
155367
155368
155369
155372
155373
155374
155376
155377
155378
155379
155380
155382
155383
155385
155386
155388
155391
155394
155396
155397
155398
155400
155401
155402
155403
155404
155406
155407
155408
155409
155410
155411
155412
155413
155414
155416
155417
155418
155419
155422
155423
155424
155425
155426
155428
155430
155431
155432
155433
155434
155435
155437
155439
155440
155441
155443
155444
155445
155446
155448
155449
155450
155452
155453
155454
155456
155457
155458
155460
155461
155462
155464
155465
155466
155467
155468
155470
155471
155472
155473
155474
155475
155476
155477
155478
155479
155480
155481
155482
155483
155484
155485
155486
155487
155488
155492
155494
155495
155496
155497
155498
155500
155501
155502
155506
155507
155508
155509
155511
155512
155513
155514
155515
155516
155518
155519
155520
155521
155522
155523
155524
155525
155526
155529
155532
155534
155535
155537
155538
155543
155544
155545
155546
155547
155549
155550
155551
155552
155554
155555
155556
155557
155558
155560
155561
155562
155564
155565
155567
155568
155570
155571
155574
155575
155576
155577
155580
155581
155582
155583
155584
155585
155586
155587
155589
155590
155591
155592
155593
155594
155595
155596
155597
155598
155599
155600
155601
155602
155603
155604
155606
155607
155608
155609
155610
155611
155612
155613
155614
155615
155616
155617
155619
155620
155621
155622
155624
155627
155629
155631
155632
155633
155634
155635
155636
155637
155638
155639
155640
155641
155642
155643
155645
155647
155648
155649
155650
155651
155653
155654
155656
155657
155658
155660
155662
155664
155665
155666
155667
155668
155672
155673
155674
155675
155676
155678
155679
155680
155681
155682
155686
155689
155690
155691
155692
155693
155694
155695
155696
155697
155699
155701
155703
155704
155705
155706
155707
155708
155709
155711
155712
155715
155716
155717
155718
155719
155721
155722
155723
155726
155727
155728
155729
155732
155733
155737
155740
155741
155742
155743
155744
155745
155748
155749
155750
155751
155753
155754
155755
155757
155758
155760
155761
155763
155764
155765
155766
155770
155771
155774
155775
155776
155779
155780
155781
155782
155783
155784
155787
155790
155791
155792
155793
155794
155795
155796
155797
155798
155799
155801
155802
155803
155804
155806
155807
155808
155810
155811
155814
155817
155818
155819
155821
155822
155824
155825
155829
155830
155831
155832
155833
155834
155835
155836
155837
155838
155840
155841
155842
155843
155846
155847
155849
155852
155853
155854
155855
155856
155857
155858
155859
155861
155862
155864
155865
155866
155867
155869
155870
155871
155874
155875
155876
155877
155878
155879
155880
155881
155882
155883
155884
155885
155886
155887
155888
155889
155890
155891
155892
155893
155894
155895
155896
155897
155899
155900
155901
155902
155906
155907
155908
155909
155910
155911
155912
155913
155915
155916
155917
155919
155920
155921
155922
155923
155924
155925
155927
155931
155932
155933
155935
155936
155938
155939
155940
155941
155942
155943
155945
155946
155947
155948
155950
155952
155953
155954
155955
155956
155957
155959
155960
155961
155962
155963
155964
155966
155967
155968
155970
155971
155972
155973
155974
155977
155978
155979
155980
155982
155983
155984
155985
155986
155987
155988
155989
155990
155991
155992
155994
155995
155996
155997
155998
155999
156000
156003
156005
156006
156007
156008
156009
156010
156011
156012
156013
156014
156015
156016
156017
156018
156019
156020
156021
156022
156023
156024
156026
156027
156029
156030
156031
156032
156033
156034
156035
156036
156037
156040
156041
156042
156043
156044
156045
156047
156048
156049
156050
156052
156054
156055
156056
156057
156058
156059
156060
156062
156064
156065
156066
156067
156068
156069
156070
156071
156072
156073
156075
156076
156077
156078
156079
156080
156081
156083
156084
156089
156092
156093
156094
156095
156096
156097
156099
156100
156101
156104
156105
156106
156107
156108
156109
156111
156112
156113
156115
156116
156117
156118
156119
156120
156122
156124
156126
156127
156128
156129
156131
156133
156137
156138
156139
156140
156143
156146
156147
156148
156149
156151
156152
156153
156154
156155
156156
156157
156158
156159
156161
156162
156163
156164
156165
156167
156169
156170
156171
156174
156175
156176
156177
156178
156179
156180
156183
156186
156187
156189
156190
156191
156193
156194
156195
156196
156198
156203
156205
156206
156207
156209
156212
156213
156214
156215
156217
156218
156219
156221
156223
156224
156225
156228
156229
156230
156231
156232
156233
156234
156235
156236
156240
156241
156242
156243
156244
156245
156247
156248
156249
156253
156254
156255
156256
156257
156258
156261
156263
156264
156265
156266
156267
156268
156270
156271
156272
156274
156275
