87853
87855
87857
87858
87860
87861
87862
87863
87864
87865
87866
87867
87868
87871
87872
87873
87874
87875
87876
87877
87878
87880
87881
87883
87884
87885
87886
87890
87893
87895
87896
87897
87899
87900
87902
87903
87904
87905
87909
87911
87912
87913
87914
87915
87916
87917
87918
87920
87921
87922
87923
87924
87927
87928
87929
87930
87933
87936
87938
87939
87940
87946
87947
87948
87952
87953
87955
87956
87957
87959
87961
87963
87964
87965
87966
87967
87968
87969
87971
87972
87973
87974
87976
87977
87978
87981
87982
87984
87985
87988
87989
87991
87992
87993
87995
87998
88000
88004
88005
88006
88007
88009
88010
88011
88014
88015
88016
88018
88019
88022
88023
88024
88025
88026
88027
88028
88029
88030
88031
88034
88035
88037
88040
88042
88044
88046
88047
88048
88050
88055
88056
88057
88058
88059
88060
88061
88064
88066
88067
88068
88069
88071
88072
88076
88080
88081
88082
88083
88084
88085
88086
88087
88088
88089
88091
88092
88093
88094
88095
88096
88097
88098
88103
88105
88106
88107
88110
88111
88112
88113
88115
88116
88117
88118
88119
88120
88122
88123
88124
88125
88126
88128
88129
88130
88131
88133
88134
88135
88136
88137
88138
88139
88140
88141
88142
88143
88144
88148
88149
88150
88151
88156
88157
88158
88159
88160
88161
88162
88164
88165
88167
88169
88170
88171
88172
88173
88174
88176
88177
88178
88179
88180
88182
88183
88184
88185
88186
88189
88190
88192
88193
88194
88195
88196
88198
88200
88201
88203
88205
88207
88210
88212
88214
88215
88216
88217
88219
88220
88221
88223
88228
88232
88233
88234
88235
88236
88237
88238
88244
88246
88248
88252
88261
88265
88266
88270
88272
88273
88274
88278
88279
88280
88281
88283
88285
88286
88287
88289
88290
88291
88292
88293
88294
88295
88296
88297
88300
88301
88302
88303
88305
88306
88307
88309
88311
88312
88313
88314
88315
88316
88318
88319
88320
88321
88322
88323
88325
88327
88329
88330
88331
88332
88333
88334
88335
88336
88338
88339
88340
88341
88342
88343
88345
88346
88347
88348
88349
88350
88351
88354
88355
88357
88358
88359
88360
88361
88362
88363
88364
88365
88366
88367
88368
88369
88370
88372
88374
88375
88376
88377
88378
88379
88383
88387
88388
88389
88390
88391
88393
88394
88396
88397
88398
88399
88400
88401
88403
88407
88409
88410
88411
88413
88414
88415
88416
88417
88419
88421
88423
88426
88427
88428
88429
88430
88431
88432
88433
88434
88435
88438
88439
88440
88443
88444
88445
88447
88448
88449
88450
88451
88452
88454
88455
88456
88457
88458
88459
88460
88461
88462
88463
88465
88467
88468
88470
88471
88473
88474
88475
88477
88478
88479
88481
88482
88483
88484
88485
88486
88487
88488
88489
88490
88491
88492
88493
88495
88496
88498
88499
88500
88501
88502
88503
88505
88506
88507
88508
88510
88511
88512
88513
88514
88517
88519
88520
88521
88522
88525
88526
88528
88529
88530
88533
88534
88536
88537
88540
88541
88542
88544
88545
88546
88547
88548
88550
88552
88554
88555
88556
88557
88558
88559
88560
88561
88562
88565
88566
88567
88568
88569
88570
88571
88572
88573
88574
88575
88576
88577
88578
88579
88582
88583
88584
88585
88587
88588
88589
88590
88592
88593
88595
88596
88597
88598
88600
88602
88605
88606
88607
88608
88610
88612
88613
88615
88617
88619
88620
88621
88623
88624
88625
88627
88628
88629
88630
88631
88632
88633
88634
88635
88637
88638
88641
88643
88644
88645
88646
88647
88648
88649
88650
88651
88654
88655
88656
88657
88658
88659
88660
88662
88663
88665
88666
88667
88668
88670
88671
88672
88673
88674
88675
88676
88677
88678
88679
88680
88682
88683
88684
88685
88686
88687
88688
88689
88690
88691
88692
88694
88695
88696
88697
88701
88702
88703
88705
88706
88707
88708
88709
88715
88716
88717
88718
88719
88720
88721
88722
88723
88724
88725
88726
88727
88729
88730
88731
88732
88733
88734
88737
88739
88741
88742
88743
88744
88745
88746
88747
88748
88749
88750
88752
88753
88754
88757
88758
88761
88762
88763
88764
88765
88768
88771
88773
88778
88779
88780
88781
88782
88783
88784
88785
88786
88787
88788
88790
88791
88792
88794
88795
88796
88797
88798
88799
88801
88805
88806
88808
88809
88810
88811
88812
88813
88814
88815
88816
88817
88818
88819
88820
88821
88822
88823
88824
88825
88826
88827
88828
88829
88831
88832
88834
88835
88836
88838
88839
88840
88841
88843
88844
88845
88846
88848
88850
88851
88852
88853
88854
88855
88856
88857
88858
88859
88860
88861
88863
88864
88865
88866
88870
88873
88875
88876
88877
88878
88879
88880
88881
88883
88884
88885
88888
88889
88890
88891
88893
88894
88895
88896
88899
88901
88902
88903
88904
88905
88906
88907
88908
88909
88910
88911
88912
88913
88914
88915
88917
88918
88920
88921
88922
88923
88924
88925
88926
88927
88928
88929
88930
88931
88932
88934
88935
88936
88937
88938
88939
88940
88941
88943
88945
88947
88950
88951
88952
88953
88955
88956
88957
88961
88962
88963
88964
88965
88966
88968
88969
88970
88971
88972
88975
88976
88977
88978
88980
88983
88986
88987
88989
88990
88993
88994
88996
88997
88998
88999
89000
89001
89002
89003
89004
89005
89007
89008
89009
89010
89011
89012
89013
89014
89016
89017
89018
89019
89020
89021
89023
89024
89025
89026
89027
89029
89031
89032
89033
89034
89037
89040
89041
89042
89043
89044
89045
89046
89048
89050
89054
89055
89056
89057
89058
89059
89060
89061
89062
89065
89068
89069
89070
89071
89072
89073
89074
89075
89076
89078
89079
89081
89082
89083
89084
89085
89087
89088
89090
89091
89092
89093
89094
89096
89097
89099
89100
89101
89102
89103
89106
89107
89109
89110
89112
89113
89114
89115
89116
89118
89119
89120
89121
89122
89125
89126
89127
89129
89130
89131
89132
89133
89134
89137
89139
89141
89142
89143
89144
89146
89147
89148
89150
89152
89156
89157
89158
89159
89160
89161
89163
89165
89167
89169
89170
89172
89174
89175
89176
89178
89179
89180
89181
89183
89184
89187
89188
89189
89190
89191
89192
89193
89194
89195
89198
89199
89200
89202
89203
89204
89205
89206
89207
89208
89209
89212
89214
89215
89216
89219
89221
89222
89223
89225
89226
89227
89228
89229
89230
89231
89233
89234
89236
89240
89241
89242
89244
89246
89247
89248
89250
89251
89252
89253
89254
89255
89256
89258
89262
89263
89264
89265
89266
89267
89268
89269
89270
89275
89276
89278
89279
89282
89283
89284
89285
89287
89288
89290
89291
89292
89293
89294
89295
89296
89298
89299
89300
89303
89304
89305
89306
89309
89312
89313
89314
89315
89316
89320
89321
89323
89326
89327
89329
89330
89332
89333
89334
89335
89336
89338
89339
89342
89343
89345
89346
89348
89349
89350
89351
89353
89354
89356
89357
89358
89359
89360
89363
89364
89365
89366
89367
89368
89370
89371
89373
89376
89377
89378
89379
89380
89381
89382
89384
89385
89386
89387
89388
89389
89391
89394
89395
89396
89397
89398
89399
89402
89404
89406
89408
89409
89410
89412
89413
89416
89420
89421
89422
89423
89424
89426
89427
89428
89430
89431
89432
89434
89435
89436
89437
89438
89439
89440
89442
89443
89444
89445
89447
89448
89450
89451
89456
89457
89463
89464
89465
89466
89467
89468
89469
89470
89471
89472
89473
89474
89475
89476
89477
89479
89480
89481
89482
89485
89487
89489
89490
89491
89492
89496
89497
89498
89499
89502
89504
89505
89507
89508
89510
89511
89514
89516
89518
89520
89521
89522
89523
89524
89525
89527
89528
89529
89530
89532
89534
89535
89536
89537
89538
89542
89543
89544
89545
89547
89548
89549
89551
89552
89553
89554
89555
89556
89557
89558
89559
89560
89561
89562
89563
89564
89566
89567
89568
89569
89570
89571
89572
89573
89574
89576
89578
89579
89581
89582
89583
89586
89587
89588
89590
89591
89593
89594
89595
89600
89601
89602
89603
89604
89608
89609
89610
89612
89613
89614
89615
89617
89619
89620
89621
89622
89623
89624
89625
89626
89628
89630
89631
89632
89634
89635
89637
89638
89640
89641
89642
89643
89644
89646
89648
89649
89650
89651
89652
89654
89655
89657
89658
89659
89660
89661
89662
89664
89666
89667
89668
89669
89671
89673
89674
89675
89676
89680
89681
89682
89683
89684
89685
89686
89687
89688
89689
89690
89691
89692
89693
89696
89698
89699
89700
89702
89703
89704
89706
89707
89708
89709
89710
89712
89715
89716
89717
89718
89720
89721
89722
89723
89724
89725
89726
89727
89729
89730
89733
89734
89735
89737
89738
89739
89741
89742
89744
89746
89748
89749
89750
89751
89752
89754
89755
89756
89757
89759
89763
89764
89765
89766
89769
89770
89772
89773
89774
89775
89776
89777
89779
89781
89782
89784
89785
89786
89788
89789
89790
89791
89797
89798
89799
89800
89801
89802
89806
89807
89811
89813
89814
89815
89816
89817
89818
89819
89822
89823
89824
89825
89827
89831
89833
89837
89838
89842
89843
89845
89847
89850
89851
89853
89854
89857
89860
89861
89862
89863
89864
89866
89867
89868
89869
89870
89874
89876
89881
89885
89889
89890
89891
89894
89895
89896
89897
89899
89900
89901
89903
89905
89906
89908
89910
89911
89912
89914
89915
89916
89917
89921
89925
89926
89928
89931
89933
89937
89941
89942
89943
89944
89945
89946
89947
89952
89953
89954
89955
89956
89957
89960
89961
89962
89966
89967
89968
89971
89972
89973
89974
89976
89977
89979
89980
89981
89983
89984
89986
89987
89989
89990
89991
89997
89998
90001
90003
90004
90006
90007
90008
90009
90010
90012
90013
90014
90016
90017
90018
90019
90020
90021
90022
90024
90025
90026
90027
90030
90031
90032
90033
90036
90038
90039
90040
90042
90044
90045
90046
90047
90048
90049
90050
90051
90054
90055
90056
90057
90058
90059
90060
90061
90062
90063
90064
90066
90069
90071
90072
90073
90074
90076
90077
90078
90079
90081
90082
90083
90084
90086
90087
90088
90089
90090
90091
90093
90095
90096
90097
90098
90099
90100
90101
90102
90103
90105
90106
90107
90108
90109
90110
90112
90113
90114
90115
90117
90118
90119
90120
90121
90122
90124
90125
90126
90127
90128
90129
90130
90131
90132
90134
90135
90136
90138
90139
90142
90143
90144
90149
90150
90151
90152
90155
90157
90158
90159
90160
90163
90166
90169
90170
90172
90173
90174
90175
90176
90177
90178
90179
90180
90184
90185
90187
90189
90190
90191
90192
90193
90194
90195
90196
90198
90199
90200
90201
90202
90204
90205
90207
90208
90209
90210
90212
90213
90214
90217
90218
90219
90220
90221
90222
90223
90224
90225
90226
90227
90228
90229
90230
90231
90232
90234
90235
90237
90238
90240
90242
90243
90244
90246
90247
90253
90254
90255
90256
90257
90258
90259
90263
90265
90269
90270
90273
90276
90277
90278
90280
90281
90283
90284
90285
90286
90287
90288
90291
90292
90293
90294
90295
90296
90298
90299
90300
90301
90302
90303
90304
90305
90306
90307
90308
90309
90310
90312
90314
90315
90319
90320
90322
90323
90324
90325
90326
90329
90331
90333
90334
90335
90336
90340
90341
90342
90343
90344
90346
90347
90349
90350
90351
90352
90353
90354
90356
90357
90358
90360
90361
90363
90364
90365
90366
90369
90371
90372
90376
90378
90379
90383
90384
90385
90387
90390
90391
90392
90393
90396
90397
90399
90401
90402
90404
90405
90407
90408
90409
90410
90411
90413
90417
90419
90423
90424
90425
90427
90428
90432
90433
90434
90435
90436
90437
90438
90439
90441
90442
90445
90446
90448
90449
90450
90451
90452
90453
90454
90455
90456
90457
90458
90459
90460
90461
90463
90464
90465
90466
90467
90468
90469
90470
90471
90473
90474
90478
90479
90481
90483
90484
90485
90487
90488
90490
90494
90495
90499
90500
90501
90502
90504
90505
90506
90508
90509
90510
90511
90512
90515
90516
90518
90519
90520
90522
90524
90525
90527
90528
90529
90530
90531
90532
90533
90537
90538
90539
90540
90541
90542
90543
90544
90545
90547
90549
90551
90555
90559
90560
90562
90563
90564
90565
90566
90567
90571
90573
90575
90576
90577
90578
90579
90580
90581
90582
90583
90584
90585
90587
90588
90589
90591
90592
90594
90597
90598
90599
90600
90601
90602
90603
90604
90606
90607
90608
90609
90610
90611
90613
90615
90617
90619
90620
90621
90622
90623
90624
90625
90626
90627
90628
90630
90631
90632
90633
90634
90635
90636
90637
90638
90643
90644
90645
90646
90647
90648
90649
90650
90651
90652
90653
90654
90655
90657
90658
90660
90661
90662
90663
90664
90665
90668
90669
90671
90672
90675
90676
90677
90678
90679
90680
90682
90684
90685
90686
90688
90689
90690
90692
90693
90694
90695
90696
90697
90698
90699
90700
90701
90703
90704
90705
90706
90707
90708
90710
90711
90714
90716
90717
90718
90719
90720
90722
90724
90725
90726
90727
90728
90729
90730
90731
90732
90733
90734
90735
90737
90738
90739
90740
90741
90742
90744
90746
90747
90749
90750
90751
90752
90753
90754
90755
90757
90759
90761
90764
90766
90769
90770
90771
90772
90775
90777
90779
90780
90781
90782
90783
90784
90785
90786
90787
90788
90789
90792
90793
90794
90797
90799
90800
90801
90802
90803
90805
90806
90808
90811
90813
90815
90816
90817
90818
90820
90821
90823
90824
90825
90826
90828
90830
90831
90833
90835
90838
90839
90840
90841
90843
90844
90845
90846
90848
90849
90850
90851
90853
90854
90855
90856
90859
90861
90862
90864
90867
90868
90869
90870
90873
90874
90875
90876
90877
90878
90879
90880
90881
90883
90884
90886
90887
90888
90889
90891
90894
90895
90896
90897
90899
90900
90901
90902
90903
90904
90905
90906
90907
90908
90909
90911
90912
90913
90914
90915
90918
90919
90920
90921
90922
90924
90925
90926
90927
90928
90929
90931
90932
90934
90935
90936
90937
90938
90939
90941
90943
90944
90945
90946
90947
90949
90950
90951
90952
90956
90957
90958
90959
90960
90962
90963
90966
90968
90969
90970
90971
90973
90974
90978
90979
90982
90983
90984
90985
90986
90987
90989
90990
90991
90996
90997
90998
90999
91000
91001
91004
91005
91007
91008
91009
91010
91011
91012
91013
91014
91015
91016
91017
91020
91021
91022
91024
91026
91027
91028
91029
91031
91032
91033
91038
91039
91040
91042
91045
91046
91047
91048
91049
91050
91051
91052
91054
91056
91057
91059
91060
91061
91062
91064
91068
91069
91071
91072
91075
91077
91078
91079
91081
91082
91083
91084
91087
91088
91089
91092
91095
91096
91097
91100
91102
91103
91104
91106
91107
91110
91111
91113
91115
91116
91117
91119
91120
91121
91122
91123
91127
91128
91129
91130
91131
91132
91134
91135
91136
91138
91140
91141
91142
91144
91145
91147
91148
91150
91151
91152
91154
91155
91156
91157
91159
91160
91162
91163
91164
91165
91167
91170
91171
91174
91175
91176
91177
91179
91181
91182
91183
91184
91185
91186
91187
91188
91189
91191
91193
91195
91196
91197
91198
91199
91202
91203
91204
91206
91207
91208
91209
91211
91212
91213
91214
91216
91217
91218
91219
91220
91221
91222
91224
91226
91227
91228
91229
91230
91231
91232
91233
91234
91235
91236
91237
91238
91240
91242
91244
91245
91246
91247
91248
91249
91250
91251
91252
91253
91254
91256
91257
91258
91259
91260
91263
91265
91266
91268
91269
91270
91271
91272
91273
91274
91276
91277
91278
91279
91282
91284
91285
91287
91288
91289
91290
91291
91292
91293
91294
91295
91296
91298
91299
91300
91301
91303
91305
91307
91308
91309
91310
91311
91312
91314
91315
91316
91317
91318
91319
91323
91325
91326
91327
91328
91329
91330
91331
91333
91335
91336
91337
91341
91342
91343
91344
91346
91347
91348
91349
91350
91351
91352
91353
91354
91355
91356
91357
91358
91359
91363
91364
91365
91367
91368
91370
91371
91372
91373
91374
91375
91376
91377
91379
91381
91383
91384
91386
91388
91389
91390
91391
91393
91394
91395
91397
91399
91400
91401
91402
91403
91404
91407
91409
91410
91411
91412
91413
91415
91418
91419
91420
91421
91423
91424
91426
91427
91428
91429
91430
91433
91434
91436
91437
91438
91439
91440
91443
91444
91445
91446
91447
91448
91451
91453
91456
91459
91460
91462
91464
91465
91467
91468
91472
91473
91474
91475
91476
91477
91478
91480
91481
91483
91484
91485
91486
91488
91490
91491
91493
91494
91495
91496
91497
91500
91503
91504
91506
91507
91509
91510
91512
91513
91516
91517
91518
91519
91521
91523
91526
91527
91529
91530
91531
91532
91534
91538
91540
91542
91544
91548
91549
91550
91551
91552
91556
91558
91559
91560
91561
91567
91572
91573
91576
91577
91582
91583
91584
91586
91588
91589
91591
91593
91594
91595
91596
91597
91598
91599
91600
91601
91603
91605
91607
91608
91609
91613
91614
91615
91616
91617
91618
91619
91620
91621
91624
91626
91627
91628
91629
91631
91633
91634
91635
91638
91639
91640
91641
91642
91645
91646
91647
91648
91649
91650
91651
91655
91657
91658
91659
91660
91661
91662
91663
91665
91666
91669
91672
91673
91676
91678
91679
91680
91681
91682
91684
91685
91686
91687
91689
91691
91692
91696
91697
91699
91700
91701
91702
91707
91709
91710
91711
91712
91713
91714
91715
91716
91717
91718
91719
91721
91723
91726
91727
91730
91731
91732
91733
91735
91736
91738
91739
91740
91741
91742
91743
91744
91745
91746
91747
91748
91749
91750
91751
91752
91754
91757
91758
91759
91762
91763
91764
91767
91769
91770
91772
91773
91774
91775
91776
91779
91780
91781
91782
91784
91787
91788
91792
91794
91795
91799
91800
91801
91802
91803
91807
91808
91810
91811
91812
91814
91815
91817
91818
91819
91820
91822
91823
91824
91825
91826
91827
91829
91830
91833
91835
91836
91839
91840
91841
91842
91844
91846
91847
91849
91851
91853
91854
91855
91856
91858
91859
91860
91861
91862
91863
91864
91865
91866
91867
91868
91869
91870
91871
91872
91873
91874
91875
91876
91877
91878
91879
91881
91882
91885
91886
91887
91888
91889
91894
91896
91897
91898
91901
91903
91905
91906
91907
91908
91911
91912
91915
91916
91917
91919
91920
91921
91922
91923
91924
91925
91926
91927
91930
91932
91933
91935
91936
91937
91938
91939
91940
91943
91944
91947
91948
91950
91951
91953
91954
91955
91959
91961
91962
91963
91964
91966
91968
91969
91970
91976
91979
91982
91983
91984
91985
91986
91987
91990
91991
91997
91998
91999
92001
92002
92003
92004
92005
92006
92007
92008
92009
92011
92012
92013
92014
92015
92016
92018
92020
92021
92023
92025
92027
92028
92030
92031
92032
92033
92035
92038
92039
92040
92043
92045
92047
92048
92049
92051
92053
92054
92055
92056
92057
92058
92059
92060
92061
92063
92064
92065
92067
92068
92070
92071
92072
92073
92075
92076
92077
92080
92083
92084
92085
92089
92092
92094
92095
92096
92098
92100
92101
92102
92103
92106
92107
92108
92109
92110
92111
92113
92118
92120
92122
92125
92126
92127
92128
92129
92133
92135
92136
92137
92138
92139
92140
92143
92145
92146
92147
92148
92149
92150
92152
92153
92160
92163
92168
92169
92170
92171
92172
92173
92174
92175
92176
92177
92178
92179
92181
92182
92183
92184
92187
92189
92192
92196
92197
92198
92200
92201
92203
92204
92210
92211
92212
92214
92217
92224
92225
92228
92229
92230
92231
92232
92233
92234
92235
92236
92243
92244
92245
92246
92247
92248
92249
92251
92252
92253
92254
92256
92257
92258
92260
92261
92263
92265
92267
92269
92270
92272
92273
92274
92275
92276
92278
92279
92283
92284
92285
92286
92288
92289
92290
92291
92293
92294
92295
92296
92297
92298
92299
92300
92301
92303
92304
92305
92306
92307
92308
92309
92310
92311
92312
92313
92314
92315
92316
92317
92318
92319
92320
92321
92322
92323
92324
92325
92326
92327
92328
92329
92330
92332
92333
92334
92335
92337
92338
92339
92340
92341
92342
92343
92344
92345
92346
92347
92348
92349
92350
92351
92352
92353
92354
92355
92356
92357
92358
92360
92362
92363
92364
92365
92366
92367
92368
92369
92371
92372
92373
92374
92375
92376
92377
92378
92380
92381
92382
92383
92385
92386
92387
92388
92389
92390
92391
92392
92393
92394
92395
92396
92397
92398
92399
92400
92401
92402
92403
92404
92405
92407
92408
92409
92410
92412
92413
92414
92415
92416
92417
92418
92420
92421
92422
92423
92424
92425
92426
92427
92428
92429
92430
92431
92432
92433
92434
92435
92436
92437
92438
92439
92440
92441
92442
92443
92444
92445
92446
92447
92448
92449
92450
92452
92453
92454
92455
92457
92458
92459
92460
92461
92462
92463
92464
92465
92466
92467
92468
92469
92470
92471
92472
92473
92474
92475
92476
92477
92478
92479
92481
92482
92483
92484
92487
92488
92489
92491
92492
92494
92495
92496
92498
92499
92500
92501
92503
92506
92508
92509
92510
92511
92513
92514
92515
92516
92517
92518
92519
92520
92521
92522
92524
92525
92526
92527
92528
92529
92532
92533
92535
92537
92539
92540
92542
92543
92544
92546
92547
92548
92549
92550
92551
92552
92553
92554
92555
92556
92557
92558
92559
92560
92562
92564
92565
92568
92570
92571
92572
92573
92574
92575
92576
92578
92579
92580
92581
92584
92587
92588
92589
92590
92591
92593
92594
92596
92597
92598
92599
92600
92602
92604
92605
92606
92607
92608
92609
92610
92612
92613
92614
92615
92616
92618
92619
92620
92621
92622
92626
92627
92630
92631
92632
92636
92637
92638
92639
92640
92641
92643
92644
92647
92648
92649
92651
92652
92657
92658
92659
92661
92663
92664
92665
92666
92668
92669
92670
92671
92672
92673
92674
92677
92678
92679
92680
92681
92682
92683
92684
92685
92687
92689
92690
92696
92698
92699
92700
92701
92702
92703
92704
92705
92706
92707
92708
92709
92710
92711
92712
92713
92714
92715
92717
92718
92719
92720
92721
92722
92725
92726
92727
92728
92729
92732
92733
92734
92735
92737
92738
92739
92740
92741
92743
92744
92745
92746
92748
92749
92751
92752
92753
92755
92756
92757
92758
92759
92760
92761
92762
92763
92764
92765
92766
92767
92768
92769
92771
92772
92774
92776
92777
92779
92780
92782
92783
92785
92786
92788
92789
92790
92791
92792
92793
92794
92795
92797
92798
92799
92800
92801
92802
92803
92805
92806
92807
92808
92809
92810
92812
92813
92814
92815
92816
92818
92819
92820
92821
92822
92823
92824
92825
92826
92827
92828
92829
92830
92831
92832
92833
92834
92835
92836
92837
92839
92840
92841
92842
92843
92845
92846
92847
92849
92851
92852
92853
92854
92856
92857
92858
92859
92860
92863
92864
92865
92866
92867
92868
92870
92871
92874
92875
92878
92879
92881
92882
92884
92885
92887
92890
92892
92894
92895
92896
92897
92898
92899
92900
92902
92903
92905
92908
92909
92910
92911
92912
92914
92916
92917
92918
92919
92920
92921
92922
92923
92925
92926
92927
92928
92930
92932
92933
92934
92935
92936
92937
92941
92943
92944
92946
92947
92948
92949
92950
92951
92952
92954
92955
92956
92957
92958
92959
92960
92962
92963
92964
92966
92971
92972
92973
92975
92978
92979
92980
92981
92982
92983
92985
92987
92988
92989
92990
92991
92992
92994
92995
92996
92997
92998
92999
93000
93003
93005
93006
93010
93011
93015
93016
93018
93019
93020
93021
93022
93024
93025
93026
93027
93028
93030
93031
93032
93035
93036
93038
93039
93043
93044
93046
93048
93049
93050
93051
93053
93054
93055
93057
93058
93059
93060
93061
93062
93063
93064
93065
93066
93067
93068
93069
93070
93071
93072
93073
93075
93076
93078
93079
93080
93081
93082
93083
93084
93085
93086
93087
93088
93089
93090
93091
93093
93095
93096
93097
93098
93099
93100
93101
93104
93105
93106
93107
93110
93111
93112
93113
93114
93115
93116
93117
93119
93120
93121
93122
93123
93125
93126
93127
93128
93130
93131
93132
93133
93134
93135
93137
93138
93140
93141
93142
93144
93145
93146
93147
93148
93149
93150
93151
93152
93153
93154
93155
93156
93158
93159
93160
93161
93163
93164
93165
93166
93167
93168
93169
93170
93172
93173
93175
93176
93177
93179
93180
93182
93183
93184
93185
93186
93187
93188
93189
93190
93192
93193
93195
93196
93198
93199
93201
93203
93204
93205
93206
93207
93208
93209
93210
93212
93213
93214
93215
93216
93217
93219
93221
93222
93223
93226
93228
93229
93230
93232
93233
93234
93235
93236
93239
93240
93241
93242
93243
93244
93246
93249
93250
93251
93252
93253
93254
93255
93256
93257
93258
93259
93260
93262
93263
93264
93265
93266
93269
93270
93271
93272
93273
93274
93275
93276
93278
93279
93280
93281
93282
93284
93285
93286
93287
93290
93291
93292
93295
93296
93297
93298
93299
93300
93301
93302
93303
93304
93305
93306
93307
93308
93309
93310
93311
93312
93313
93316
93317
93320
93322
93323
93324
93325
93327
93329
93330
93334
93335
93337
93338
93341
93342
93343
93344
93346
93347
93348
93350
93352
93353
93354
93355
93357
93358
93359
93360
93362
93363
93364
93365
93366
93367
93369
93371
93372
93373
93374
93375
93376
93377
93380
93381
93383
93384
93385
93386
93387
93388
93389
93390
93391
93392
93393
93395
93397
93398
93400
93402
93403
93405
93407
93408
93409
93410
93413
93414
93415
93416
93417
93418
93420
93423
93424
93425
93426
93427
93430
93431
93432
93433
93435
93436
93438
93439
93442
93443
93445
93446
93447
93448
93449
93453
93455
93456
93457
93458
93460
93461
93462
93463
93464
93465
93467
93468
93469
93470
93471
93472
93473
93474
93476
93477
93478
93480
93484
93485
93486
93487
93488
93489
93490
93491
93492
93494
93496
93497
93499
93501
93503
93504
93507
93508
93510
93512
93514
93515
93516
93517
93518
93519
93520
93521
93522
93523
93524
93527
93528
93530
93533
93534
93535
93536
93537
93539
93541
93542
93544
93545
93546
93547
93548
93549
93551
93552
93553
93555
93556
93557
93558
93559
93560
93561
93562
93563
93564
93565
93567
93570
93571
93572
93573
93574
93575
93577
93578
93580
93581
93582
93583
93584
93587
93588
93590
93592
93595
93596
93597
93598
93599
93600
93601
93602
93603
93605
93606
93607
93608
93609
93610
93611
93612
93613
93614
93616
93618
93620
93621
93622
93623
93624
93625
93626
93627
93628
93629
93633
93634
93636
93637
93638
93639
93640
93641
93643
93644
93645
93646
93647
93648
93649
93652
93654
93655
93657
93658
93659
93660
93661
93662
93663
93664
93665
93666
93667
93668
93669
93670
93672
93674
93675
93677
93678
93679
93680
93681
93682
93683
93684
93685
93686
93687
93689
93691
93692
93693
93694
93696
93697
93699
93700
93701
93702
93705
93706
93708
93709
93710
93711
93712
93713
93714
93715
93716
93717
93718
93719
93720
93721
93722
93723
93724
93725
93726
93727
93728
93730
93732
93733
93735
93736
93738
93739
93740
93741
93742
93743
93745
93746
93747
93748
93749
93750
93751
93752
93753
93755
93758
93762
93763
93764
93767
93769
93771
93772
93773
93775
93777
93778
93779
93780
93782
93784
93785
93786
93788
93789
93790
93792
93795
93797
93798
93799
93800
93801
93802
93803
93804
93806
93809
93810
93812
93815
93816
93817
93819
93820
93821
93822
93824
93825
93826
93827
93828
93829
93830
93831
93832
93834
93835
93836
93838
93839
93841
93842
93845
93847
93848
93849
93850
93852
93853
93855
93856
93857
93859
93862
93863
93865
93866
93868
93870
93872
93874
93875
93876
93877
93882
93884
93885
93886
93887
93888
93890
93892
93893
93894
93895
93896
93898
93899
93900
93901
93902
93903
93906
93907
93908
93909
93911
93912
93913
93914
93915
93916
93917
93918
93919
93920
93922
93923
93925
93926
93928
93930
93931
93933
93934
93936
93937
93938
93939
93943
93944
93945
93946
93947
93948
93949
93951
93953
93956
93957
93958
93959
93960
93961
93962
93964
93966
93967
93968
93971
93972
93973
93976
93977
93980
93981
93982
93983
93984
93987
93988
93991
93992
93993
93994
93995
93996
93998
93999
94002
94003
94005
94007
94009
94012
94014
94016
94017
94020
94021
94022
94026
94028
94029
94030
94031
94032
94033
94034
94035
94037
94038
94039
94040
94042
94043
94045
94048
94050
94051
94052
94053
94056
94057
94059
94060
94061
94062
94063
94065
94066
94069
94070
94071
94072
94073
94075
94076
94077
94079
94080
94081
94082
94084
94085
94090
94091
94093
94095
94096
94099
94100
94101
94102
94105
94106
94108
94109
94110
94112
94113
94114
94115
94116
94117
94118
94119
94120
94121
94122
94123
94124
94125
94127
94128
94129
94130
94131
94132
94133
94137
94139
94140
94141
94142
94143
94145
94146
94147
94149
94151
94156
94158
94159
94161
94164
94165
94169
94170
94171
94172
94174
94177
94178
94179
94180
94181
94184
94186
94188
94189
94191
94192
94193
94195
94196
94197
94198
94199
94200
94201
94202
94203
94205
94206
94208
94209
94213
94214
94215
94216
94217
94220
94222
94223
94224
94226
94227
94228
94230
94231
94232
94233
94235
94236
94237
94238
94239
94240
94241
94242
94243
94245
94248
94249
94250
94251
94252
94253
94254
94255
94256
94257
94258
94260
94261
94262
94265
94266
94267
94269
94270
94271
94273
94274
94278
94280
94282
94286
94287
94288
94289
94291
94292
94293
94299
94300
94301
94302
94303
94304
94305
94306
94307
94308
94309
94310
94311
94312
94315
94317
94318
94319
94322
94324
94331
94337
94338
94340
94341
94342
94343
94344
94346
94348
94349
94350
94352
94353
94356
94357
94358
94361
94364
94365
94366
94367
94368
94369
94371
94372
94373
94374
94375
94376
94377
94378
94379
94380
94381
94382
94383
94384
94386
94387
94388
94389
94391
94392
94393
94394
94395
94396
94397
94398
94399
94400
94401
94402
94404
94405
94406
94407
94409
94411
94413
94415
94416
94417
94419
94420
94422
94423
94424
94426
94427
94428
94429
94433
94434
94435
94437
94438
94439
94440
94441
94442
94443
94444
94445
94446
94447
94448
94449
94450
94451
94452
94453
94454
94455
94457
94458
94459
94460
94461
94462
94463
94464
94465
94467
94468
94470
94471
94472
94473
94474
94475
94476
94477
94478
94479
94480
94482
94483
94484
94485
94486
94487
94488
94489
94491
94492
94493
94494
94495
94497
94498
94499
94500
94501
94502
94503
94504
94505
94506
94508
94509
94510
94512
94513
94515
94516
94517
94519
94520
94521
94522
94524
94526
94527
94528
94529
94531
94532
94533
94534
94535
94537
94538
94539
94540
94541
94543
94544
94545
94546
94547
94548
94549
94550
94551
94552
94553
94554
94555
94556
94557
94559
94561
94563
94564
94566
94567
94568
94569
94570
94571
94572
94573
94575
94576
94577
94578
94579
94580
94582
94583
94584
94585
94586
94587
94588
94589
94590
94591
94592
94593
94594
94595
94596
94597
94600
94601
94602
94603
94604
94605
94606
94607
94608
94609
94610
94611
94612
94613
94614
94615
94616
94617
94618
94619
94621
94622
94623
94625
94626
94627
94628
94629
94630
94631
94632
94633
94634
94635
94636
94638
94639
94640
94641
94642
94643
94644
94645
94646
94647
94648
94649
94651
94652
94655
94656
94657
94659
94660
94662
94664
94665
94667
94671
94672
94673
94674
94675
94676
94677
94678
94679
94680
94681
94682
94683
94684
94685
94686
94688
94689
94690
94691
94692
94693
94696
94697
94698
94699
94700
94701
94702
94703
94704
94705
94706
94709
94710
94711
94712
94713
94714
94717
94718
94719
94722
94723
94724
94726
94729
94730
94731
94733
94734
94735
94736
94737
94741
94742
94743
94744
94745
94747
94748
94749
94750
94751
94752
94753
94754
94755
94756
94758
94759
94760
94761
94762
94763
94764
94765
94766
94767
94769
94770
94771
94772
94773
94774
94775
94776
94777
94778
94779
94780
94781
94782
94783
94784
94785
94786
94788
94789
94791
94792
94795
94796
94797
94798
94799
94800
94801
94803
94804
94805
94806
94807
94808
94809
94810
94811
94813
94815
94816
94819
94820
94821
94822
94824
94825
94826
94827
94828
94829
94830
94831
94832
94833
94834
94835
94837
94838
94840
94842
94843
94844
94845
94846
94847
94848
94849
94851
94852
94853
94854
94855
94856
94857
94859
94860
94861
94862
94864
94865
94866
94868
94869
94871
94873
94874
94875
94876
94877
94878
94881
94882
94883
94884
94885
94887
94888
94889
94890
94893
94896
94899
94900
94902
94903
94904
94905
94906
94907
94908
94909
94910
94911
94914
94915
94917
94919
94920
94922
94923
94924
94925
94926
94927
94929
94930
94932
94933
94934
94935
94937
94938
94940
94941
94943
94944
94946
94947
94948
94949
94950
94951
94954
94956
94958
94961
94962
94963
94964
94965
94967
94968
94969
94970
94971
94972
94973
94975
94976
94978
94979
94980
94981
94983
94984
94987
94988
94989
94991
94992
94993
94995
94996
94998
94999
95000
95002
95003
95004
95005
95006
95008
95009
95011
95014
95015
95018
95020
95021
95022
95024
95025
95026
95027
95030
95032
95033
95034
95035
95036
95038
95039
95041
95042
95043
95045
95046
95047
95048
95049
95051
95053
95054
95055
95056
95057
95058
95059
95060
95061
95062
95064
95065
95066
95067
95068
95069
95071
95072
95073
95076
95077
95078
95079
95080
95081
95082
95083
95084
95085
95088
95089
95091
95092
95093
95094
95095
95096
95099
95100
95101
95102
95103
95104
95105
95106
95107
95108
95109
95111
95112
95113
95115
95116
95117
95118
95119
95121
95123
95124
95125
95126
95127
95128
95129
95130
95132
95133
95134
95136
95137
95139
95141
95142
95143
95144
95146
95147
95149
95151
95152
95153
95154
95155
95156
95157
95158
95159
95160
95161
95163
95164
95165
95166
95167
95168
95169
95171
95174
95175
95176
95177
95178
95180
95181
95182
95184
95185
95188
95189
95192
95193
95194
95195
95196
95197
95198
95199
95201
95203
95204
95205
95207
95210
95211
95212
95213
95214
95215
95216
95218
95219
95222
95223
95226
95227
95228
95229
95230
95231
95232
95237
95238
95239
95240
95242
95243
95244
95245
95246
95248
95249
95251
95252
95254
95255
95256
95257
95258
95260
95261
95262
95263
95264
95265
95266
95267
95268
95272
95273
95274
95275
95277
95278
95279
95280
95281
95282
95284
95285
95286
95288
95289
95290
95291
95293
95294
95297
95298
95299
95303
95305
95306
95308
95309
95311
95315
95317
95320
95321
95322
95323
95324
95326
95327
95329
95330
95331
95332
95333
95334
95336
95337
95338
95340
95341
95342
95343
95346
95347
95348
95350
95351
95353
95354
95357
95359
95360
95362
95365
95366
95368
95370
95371
95373
95374
95375
95376
95377
95378
95379
95380
95381
95382
95384
95386
95387
95388
95389
95390
95392
95393
95394
95395
95396
95399
95401
95402
95403
95404
95406
95407
95409
95410
95412
95414
95415
95416
95417
95419
95420
95421
95422
95423
95424
95425
95426
95428
95429
95430
95432
95433
95437
95438
95439
95441
95443
95445
95446
95447
95448
95449
95450
95451
95452
95453
95455
95457
95458
95461
95462
95463
95464
95467
95469
95470
95471
95473
95474
95475
95476
95477
95480
95482
95483
95485
95486
95487
95489
95490
95492
95494
95495
95496
95498
95499
95500
95501
95504
95506
95507
95508
95509
95511
95512
95514
95517
95519
95520
95522
95523
95524
95525
95527
95528
95529
95530
95531
95536
95537
95539
95540
95541
95542
95543
95544
95545
95547
95548
95549
95550
95551
95554
95555
95557
95559
95560
95562
95563
95564
95565
95566
95568
95570
95571
95573
95574
95575
95578
95579
95582
95585
95586
95588
95589
95590
95592
95593
95594
95595
95596
95600
95602
95603
95604
95606
95607
95608
95609
95611
95612
95613
95614
95615
95616
95617
95618
95619
95620
95621
95623
95624
95627
95629
95630
95631
95634
95635
95637
95639
95640
95645
95647
95648
95649
95651
95652
95656
95659
95660
95661
95662
95663
95664
95665
95666
95667
95668
95669
95670
95672
95673
95676
95677
95679
95682
95683
95684
95686
95687
95688
95689
95690
95692
95693
95695
95697
95701
95702
95703
95704
95709
95710
95713
95715
95716
95717
95718
95719
95720
95721
95722
95723
95724
95725
95726
95727
95728
95729
95732
95733
95736
95737
95738
95740
95742
95744
95745
95747
95748
95749
95750
95751
95752
95753
95754
95757
95759
95760
95762
95763
95764
95765
95766
95767
95769
95771
95772
95773
95775
95776
95778
95780
95781
95783
95784
95785
95788
95789
95790
95792
95793
95794
95795
95796
95797
95800
95802
95803
95805
95806
95807
95808
95809
95810
95811
95812
95814
95815
95816
95818
95819
95823
95824
95825
95826
95827
95828
95829
95830
95831
95832
95834
95835
95836
95837
95840
95841
95842
95843
95844
95846
95847
95849
95850
95851
95853
95854
95857
95858
95859
95860
95862
95864
95865
95866
95867
95868
95869
95870
95871
95872
95873
95874
95876
95877
95878
95879
95880
95881
95882
95883
95885
95886
95888
95889
95890
95891
95892
95893
95894
95898
95899
95900
95901
95902
95903
95904
95905
95906
95907
95908
95909
95910
95912
95913
95914
95915
95918
95920
95922
95923
95924
95925
95927
95930
95932
95933
95934
95936
95937
95938
95940
95941
95942
95943
95944
95945
95947
95948
95949
95950
95951
95952
95953
95954
95955
95957
95959
95960
95961
95962
95963
95964
95966
95967
95969
95970
95971
95973
95975
95976
95977
95978
95979
95980
95981
95982
95983
95984
95985
95986
95987
95989
95990
95991
95993
95994
95995
95998
95999
96000
96001
96002
96003
96004
96006
96008
96009
96010
96011
96012
96015
96018
96019
96020
96021
96022
96023
96024
96025
96026
96029
96032
96033
96034
96036
96037
96038
96039
96040
96041
96042
96043
96047
96048
96050
96051
96052
96053
96054
96055
96056
96058
96059
96061
96062
96064
96066
96067
96068
96069
96071
96072
96073
96075
96076
96077
96078
96079
96081
96083
96084
96085
96086
96087
96088
96089
96090
96092
96093
96094
96095
96096
96097
96098
96099
96100
96101
96102
96103
96104
96105
96106
96107
96108
96109
96110
96111
96112
96113
96114
96117
96118
96120
96121
96122
96123
96124
96125
96126
96129
96130
96131
96132
96134
96135
96136
96137
96138
96139
96140
96142
96143
96144
96145
96147
96148
96150
96151
96153
96156
96158
96160
96162
96163
96164
96165
96166
96167
96168
96170
96174
96175
96176
96179
96180
96181
96182
96183
96184
96185
96186
96187
96188
96190
96191
96193
96194
96195
96196
96197
96198
96199
96200
96201
96202
96203
96204
96205
96206
96207
96208
96209
96211
96212
96213
96215
96216
96217
96219
96220
96221
96222
96223
96224
96225
96228
96230
96231
96232
96233
96235
96236
96237
96239
96240
96242
96243
96244
96246
96247
96249
96250
96252
96253
96254
96257
96258
96259
96260
96265
96266
96267
96268
96269
96270
96271
96272
96273
96274
96275
96276
96277
96279
96280
96281
96282
96283
96284
96285
96288
96290
96291
96293
96297
96299
96301
96303
96304
96305
96306
96307
96308
96309
96311
96313
96316
96319
96320
96321
96324
96325
96326
96328
96329
96330
96332
96335
96336
96339
96341
96342
96343
96344
96345
96346
96347
96348
96349
96350
96351
96352
96353
96354
96355
96356
96357
96358
96359
96360
96361
96362
96363
96364
96365
96366
96367
96369
96371
96372
96373
96374
96375
96376
96377
96378
96382
96383
96384
96386
96387
96388
96390
96392
96393
96395
96399
96401
96404
96406
96408
96411
96412
96413
96414
96415
96418
96419
96423
96424
96425
96426
96427
96428
96429
96432
96434
96437
96438
96440
96442
96443
96444
96445
96447
96448
96449
96450
96452
96454
96456
96457
96458
96460
96461
96462
96464
96465
96466
96470
96471
96472
96473
96474
96475
96476
96479
96481
96482
96483
96484
96489
96490
96492
96493
96494
96495
96496
96499
96500
96501
96504
96505
96506
96507
96508
96512
96514
96515
96516
96517
96519
96521
96523
96524
96525
96526
96531
96532
96533
96534
96537
96538
96540
96541
96542
96543
96545
96546
96547
96548
96551
96552
96554
96556
96558
96559
96560
96561
96564
96567
96568
96569
96571
96572
96576
96577
96579
96581
96582
96583
96584
96585
96587
96592
96594
96598
96599
96600
96601
96602
96603
96606
96607
96608
96609
96610
96611
96612
96613
96614
96615
96616
96617
96618
96619
96620
96621
96623
96624
96626
96627
96628
96629
96630
96632
96633
96636
96637
96638
96639
96640
96641
96643
96644
96648
96650
96651
96652
96653
96655
96656
96658
96659
96660
96661
96662
96663
96665
96666
96667
96668
96674
96677
96678
96679
96681
96683
96684
96685
96691
96692
96693
96694
96696
96697
96699
96700
96701
96702
96703
96704
96709
96710
96711
96712
96715
96716
96719
96720
96722
96724
96725
96726
96728
96729
96730
96731
96732
96733
96734
96735
96736
96741
96742
96745
96746
96749
96750
96751
96755
96757
96759
96760
96761
96764
96765
96768
96769
96770
96771
96772
96773
96774
96775
96776
96777
96778
96779
96781
96782
96783
96784
96785
96787
96789
96790
96791
96793
96794
96795
96796
96797
96798
96800
96802
96803
96804
96805
96806
96807
96808
96809
96810
96811
96812
96813
96814
96815
96819
96820
96823
96824
96825
96827
96828
96829
96830
96831
96833
96835
96836
96838
96839
96841
96842
96843
96844
96847
96848
96850
96851
96852
96853
96855
96856
96857
96858
96859
96860
96861
96862
96863
96864
96866
96867
96869
96870
96871
96873
96874
96876
96879
96880
96881
96882
96883
96884
96885
96886
96887
96888
96889
96892
96893
96896
96897
96899
96902
96903
96904
96906
96907
96908
96911
96912
96913
96914
96915
96916
96918
96921
96922
96923
96924
96925
96926
96927
96928
96929
96930
96931
96932
96933
96934
96935
96937
96938
96939
96941
96942
96943
96944
96947
96948
96951
96952
96953
96954
96956
96957
96960
96967
96969
96970
96972
96974
96976
96977
96979
96982
96983
96984
96985
96986
96987
96988
96990
96991
96992
96994
96995
96997
97002
97003
97004
97005
97006
97007
97009
97011
97012
97015
97017
97018
97019
97020
97021
97024
97026
97027
97028
97029
97030
97032
97033
97035
97036
97037
97039
97040
97041
97042
97043
97044
97045
97046
97047
97048
97049
97050
97051
97052
97053
97054
97056
97057
97058
97060
97064
97066
97067
97068
97069
97070
97071
97072
97073
97074
97075
97077
97078
97080
97081
97083
97084
97086
97088
97090
97091
97092
97093
97094
97097
97098
97099
97100
97102
97103
97105
97109
97110
97111
97112
97113
97114
97116
97117
97119
97120
97121
97123
97124
97127
97128
97129
97130
97131
97132
97133
97134
97135
97138
97139
97140
97141
97142
97143
97144
97146
97147
97148
97150
97151
97152
97153
97154
97155
97157
97158
97160
97162
97163
97164
97165
97167
97169
97170
97171
97172
97173
97175
97177
97178
97179
97180
97181
97185
97186
97187
97188
97189
97190
97191
97193
97194
97195
97196
97197
97198
97199
97200
97201
97202
97204
97205
97206
97210
97212
97214
97215
97216
97219
97220
97221
97222
97223
97224
97225
97226
97228
97229
97230
97231
97233
97234
97235
97238
97239
97240
97241
97242
97244
97245
97246
97247
97249
97250
97251
97252
97253
97254
97256
97258
97259
97263
97264
97266
97267
97270
97271
97273
97274
97275
97276
97277
97278
97279
97280
97281
97282
97283
97284
97285
97286
97287
97290
97291
97294
97296
97297
97300
97303
97305
97306
97308
97309
97310
97311
97312
97313
97314
97315
97316
97317
97318
97319
97322
97325
97326
97327
97328
97329
97330
97336
97337
97338
97339
97340
97341
97343
97344
97347
97348
97350
97351
97352
97354
97359
97361
97362
97363
97364
97367
97368
97370
97371
97372
97373
97374
97375
97379
97381
97382
97383
97384
97385
97386
97389
97390
97391
97392
97393
97394
97395
97396
97397
97398
97399
97401
97402
97403
97404
97405
97406
97408
97410
97414
97416
97418
97419
97420
97422
97423
97424
97425
97426
97427
97428
97430
97431
97432
97433
97438
97440
97441
97442
97444
97446
97447
97450
97453
97454
97455
97456
97457
97458
97459
97460
97462
97463
97465
97467
97468
97469
97471
97473
97474
97475
97476
97477
97479
97482
97484
97485
97486
97487
97488
97490
97492
97494
97495
97496
97497
97498
97499
97500
97501
97502
97504
97505
97506
97507
97508
97509
97510
97511
97518
97519
97520
97522
97523
97525
97526
97527
97531
97532
97533
97534
97535
97536
97537
97538
97539
97540
97542
97544
97545
97547
97548
97549
97550
97552
97553
97554
97555
97560
97562
97564
97565
97566
97567
97568
97570
97571
97572
97573
97577
97578
97579
97580
97587
97589
97590
97591
97592
97594
97596
97597
97598
97599
97601
97602
97605
97607
97608
97610
97611
97612
97613
97614
97615
97616
97617
97618
97619
97621
97622
97623
97624
97625
97627
97628
97630
97631
97632
97634
97636
97637
97639
97641
97642
97645
97646
97647
97651
97652
97653
97655
97656
97657
97659
97660
97661
97663
97664
97665
97666
97667
97671
97674
97676
97677
97681
97682
97683
97685
97686
97688
97689
97692
97693
97695
97696
97697
97699
97701
97702
97703
97704
97705
97708
97709
97710
97712
97713
97716
97718
97719
97720
97722
97723
97724
97726
97727
97728
97729
97730
97731
97732
97733
97735
97736
97740
97742
97743
97744
97745
97746
97747
97749
97750
97752
97753
97754
97760
97761
97763
97766
97767
97772
97773
97776
97778
97780
97781
97782
97783
97785
97786
97787
97788
97791
97792
97793
97794
97795
97796
97797
97798
97799
97800
97801
97802
97803
97804
97805
97807
97808
97809
97810
97811
97813
97814
97816
97817
97818
97819
97820
97821
97822
97823
97824
97825
97826
97829
97830
97831
97832
97833
97835
97836
97837
97838
97839
97840
97841
97842
97843
97844
97845
97846
97847
97848
97850
97851
97852
97853
97854
97855
97856
97857
97858
97859
97860
97862
97863
97864
97865
97866
97868
97869
97871
97872
97873
97874
97875
97876
97877
97878
97879
97880
97881
97883
97884
97885
97887
97888
97889
97890
97891
97892
97895
97896
97898
97900
97902
97903
97906
97907
97908
97909
97911
97912
97914
97916
97917
97919
97920
97921
97922
97923
97924
97925
97926
97927
97929
97930
97932
97933
97935
97936
97937
97938
97939
97940
97941
97942
97943
97944
97945
97946
97948
97949
97951
97952
97953
97954
97955
97956
97957
97958
97959
97961
97965
97967
97969
97970
97971
97972
97974
97975
97979
97980
97981
97982
97983
97985
97986
97987
97989
97990
97991
97992
97994
97997
97998
97999
98000
98001
98002
98003
98004
98005
98008
98009
98011
98012
98013
98014
98015
98016
98017
98018
98019
98020
98021
98022
98023
98024
98025
98026
98028
98030
98031
98032
98033
98034
98035
98038
98039
98040
98041
98042
98043
98044
98045
98047
98050
98053
98054
98055
98056
98058
98059
98060
98061
98062
98063
98064
98065
98066
98067
98071
98073
98075
98076
98078
98080
98081
98082
98083
98085
98086
98087
98088
98089
98090
98091
98092
98094
98096
98097
98098
98100
98102
98104
98105
98106
98107
98108
98110
98111
98112
98114
98115
98117
98118
98119
98120
98121
98122
98123
98124
98125
98126
98127
98129
98132
98133
98134
98135
98136
98137
98138
98144
98145
98147
98148
98149
98150
98152
98154
98156
98157
98158
98159
98160
98162
98163
98164
98165
98166
98167
98169
98171
98172
98173
98174
98176
98177
98182
98183
98184
98185
98186
98187
98192
98193
98194
98195
98197
98198
98199
98200
98202
98203
98204
98205
98206
98209
98210
98211
98213
98214
98215
98216
98217
98218
98220
98221
98222
98224
98225
98226
98227
98228
98231
98232
98233
98234
98235
98236
98237
98238
98239
98240
98241
98242
98243
98245
98246
98247
98248
98251
98252
98253
98254
98255
98256
98257
98258
98259
98260
98261
98262
98263
98264
98265
98266
98267
98268
98270
98271
98272
98273
98275
98276
98278
98280
98281
98282
98283
98285
98286
98287
98289
98290
98291
98292
98293
98296
98298
98299
98300
98302
98303
98304
98305
98306
98308
98309
98310
98311
98314
98316
98319
98320
98322
98323
98324
98325
98326
98327
98328
98330
98331
98332
98333
98334
98335
98337
98338
98339
98340
98342
98343
98344
98345
98346
98347
98348
98349
98350
98352
98353
98354
98355
98356
98357
98359
98360
98363
98365
98368
98369
98370
98373
98374
98375
98377
98378
98379
98380
98381
98382
98383
98385
98386
98387
98388
98390
98391
98392
98393
98394
98396
98397
98398
98402
98403
98404
98406
98407
98408
98410
98411
98412
98414
98415
98416
98419
98420
98421
98422
98423
98425
98426
98427
98428
98430
98431
98432
98434
98436
98438
98439
98440
98441
98443
98444
98445
98446
98447
98448
98452
98453
98454
98456
98457
98458
98459
98462
98465
98466
98467
98468
98469
98470
98471
98472
98473
98474
98475
98477
98478
98481
98482
98483
98484
98486
98487
98488
98489
98492
98495
98496
98497
98499
98500
98501
98502
98503
98505
98508
98509
98510
98514
98515
98516
98517
98518
98519
98520
98521
98523
98524
98527
98529
98531
98532
98533
98534
98535
98536
98537
98538
98539
98542
98543
98545
98546
98547
98550
98551
98552
98553
98555
98556
98557
98558
98559
98561
98562
98563
98564
98566
98567
98568
98571
98572
98573
98576
98578
98579
98580
98581
98583
98584
98586
98588
98589
98590
98591
98592
98594
98596
98597
98598
98606
98607
98608
98610
98611
98612
98613
98614
98615
98616
98617
98618
98619
98621
98623
98624
98625
98626
98627
98628
98629
98630
98631
98632
98634
98635
98636
98637
98638
98640
98641
98642
98643
98644
98645
98647
98649
98651
98652
98653
98654
98655
98656
98657
98659
98660
98661
98664
98665
98666
98667
98668
98669
98670
98672
98674
98676
98677
98678
98682
98684
98686
98687
98688
98690
98691
98692
98695
98696
98697
98698
98700
98701
98702
98704
98705
98706
98708
98709
98710
98711
98713
98714
98715
98716
98717
98718
98724
98725
98726
98728
98729
98730
98732
98734
98735
98737
98738
98739
98740
98742
98744
98745
98746
98747
98748
98749
98750
98751
98752
98753
98754
98755
98756
98757
98759
98760
98761
98762
98763
98764
98765
98766
98768
98769
98770
98772
98773
98774
98775
98776
98778
98780
98782
98784
98785
98786
98788
98790
98791
98792
98793
98795
98796
98798
98800
98801
98802
98803
98806
98807
98808
98809
98810
98812
98813
98815
98816
98817
98818
98819
98820
98821
98822
98823
98824
98825
98826
98828
98829
98830
98832
98833
98835
98836
98837
98838
98840
98841
98842
98845
98846
98847
98848
98849
98850
98851
98853
98854
98856
98857
98859
98861
98862
98863
98864
98865
98867
98868
98869
98871
98872
98873
98874
98875
98876
98879
98880
98881
98882
98883
98884
98886
98887
98892
98894
98895
98897
98898
98899
98903
98904
98905
98906
98911
98912
98913
98914
98915
98918
98919
98921
98922
98923
98925
98926
98927
98928
98929
98932
98933
98934
98935
98936
98938
98939
98940
98942
98944
98945
98946
98947
98948
98949
98950
98951
98952
98954
98956
98958
98961
98962
98963
98965
98966
98967
98968
98969
98970
98971
98973
98974
98975
98976
98977
98979
98980
98981
98982
98983
98985
98986
98987
98988
98989
98990
98992
98994
98995
98996
98997
98999
99001
99003
99004
99005
99006
99008
99009
99010
99013
99014
99015
99016
99017
99018
99020
99021
99022
99023
99024
99025
99026
99027
99028
99029
99032
99033
99035
99036
99037
99038
99039
99042
99043
99044
99045
99046
99049
99050
99051
99052
99055
99056
99057
99059
99060
99061
99062
99063
99064
99066
99067
99068
99070
99071
99073
99074
99075
99076
99077
99078
99079
99080
99081
99082
99083
99084
99085
99086
99087
99088
99089
99091
99092
99093
99094
99095
99096
99097
99098
99099
99103
99104
99107
99108
99109
99110
99111
99113
99114
99116
99117
99119
99121
99122
99124
99125
99126
99127
99129
99130
99132
99133
99134
99135
99136
99137
99138
99139
99140
99141
99142
99146
99147
99148
99153
99154
99156
99157
99158
99159
99161
99162
99164
99166
99167
99168
99169
99170
99171
99173
99174
99175
99177
99178
99180
99181
99185
99186
99187
99189
99190
99193
99194
99196
99197
99198
99199
99200
99201
99202
99203
99204
99205
99209
99210
99211
99212
99213
99214
99215
99218
99219
99220
99222
99223
99224
99225
99226
99227
99228
99229
99230
99231
99233
99235
99236
99237
99238
99240
99241
99246
99247
99251
99252
99253
99254
99255
99257
99258
99259
99260
99261
99264
99265
99266
99271
99272
99273
99274
99275
99279
99280
99282
99283
99287
99289
99290
99292
99294
99295
99296
99300
99302
99303
99304
99305
99307
99313
99316
99317
99319
99320
99321
99322
99326
99329
99330
99331
99332
99333
99335
99337
99338
99339
99340
99341
99342
99343
99344
99345
99346
99347
99348
99349
99350
99351
99352
99353
99354
99355
99356
99357
99358
99359
99360
99361
99362
99363
99364
99365
99367
99369
99370
99371
99372
99373
99374
99375
99376
99377
99378
99379
99380
99381
99382
99383
99384
99385
99387
99389
99390
99392
99393
99394
99396
99397
99398
99399
99400
99401
99403
99404
99405
99406
99407
99408
99409
99410
99411
99412
99413
99415
99416
99417
99418
99420
99421
99423
99424
99425
99426
99427
99428
99431
99432
99434
99437
99438
99439
99440
99442
99443
99445
99448
99449
99450
99452
99453
99454
99455
99456
99457
99458
99459
99460
99461
99462
99463
99466
99468
99469
99470
99471
99472
99473
99474
99476
99477
99478
99479
99480
99481
99483
99484
99485
99486
99487
99488
99489
99490
99491
99495
99496
99497
99499
99500
99501
99502
99503
99504
99505
99506
99507
99508
99509
99510
99511
99512
99513
99514
99515
99516
99518
99519
99520
99523
99524
99525
99526
99527
99528
99529
99530
99531
99532
99533
99534
99535
99536
99537
99538
99539
99541
99542
99543
99545
99546
99547
99548
99549
99550
99551
99552
99553
99555
99556
99557
99558
99560
99561
99562
99563
99564
99566
99567
99569
99571
99572
99573
99574
99575
99577
99579
99580
99581
99582
99583
99584
99586
99587
99588
99589
99591
99592
99593
99594
99596
99597
99598
99599
99602
99603
99604
99605
99606
99607
99608
99609
99610
99612
99613
99614
99615
99616
99617
99618
99619
99620
99622
99623
99625
99626
99627
99628
99629
99630
99631
99632
99633
99635
99636
99638
99641
99642
99644
99645
99646
99647
99648
99649
99650
99651
99652
99653
99654
99655
99657
99659
99660
99661
99662
99663
99664
99666
99667
99668
99669
99670
99671
99672
99673
99675
99676
99677
99678
99680
99681
99682
99683
99686
99687
99688
99689
99690
99692
99695
99696
99698
99700
99701
99702
99703
99705
99708
99709
99710
99713
99714
99715
99716
99717
99719
99720
99721
99722
99723
99725
99727
99730
99731
99732
99734
99736
99738
99739
99740
99742
99743
99745
99746
99747
99749
99750
99751
99753
99754
99755
99756
99757
99758
99759
99761
99762
99765
99767
99768
99769
99770
99771
99772
99773
99774
99775
99776
99777
99778
99781
99782
99783
99784
99786
99789
99790
99791
99792
99796
99797
99798
99801
99802
99804
99807
99808
99810
99812
99814
99815
99817
99818
99819
99821
99824
99825
99826
99827
99828
99830
99832
99833
99834
99837
99838
99840
99841
99842
99844
99846
99847
99851
99852
99854
99857
99859
99860
99864
99865
99866
99867
99870
99871
99872
99873
99874
99876
99877
99878
99879
99882
99883
99885
99886
99887
99890
99891
99893
99894
99895
99896
99897
99898
99899
99902
99904
99905
99906
99908
99909
99910
99912
99917
99919
99920
99922
99923
99926
99927
99928
99929
99931
99932
99933
99934
99936
99938
99939
99944
99945
99947
99949
99952
99953
99954
99957
99959
99960
99961
99962
99963
99966
99969
99970
99971
99973
99975
99976
99977
99978
99979
99980
99981
99982
99983
99984
99986
99988
99989
99990
99991
99992
99993
99994
99996
99997
99998
100001
100002
100003
100005
100007
100009
100010
100011
100012
100013
100014
100015
100016
100017
100019
100020
100022
100023
100024
100026
100028
100029
100030
100031
100032
100033
100034
100035
100037
100038
100040
100041
100042
100043
100044
100045
100046
100050
100051
100052
100053
100054
100055
100056
100061
100062
100064
100065
100066
100067
100069
100070
100071
100072
100074
100075
100076
100077
100079
100081
100082
100083
100084
100086
100087
100089
100091
100092
100093
100095
100096
100099
100100
100101
100102
100105
100109
100110
100111
100112
100113
100114
100115
100116
100117
100118
100119
100120
100123
100124
100125
100126
100127
100128
100129
100130
100131
100134
100135
100136
100137
100138
100139
100140
100141
100143
100144
100146
100148
100149
100150
100151
100152
100153
100154
100156
100157
100159
100160
100162
100163
100164
100166
100168
100170
100172
100175
100176
100177
100178
100179
100180
100181
100182
100183
100184
100185
100187
100188
100189
100190
100192
100193
100194
100195
100196
100197
100198
100200
100203
100204
100206
100207
100208
100210
100212
100214
100215
100216
100217
100218
100219
100220
100221
100223
100224
100225
100226
100227
100229
100232
100234
100235
100236
100237
100238
100239
100240
100244
100245
100247
100248
100249
100251
100253
100254
100256
100257
100260
100261
100262
100263
100264
100266
100267
100268
100269
100272
100273
100274
100275
100277
100278
100280
100281
100282
100283
100284
100285
100286
100287
100288
100290
100291
100292
100293
100294
100296
100298
100300
100301
100304
100305
100307
100308
100309
100310
100311
100312
100313
100314
100315
100316
100317
100318
100320
100323
100324
100325
100327
100328
100330
100336
100338
100339
100341
100342
100344
100345
100346
100348
100349
100352
100354
100355
100357
100358
100359
100360
100362
100366
100367
100368
100369
100370
100371
100373
100374
100375
100376
100377
100378
100379
100381
100383
100386
100387
100388
100389
100392
100393
100394
100395
100396
100397
100399
100400
100401
100402
100403
100405
100407
100408
100409
100410
100411
100413
100414
100415
100417
100419
100421
100423
100424
100425
100427
100428
100429
100430
100431
100432
100434
100435
100436
100437
100439
100441
100443
100444
100445
100447
100448
100449
100450
100451
100453
100454
100455
100456
100457
100459
100460
100461
100462
100463
100464
100465
100466
100467
100468
100470
100472
100474
100476
100477
100478
100479
100481
100482
100483
100486
100487
100488
100490
100491
100492
100493
100494
100495
100496
100497
100498
100501
100502
100505
100506
100508
100510
100512
100515
100516
100517
100518
100519
100520
100521
100522
100523
100524
100525
100526
100528
100529
100530
100532
100533
100534
100535
100536
100538
100539
100540
100542
100544
100546
100547
100548
100549
100550
100551
100552
100554
100555
100556
100557
100558
100559
100560
100561
100562
100563
100564
100565
100566
100567
100568
100569
100570
100572
100573
100575
100576
100577
100578
100581
100582
100583
100585
100588
100589
100591
100592
100593
100596
100599
100600
100601
100602
100603
100604
100605
100607
100608
100610
100611
100613
100614
100615
100618
100620
100621
100622
100626
100627
100629
100630
100631
100632
100633
100634
100635
100636
100638
100640
100641
100642
100643
100645
100646
100647
100648
100649
100650
100651
100652
100655
100656
100657
100658
100659
100660
100661
100662
100664
100665
100666
100668
100669
100670
100671
100672
100674
100677
100678
100679
100680
100681
100682
100683
100684
100685
100686
100688
100689
100690
100691
100692
100694
100695
100696
100697
100698
100700
100701
100702
100706
100708
100709
100710
100711
100712
100713
100714
100715
100716
100717
100718
100719
100720
100721
100722
100723
100724
100725
100726
100727
100728
100730
100731
100732
100735
100736
100738
100739
100741
100743
100744
100745
100746
100747
100748
100749
100750
100751
100752
100753
100755
100757
100758
100759
100761
100762
100763
100764
100765
100768
100769
100770
100771
100772
100773
100774
100775
100776
100777
100778
100779
100780
100781
100782
100783
100785
100786
100787
100788
100789
100791
100793
100794
100795
100796
100797
100798
100799
100800
100801
100802
100803
100804
100805
100806
100807
100808
100809
100810
100811
100813
100814
100817
100818
100819
100820
100821
100822
100823
100824
100825
100826
100827
100828
100829
100830
100831
100832
100833
100834
100835
100836
100837
100838
100839
100840
100842
100843
100844
100845
100846
100847
100848
100851
100852
100853
100857
100858
100859
100860
100863
100864
100865
100866
100867
100868
100871
100872
100874
100875
100876
100877
100879
100880
100881
100882
100883
100884
100885
100886
100887
100890
100891
100892
100893
100894
100895
100897
100900
100901
100902
100903
100906
100907
100909
100910
100911
100912
100913
100914
100915
100916
100917
100918
100919
100920
100921
100922
100925
100927
100929
100930
100931
100932
100936
100938
100939
100940
100942
100945
100947
100949
100951
100952
100953
100954
100955
100956
100957
100958
100959
100960
100961
100962
100963
100966
100967
100968
100970
100971
100973
100974
100976
100977
100982
100984
100985
100987
100988
100989
100991
100992
100993
100994
100995
100996
100997
100998
100999
101001
101002
101003
101004
101005
101006
101007
101008
101009
101010
101011
101012
101013
101014
101015
101016
101018
101019
101020
101021
101022
101024
101025
101026
101027
101028
101029
101030
101034
101035
101036
101037
101038
101041
101042
101045
101046
101048
101049
101050
101051
101052
101053
101054
101055
101056
101057
101060
101062
101063
101064
101065
101066
101067
101068
101069
101071
101073
101074
101075
101076
101078
101079
101080
101081
101082
101083
101086
101087
101088
101090
101094
101096
101097
101098
101099
101101
101103
101104
101105
101106
101107
101108
101109
101110
101111
101112
101113
101114
101115
101116
101117
101119
101120
101121
101123
101124
101125
101127
101128
101129
101130
101132
101134
101135
101136
101137
101138
101139
101141
101142
101143
101144
101146
101147
101148
101149
101150
101151
101152
101154
101155
101156
101157
101158
101159
101162
101163
101165
101166
101167
101168
101169
101172
101173
101175
101176
101178
101179
101180
101183
101184
101186
101187
101188
101189
101192
101193
101194
101195
101197
101198
101199
101201
101202
101203
101204
101205
101206
101207
101208
101210
101214
101216
101217
101219
101220
101221
101222
101225
101227
101228
101229
101230
101232
101234
101236
101238
101239
101240
101242
101243
101244
101245
101248
101250
101252
101253
101254
101256
101257
101258
101259
101260
101261
101262
101263
101265
101266
101267
101268
101269
101270
101271
101272
101273
101274
101275
101276
101277
101279
101280
101281
101282
101283
101284
101285
101286
101288
101289
101290
101291
101292
101293
101295
101296
101300
101301
101302
101304
101305
101306
101307
101311
101312
101314
101315
101317
101318
101319
101320
101321
101322
101323
101324
101325
101326
101328
101329
101332
101333
101334
101335
101336
101338
101339
101341
101342
101343
101344
101345
101346
101347
101348
101350
101352
101353
101358
101359
101360
101362
101364
101366
101367
101368
101369
101370
101372
101374
101375
101377
101378
101379
101381
101383
101385
101387
101388
101389
101391
101392
101393
101394
101395
101396
101399
101400
101402
101404
101406
101407
101409
101411
101412
101414
101415
101416
101417
101418
101420
101421
101422
101423
101424
101425
101426
101427
101428
101431
101432
101434
101435
101437
101439
101444
101445
101446
101447
101448
101449
101451
101452
101456
101457
101458
101459
101461
101462
101463
101464
101467
101469
101470
101471
101472
101474
101476
101477
101478
101479
101482
101483
101484
101485
101486
101488
101489
101491
101493
101495
101497
101498
101499
101500
101501
101504
101505
101506
101508
101509
101510
101511
101512
101513
101516
101517
101518
101519
101520
101521
101522
101523
101528
101529
101533
101534
101535
101538
101539
101540
101541
101544
101545
101546
101548
101550
101551
101552
101556
101557
101558
101559
101560
101561
101562
101563
101566
101567
101568
101569
101570
101571
101572
101573
101574
101575
101576
101577
101578
101579
101580
101581
101582
101583
101584
101585
101587
101588
101590
101592
101593
101594
101595
101596
101597
101598
101601
101602
101603
101605
101607
101613
101614
101616
101617
101618
101619
101620
101621
101623
101624
101625
101626
101627
101629
101630
101631
101632
101633
101636
101637
101638
101641
101642
101643
101644
101645
101646
101647
101648
101650
101652
101653
101654
101655
101656
101659
101660
