59660
59661
59663
59664
59666
59670
59671
59673
59676
59677
59678
59679
59680
59681
59684
59685
59687
59688
59689
59690
59691
59694
59695
59696
59697
59698
59699
59700
59701
59703
59704
59705
59707
59709
59710
59712
59713
59714
59715
59716
59718
59719
59720
59721
59722
59724
59725
59726
59727
59729
59730
59732
59733
59735
59736
59738
59740
59744
59746
59747
59751
59752
59753
59754
59757
59758
59759
59761
59762
59764
59765
59766
59771
59772
59773
59777
59778
59783
59785
59789
59790
59792
59793
59794
59796
59797
59798
59799
59801
59803
59804
59805
59806
59808
59809
59811
59812
59813
59815
59816
59817
59818
59819
59820
59821
59822
59823
59824
59825
59829
59830
59832
59834
59836
59838
59839
59842
59843
59847
59848
59849
59850
59851
59853
59855
59856
59857
59858
59859
59861
59864
59867
59868
59872
59873
59874
59876
59878
59880
59881
59882
59885
59886
59887
59888
59890
59891
59892
59893
59894
59897
59898
59899
59900
59901
59902
59903
59904
59907
59908
59910
59912
59914
59915
59917
59918
59921
59922
59927
59928
59929
59930
59932
59933
59934
59936
59939
59940
59945
59946
59951
59952
59953
59954
59957
59959
59961
59962
59963
59964
59967
59968
59969
59971
59972
59973
59974
59975
59976
59977
59981
59984
59985
59986
59987
59988
59989
59990
59991
59993
59994
59996
59998
60000
60001
60003
60005
60008
60009
60010
60012
60013
60017
60018
60019
60020
60022
60023
60024
60027
60028
60031
60032
60033
60034
60037
60038
60039
60041
60044
60046
60048
60049
60050
60051
60053
60054
60055
60056
60057
60061
60063
60065
60067
60069
60072
60073
60074
60075
60076
60077
60078
60080
60081
60083
60084
60085
60088
60089
60090
60091
60092
60093
60095
60096
60097
60098
60099
60100
60101
60102
60103
60104
60105
60106
60107
60110
60112
60113
60114
60118
60120
60124
60125
60126
60127
60128
60129
60130
60131
60133
60139
60140
60143
60145
60150
60151
60155
60158
60159
60160
60161
60162
60164
60165
60167
60169
60170
60172
60173
60175
60176
60177
60178
60179
60184
60185
60186
60187
60190
60191
60192
60193
60194
60195
60197
60198
60200
60201
60202
60203
60205
60206
60209
60211
60212
60214
60215
60216
60217
60218
60219
60220
60221
60224
60225
60226
60227
60229
60230
60231
60232
60233
60236
60237
60238
60239
60240
60241
60242
60243
60244
60245
60248
60250
60252
60254
60255
60259
60261
60264
60265
60266
60268
60270
60271
60272
60273
60274
60275
60276
60277
60278
60279
60280
60283
60286
60287
60288
60290
60291
60292
60293
60295
60296
60297
60299
60301
60302
60303
60304
60307
60308
60309
60312
60314
60315
60316
60317
60318
60320
60321
60323
60324
60325
60330
60331
60332
60333
60336
60337
60338
60339
60340
60341
60342
60346
60347
60349
60350
60352
60353
60355
60357
60360
60363
60365
60366
60367
60370
60371
60372
60373
60376
60377
60379
60380
60381
60384
60385
60386
60387
60389
60390
60391
60393
60395
60397
60398
60402
60403
60404
60405
60406
60407
60410
60411
60413
60414
60416
60417
60420
60422
60424
60425
60426
60428
60429
60431
60433
60436
60437
60438
60439
60440
60442
60445
60447
60448
60450
60451
60452
60455
60456
60457
60459
60460
60461
60462
60467
60468
60469
60473
60474
60475
60476
60477
60478
60479
60480
60481
60482
60483
60484
60485
60487
60488
60489
60490
60491
60492
60493
60494
60496
60497
60498
60499
60500
60501
60502
60504
60505
60506
60507
60508
60509
60510
60512
60513
60515
60516
60518
60521
60522
60524
60525
60526
60527
60528
60529
60530
60531
60532
60533
60534
60536
60538
60539
60540
60543
60544
60545
60547
60548
60549
60550
60557
60560
60561
60562
60563
60564
60566
60567
60568
60569
60570
60572
60573
60575
60577
60578
60579
60580
60581
60582
60583
60584
60585
60586
60587
60589
60590
60591
60592
60593
60594
60597
60599
60601
60602
60603
60606
60607
60609
60610
60614
60615
60616
60617
60619
60622
60623
60625
60626
60627
60628
60630
60631
60632
60634
60635
60637
60639
60640
60641
60642
60643
60644
60646
60647
60649
60650
60652
60653
60656
60657
60659
60660
60662
60663
60664
60666
60667
60668
60669
60670
60671
60672
60673
60674
60675
60676
60678
60680
60681
60683
60684
60685
60686
60687
60690
60691
60692
60694
60695
60696
60697
60698
60699
60700
60701
60702
60703
60704
60705
60706
60707
60710
60711
60713
60714
60715
60716
60717
60718
60719
60721
60723
60724
60726
60727
60728
60729
60730
60731
60734
60736
60737
60738
60740
60741
60742
60743
60744
60745
60746
60747
60748
60749
60750
60752
60754
60756
60757
60758
60760
60761
60763
60764
60765
60767
60768
60769
60770
60771
60772
60773
60774
60776
60779
60783
60784
60785
60787
60788
60790
60791
60793
60794
60795
60796
60797
60798
60799
60800
60801
60802
60803
60804
60805
60806
60807
60808
60809
60810
60812
60813
60816
60820
60821
60823
60824
60825
60826
60827
60828
60830
60831
60832
60834
60836
60837
60839
60840
60841
60842
60843
60844
60845
60846
60847
60849
60850
60851
60852
60853
60854
60855
60858
60859
60861
60862
60863
60864
60865
60866
60867
60869
60870
60871
60873
60874
60875
60876
60878
60879
60880
60881
60882
60883
60884
60885
60886
60887
60888
60889
60890
60891
60892
60893
60894
60895
60897
60898
60901
60903
60904
60905
60906
60907
60911
60912
60913
60914
60915
60916
60917
60918
60919
60920
60921
60924
60925
60926
60927
60928
60929
60930
60931
60932
60933
60934
60935
60936
60937
60938
60940
60941
60942
60943
60944
60945
60946
60947
60948
60949
60950
60951
60953
60954
60955
60957
60958
60959
60960
60961
60962
60964
60965
60966
60967
60968
60970
60971
60975
60976
60977
60978
60981
60982
60983
60984
60985
60986
60988
60989
60990
60991
60993
60994
60995
60996
60997
60998
60999
61002
61003
61004
61005
61006
61007
61009
61010
61011
61012
61013
61015
61016
61017
61018
61019
61020
61021
61023
61025
61026
61027
61028
61029
61030
61031
61032
61033
61034
61035
61036
61037
61038
61040
61042
61043
61044
61045
61046
61047
61048
61049
61050
61051
61052
61053
61054
61055
61056
61057
61058
61059
61060
61062
61063
61065
61067
61068
61069
61070
61071
61073
61074
61075
61077
61078
61079
61080
61081
61082
61083
61084
61085
61086
61088
61093
61095
61098
61099
61100
61101
61102
61103
61105
61106
61107
61108
61109
61110
61111
61112
61113
61114
61115
61116
61117
61118
61119
61120
61122
61123
61127
61128
61130
61133
61135
61136
61137
61138
61139
61140
61142
61143
61144
61145
61146
61148
61149
61150
61151
61152
61155
61156
61158
61160
61161
61162
61164
61165
61166
61167
61168
61169
61170
61173
61174
61175
61176
61177
61182
61183
61184
61186
61187
61189
61190
61191
61192
61193
61195
61196
61197
61198
61199
61200
61201
61202
61203
61204
61205
61206
61208
61209
61210
61211
61212
61213
61215
61216
61217
61218
61219
61220
61221
61222
61223
61224
61225
61227
61228
61229
61230
61231
61232
61233
61234
61235
61238
61239
61241
61242
61245
61246
61247
61248
61249
61250
61251
61252
61255
61256
61258
61259
61261
61263
61264
61265
61267
61268
61269
61270
61271
61273
61274
61275
61276
61277
61278
61279
61280
61281
61283
61285
61286
61287
61288
61289
61291
61292
61293
61295
61296
61297
61298
61299
61302
61303
61305
61306
61308
61309
61310
61313
61314
61315
61316
61317
61318
61320
61323
61324
61325
61326
61327
61328
61331
61332
61333
61334
61335
61336
61337
61339
61340
61341
61342
61343
61344
61347
61349
61350
61352
61353
61354
61357
61359
61360
61362
61363
61364
61366
61367
61368
61370
61371
61374
61376
61377
61380
61381
61382
61385
61387
61388
61390
61391
61392
61393
61394
61395
61398
61399
61400
61401
61402
61403
61404
61405
61406
61407
61408
61409
61410
61411
61412
61413
61415
61417
61419
61420
61421
61424
61425
61426
61428
61429
61430
61434
61435
61437
61439
61441
61442
61443
61444
61446
61447
61448
61449
61450
61452
61453
61454
61456
61457
61458
61459
61460
61461
61462
61463
61465
61466
61467
61469
61470
61475
61476
61478
61479
61482
61483
61484
61485
61487
61488
61491
61493
61494
61495
61496
61502
61503
61504
61505
61507
61509
61510
61511
61512
61515
61516
61517
61518
61519
61521
61522
61523
61524
61525
61526
61527
61530
61531
61532
61534
61535
61538
61539
61540
61541
61542
61543
61544
61545
61546
61547
61551
61553
61554
61555
61556
61561
61562
61563
61564
61565
61566
61568
61569
61570
61572
61574
61575
61577
61578
61579
61580
61581
61583
61584
61589
61592
61593
61594
61596
61597
61598
61599
61600
61601
61602
61603
61606
61608
61611
61613
61614
61615
61618
61619
61620
61621
61623
61624
61625
61628
61630
61631
61632
61633
61634
61635
61636
61637
61640
61643
61645
61646
61648
61649
61650
61651
61652
61653
61655
61656
61657
61659
61662
61663
61665
61667
61670
61671
61672
61673
61674
61675
61679
61680
61683
61684
61686
61687
61690
61691
61692
61693
61695
61697
61698
61699
61700
61701
61702
61704
61705
61706
61708
61709
61710
61711
61712
61713
61715
61717
61719
61720
61721
61722
61723
61726
61730
61731
61735
61736
61738
61739
61741
61742
61743
61744
61745
61746
61747
61749
61750
61751
61752
61754
61755
61756
61758
61759
61760
61761
61762
61763
61765
61766
61767
61768
61769
61771
61773
61774
61775
61776
61777
61778
61780
61782
61783
61784
61785
61786
61787
61788
61789
61790
61791
61794
61795
61796
61797
61798
61799
61801
61803
61806
61807
61808
61809
61810
61812
61813
61814
61816
61817
61818
61819
61821
61822
61824
61827
61828
61829
61830
61831
61832
61833
61834
61836
61840
61841
61842
61843
61844
61845
61846
61848
61850
61851
61853
61854
61856
61859
61860
61861
61864
61866
61867
61868
61869
61870
61871
61873
61874
61875
61877
61879
61881
61882
61883
61885
61886
61887
61888
61889
61890
61891
61892
61893
61894
61895
61897
61899
61900
61901
61903
61904
61905
61906
61907
61908
61909
61910
61912
61913
61914
61915
61916
61918
61921
61922
61923
61925
61929
61930
61932
61933
61934
61936
61937
61938
61939
61940
61941
61942
61943
61944
61948
61949
61950
61951
61952
61954
61955
61956
61958
61959
61960
61962
61963
61964
61967
61968
61969
61971
61972
61974
61976
61977
61979
61980
61981
61982
61983
61984
61985
61987
61988
61989
61992
61996
61997
61998
61999
62000
62001
62002
62003
62004
62005
62006
62009
62011
62013
62014
62015
62020
62022
62023
62024
62025
62028
62029
62030
62031
62032
62033
62034
62035
62037
62039
62040
62041
62042
62043
62044
62046
62051
62052
62055
62057
62058
62059
62060
62062
62063
62064
62065
62066
62068
62069
62071
62072
62075
62076
62079
62080
62082
62083
62086
62087
62088
62089
62092
62093
62095
62097
62098
62100
62101
62107
62108
62110
62111
62112
62113
62115
62117
62118
62120
62122
62123
62126
62127
62129
62134
62136
62137
62139
62140
62141
62142
62143
62145
62146
62148
62149
62150
62151
62152
62153
62154
62155
62158
62161
62163
62166
62167
62168
62169
62170
62171
62172
62173
62174
62176
62177
62178
62179
62181
62182
62183
62184
62186
62187
62188
62190
62191
62193
62194
62195
62196
62197
62198
62200
62202
62203
62207
62209
62210
62211
62212
62213
62214
62215
62218
62219
62221
62222
62223
62224
62229
62231
62232
62235
62236
62237
62238
62240
62241
62244
62246
62247
62248
62249
62250
62251
62252
62254
62257
62258
62260
62261
62262
62264
62265
62267
62268
62269
62271
62272
62273
62274
62276
62277
62278
62280
62281
62282
62283
62284
62290
62291
62292
62293
62294
62295
62296
62299
62300
62302
62303
62304
62306
62307
62308
62309
62310
62311
62312
62316
62318
62321
62322
62323
62324
62325
62326
62327
62328
62332
62336
62337
62338
62339
62340
62341
62342
62344
62346
62347
62350
62351
62353
62355
62357
62358
62359
62362
62363
62364
62365
62366
62367
62369
62370
62371
62372
62373
62375
62380
62381
62382
62384
62385
62386
62388
62391
62393
62398
62399
62400
62401
62402
62403
62407
62410
62413
62414
62415
62416
62417
62419
62420
62421
62424
62427
62428
62429
62430
62431
62434
62435
62437
62438
62439
62440
62442
62445
62447
62448
62450
62451
62452
62453
62455
62457
62460
62461
62462
62463
62464
62466
62468
62469
62470
62471
62475
62476
62477
62478
62479
62481
62482
62483
62485
62486
62490
62491
62492
62493
62494
62495
62497
62498
62499
62500
62501
62502
62503
62504
62505
62507
62509
62510
62511
62513
62514
62515
62517
62519
62520
62521
62522
62523
62525
62529
62530
62531
62532
62533
62536
62538
62540
62542
62543
62545
62546
62547
62548
62549
62550
62551
62554
62555
62556
62558
62560
62561
62562
62563
62564
62565
62566
62567
62568
62570
62572
62573
62574
62577
62578
62581
62582
62583
62584
62585
62590
62591
62593
62595
62597
62599
62601
62602
62603
62606
62607
62611
62612
62614
62615
62618
62619
62620
62621
62622
62624
62627
62628
62629
62631
62632
62633
62634
62635
62637
62638
62639
62640
62641
62642
62643
62644
62646
62647
62648
62649
62650
62653
62655
62657
62659
62660
62661
62662
62663
62664
62666
62671
62675
62676
62677
62678
62679
62680
62683
62684
62685
62686
62690
62693
62695
62697
62699
62701
62703
62704
62705
62708
62709
62711
62712
62713
62716
62717
62720
62723
62726
62727
62729
62730
62731
62734
62735
62736
62737
62739
62740
62742
62743
62744
62745
62746
62747
62748
62749
62750
62752
62755
62756
62758
62759
62760
62762
62764
62766
62767
62768
62769
62770
62771
62772
62773
62774
62775
62776
62779
62780
62781
62782
62783
62784
62785
62787
62788
62789
62790
62791
62793
62794
62796
62797
62800
62802
62804
62805
62809
62810
62813
62814
62816
62819
62820
62821
62822
62823
62826
62830
62831
62832
62833
62834
62835
62836
62837
62838
62840
62841
62842
62843
62845
62848
62849
62850
62851
62852
62853
62855
62856
62857
62858
62861
62863
62864
62866
62869
62870
62872
62873
62874
62875
62876
62877
62878
62879
62880
62881
62882
62883
62884
62885
62887
62888
62889
62891
62892
62893
62894
62895
62896
62898
62899
62901
62902
62903
62906
62907
62908
62909
62910
62911
62912
62913
62914
62916
62917
62918
62920
62921
62922
62924
62926
62928
62932
62935
62936
62938
62939
62940
62941
62942
62943
62944
62945
62946
62947
62948
62950
62951
62952
62954
62955
62956
62957
62958
62959
62960
62961
62962
62963
62964
62966
62967
62968
62971
62973
62974
62975
62976
62977
62979
62980
62981
62983
62984
62986
62987
62989
62990
62991
62992
62993
62995
62996
62998
62999
63000
63001
63002
63003
63005
63006
63007
63008
63010
63011
63014
63015
63017
63018
63019
63020
63021
63023
63025
63027
63028
63029
63030
63032
63034
63036
63037
63039
63040
63041
63042
63043
63044
63046
63047
63048
63050
63051
63052
63053
63054
63057
63058
63059
63060
63061
63062
63063
63064
63065
63067
63068
63069
63070
63071
63072
63073
63074
63075
63076
63078
63079
63080
63081
63084
63085
63086
63087
63088
63089
63090
63091
63092
63093
63094
63095
63096
63097
63098
63099
63100
63102
63103
63105
63106
63107
63110
63112
63114
63115
63116
63117
63123
63124
63125
63128
63130
63131
63132
63133
63134
63135
63136
63138
63140
63141
63143
63144
63146
63147
63149
63150
63151
63152
63154
63155
63157
63158
63160
63161
63162
63167
63168
63169
63170
63171
63172
63173
63174
63177
63178
63181
63182
63184
63185
63186
63187
63188
63190
63191
63192
63194
63196
63199
63200
63201
63206
63208
63211
63212
63213
63214
63215
63216
63217
63218
63219
63220
63221
63222
63223
63224
63226
63228
63233
63235
63237
63238
63240
63242
63243
63245
63246
63247
63248
63249
63250
63254
63255
63256
63258
63262
63263
63267
63268
63270
63271
63277
63281
63282
63283
63289
63293
63295
63297
63298
63299
63300
63301
63302
63304
63306
63307
63308
63313
63315
63316
63317
63319
63320
63321
63322
63323
63324
63326
63330
63332
63333
63334
63335
63336
63337
63338
63339
63342
63343
63345
63346
63347
63348
63349
63351
63352
63353
63354
63355
63359
63360
63361
63363
63364
63366
63367
63369
63371
63373
63374
63375
63376
63377
63379
63380
63381
63382
63383
63384
63385
63387
63388
63389
63390
63391
63392
63393
63395
63397
63398
63399
63400
63403
63404
63405
63406
63407
63408
63409
63412
63413
63414
63415
63416
63417
63420
63421
63423
63424
63425
63426
63428
63429
63430
63431
63432
63433
63434
63435
63436
63438
63439
63441
63442
63444
63445
63446
63447
63448
63449
63450
63451
63453
63454
63455
63457
63458
63462
63463
63464
63466
63467
63469
63470
63471
63472
63473
63478
63479
63481
63482
63483
63484
63485
63486
63487
63488
63489
63490
63492
63495
63496
63497
63499
63500
63503
63505
63506
63507
63508
63509
63510
63511
63512
63514
63515
63516
63518
63520
63522
63524
63525
63526
63528
63529
63530
63532
63533
63535
63536
63538
63539
63540
63541
63543
63544
63546
63547
63548
63549
63550
63551
63552
63553
63554
63555
63556
63557
63558
63559
63560
63563
63564
63565
63566
63567
63569
63570
63572
63573
63574
63576
63579
63582
63583
63586
63587
63588
63589
63591
63597
63598
63599
63603
63606
63607
63609
63611
63612
63613
63615
63616
63617
63619
63620
63622
63623
63625
63626
63627
63628
63630
63631
63632
63633
63636
63639
63640
63642
63643
63645
63646
63648
63649
63650
63651
63652
63653
63654
63655
63656
63657
63658
63659
63661
63662
63663
63664
63667
63668
63673
63674
63676
63680
63681
63683
63685
63686
63687
63688
63689
63690
63693
63694
63695
63698
63699
63701
63702
63703
63705
63707
63708
63710
63711
63713
63714
63715
63716
63717
63720
63722
63723
63729
63730
63732
63733
63734
63735
63736
63737
63738
63739
63740
63741
63742
63743
63744
63745
63746
63749
63750
63752
63755
63756
63758
63759
63760
63765
63766
63769
63770
63771
63772
63774
63775
63776
63777
63778
63781
63782
63786
63788
63790
63791
63792
63794
63796
63798
63799
63800
63801
63802
63803
63804
63805
63806
63807
63808
63811
63812
63813
63817
63818
63819
63820
63822
63825
63826
63827
63828
63829
63830
63831
63834
63835
63836
63838
63839
63841
63842
63844
63847
63848
63849
63850
63851
63853
63854
63855
63856
63858
63859
63860
63861
63863
63864
63865
63866
63867
63868
63871
63872
63873
63874
63875
63876
63877
63878
63879
63881
63882
63884
63885
63887
63890
63893
63894
63895
63896
63897
63898
63899
63900
63902
63904
63905
63906
63907
63910
63911
63912
63913
63915
63916
63918
63919
63920
63921
63922
63925
63926
63927
63928
63929
63931
63934
63935
63938
63939
63940
63941
63942
63943
63945
63947
63948
63949
63952
63957
63959
63960
63962
63963
63964
63965
63966
63968
63969
63971
63972
63973
63974
63975
63976
63978
63979
63980
63982
63984
63985
63986
63991
63992
63993
63994
63995
63997
63998
63999
64000
64001
64002
64003
64005
64006
64007
64008
64009
64010
64011
64013
64014
64015
64016
64017
64018
64019
64024
64025
64026
64028
64029
64032
64033
64034
64037
64038
64039
64040
64042
64043
64044
64045
64047
64048
64049
64050
64052
64053
64054
64056
64058
64059
64060
64061
64062
64063
64064
64065
64066
64070
64071
64072
64073
64074
64075
64076
64077
64079
64080
64081
64083
64087
64088
64089
64090
64091
64092
64093
64096
64097
64100
64101
64102
64103
64104
64105
64106
64108
64109
64110
64111
64113
64116
64117
64119
64120
64121
64122
64124
64125
64126
64128
64129
64130
64131
64132
64136
64138
64139
64140
64141
64142
64143
64144
64146
64150
64151
64152
64154
64155
64157
64158
64159
64161
64162
64163
64166
64167
64169
64170
64172
64174
64175
64176
64179
64180
64181
64182
64183
64184
64185
64186
64187
64192
64193
64194
64195
64198
64199
64200
64201
64202
64203
64204
64205
64206
64207
64208
64210
64211
64212
64213
64214
64216
64217
64218
64220
64221
64222
64223
64224
64225
64227
64228
64229
64230
64231
64232
64235
64236
64239
64240
64241
64242
64243
64244
64245
64247
64251
64252
64253
64255
64256
64257
64259
64260
64261
64262
64264
64265
64266
64268
64269
64272
64274
64275
64276
64277
64278
64280
64281
64282
64283
64284
64286
64289
64290
64291
64292
64293
64294
64295
64298
64299
64300
64301
64303
64305
64306
64307
64308
64310
64311
64312
64313
64314
64315
64316
64317
64319
64320
64321
64322
64323
64324
64325
64328
64329
64330
64332
64333
64335
64336
64337
64338
64339
64340
64341
64342
64343
64345
64346
64347
64348
64349
64350
64351
64352
64353
64354
64355
64357
64358
64359
64360
64361
64362
64363
64365
64366
64367
64368
64370
64372
64373
64376
64377
64378
64379
64380
64381
64382
64384
64385
64386
64389
64390
64391
64392
64395
64396
64397
64398
64399
64401
64403
64404
64406
64407
64409
64410
64413
64414
64415
64416
64417
64418
64419
64420
64423
64425
64427
64428
64429
64430
64431
64432
64434
64435
64436
64438
64439
64441
64442
64443
64444
64445
64446
64447
64450
64451
64453
64454
64455
64456
64457
64458
64460
64462
64463
64464
64465
64466
64467
64468
64469
64470
64471
64472
64473
64474
64475
64477
64479
64481
64482
64484
64486
64487
64488
64489
64490
64491
64492
64493
64494
64495
64496
64497
64498
64500
64501
64503
64504
64506
64509
64510
64511
64513
64515
64516
64517
64518
64519
64521
64524
64525
64526
64527
64528
64529
64530
64531
64534
64535
64536
64537
64538
64539
64541
64542
64543
64544
64545
64546
64547
64548
64549
64551
64553
64554
64556
64557
64558
64559
64560
64563
64564
64565
64567
64569
64570
64571
64573
64574
64575
64576
64579
64581
64582
64583
64584
64585
64586
64587
64588
64589
64590
64591
64593
64594
64596
64597
64600
64601
64602
64603
64604
64605
64606
64607
64608
64609
64610
64611
64612
64613
64614
64615
64617
64619
64625
64626
64627
64628
64629
64630
64632
64633
64634
64636
64637
64639
64640
64641
64644
64645
64646
64647
64649
64650
64651
64652
64655
64656
64658
64660
64661
64663
64664
64665
64666
64667
64668
64670
64671
64672
64673
64674
64675
64676
64677
64679
64682
64683
64684
64687
64688
64689
64690
64691
64693
64694
64695
64697
64698
64699
64701
64705
64706
64707
64709
64711
64712
64713
64714
64715
64719
64720
64721
64722
64724
64725
64726
64727
64728
64729
64732
64733
64734
64735
64736
64737
64738
64740
64741
64742
64743
64744
64745
64746
64747
64748
64750
64752
64753
64755
64756
64757
64758
64760
64762
64764
64765
64766
64767
64769
64770
64772
64774
64776
64778
64779
64781
64782
64783
64784
64785
64786
64787
64788
64789
64791
64792
64793
64794
64797
64798
64799
64801
64802
64804
64805
64806
64808
64810
64814
64816
64817
64819
64820
64821
64822
64823
64824
64825
64826
64830
64831
64832
64833
64834
64837
64838
64840
64841
64842
64847
64848
64849
64851
64852
64853
64854
64856
64857
64858
64859
64860
64861
64863
64866
64867
64868
64869
64871
64872
64873
64874
64875
64876
64877
64879
64880
64881
64882
64883
64884
64885
64887
64888
64890
64891
64892
64893
64894
64896
64899
64900
64901
64902
64903
64904
64905
64906
64908
64909
64910
64912
64913
64914
64915
64916
64917
64918
64919
64920
64921
64923
64924
64925
64926
64927
64928
64932
64933
64934
64935
64936
64937
64938
64939
64940
64941
64942
64943
64944
64945
64946
64947
64948
64950
64951
64954
64955
64956
64957
64958
64959
64961
64963
64964
64965
64970
64971
64972
64973
64975
64976
64977
64978
64980
64982
64983
64984
64987
64988
64989
64991
64992
64993
64995
64997
64998
64999
65001
65002
65003
65005
65006
65007
65008
65009
65010
65011
65012
65013
65014
65016
65017
65018
65020
65021
65022
65023
65024
65025
65027
65031
65032
65033
65034
65037
65038
65039
65040
65041
65043
65044
65045
65047
65048
65052
65053
65054
65055
65057
65060
65062
65063
65064
65065
65067
65068
65069
65070
65072
65073
65074
65075
65077
65078
65079
65081
65083
65084
65087
65089
65092
65093
65094
65095
65098
65099
65100
65101
65102
65103
65104
65105
65106
65107
65108
65112
65114
65115
65116
65117
65118
65119
65120
65121
65122
65125
65128
65130
65131
65132
65135
65137
65138
65140
65141
65142
65145
65148
65149
65152
65153
65154
65155
65156
65159
65160
65161
65162
65164
65166
65167
65168
65169
65171
65172
65173
65175
65176
65180
65182
65184
65186
65188
65189
65190
65192
65193
65197
65199
65202
65203
65204
65207
65213
65215
65218
65220
65221
65226
65233
65234
65235
65236
65237
65238
65239
65241
65242
65244
65247
65248
65249
65252
65253
65255
65256
65258
65259
65260
65261
65262
65263
65265
65267
65271
65272
65273
65274
65276
65277
65278
65282
65283
65284
65286
65287
65289
65291
65292
65295
65297
65298
65299
65300
65302
65303
65304
65307
65308
65309
65311
65313
65317
65318
65319
65320
65322
65323
65324
65325
65326
65327
65328
65329
65330
65331
65332
65333
65334
65336
65337
65338
65340
65341
65342
65344
65346
65347
65348
65349
65350
65351
65354
65356
65357
65359
65361
65362
65364
65366
65367
65368
65369
65370
65371
65372
65373
65375
65376
65378
65379
65380
65381
65382
65384
65385
65386
65388
65390
65391
65393
65394
65395
65396
65397
65398
65399
65400
65401
65402
65403
65404
65405
65406
65408
65409
65410
65411
65412
65415
65416
65418
65419
65420
65421
65422
65423
65424
65425
65426
65427
65429
65430
65431
65432
65434
65435
65436
65438
65439
65440
65442
65444
65445
65446
65447
65449
65450
65452
65455
65456
65457
65458
65460
65461
65462
65464
65466
65468
65470
65471
65473
65474
65475
65476
65477
65478
65479
65480
65481
65482
65483
65484
65487
65488
65490
65491
65495
65499
65502
65503
65504
65506
65507
65509
65512
65514
65518
65519
65520
65522
65523
65524
65525
65526
65527
65528
65529
65531
65532
65533
65536
65537
65538
65539
65540
65541
65542
65543
65544
65545
65546
65547
65549
65551
65552
65553
65554
65555
65557
65558
65559
65560
65561
65562
65563
65566
65568
65569
65570
65571
65573
65576
65578
65580
65581
65584
65585
65586
65587
65588
65591
65592
65593
65594
65595
65597
65598
65600
65601
65602
65603
65606
65608
65609
65610
65616
65617
65618
65619
65621
65622
65623
65625
65626
65628
65629
65630
65632
65633
65634
65636
65638
65639
65641
65642
65643
65647
65648
65649
65651
65653
65654
65655
65656
65657
65658
65659
65660
65661
65662
65663
65664
65665
65666
65668
65669
65671
65672
65673
65677
65678
65680
65681
65682
65683
65686
65687
65688
65689
65691
65692
65693
65694
65696
65697
65699
65700
65701
65702
65704
65709
65710
65711
65713
65714
65715
65716
65718
65720
65721
65723
65724
65725
65726
65727
65728
65729
65730
65731
65735
65736
65737
65738
65740
65741
65744
65745
65747
65748
65749
65751
65752
65753
65754
65755
65756
65759
65761
65762
65764
65767
65768
65769
65770
65772
65774
65775
65777
65778
65780
65781
65782
65786
65788
65789
65790
65791
65794
65799
65804
65805
65807
65810
65813
65815
65817
65819
65820
65822
65823
65824
65826
65827
65828
65829
65830
65831
65835
65838
65840
65841
65843
65845
65847
65848
65849
65850
65851
65852
65854
65855
65857
65858
65859
65860
65861
65862
65863
65864
65865
65867
65868
65869
65872
65873
65875
65876
65877
65878
65879
65880
65884
65885
65886
65887
65891
65892
65893
65894
65896
65897
65899
65900
65901
65902
65904
65905
65907
65908
65910
65911
65912
65913
65915
65917
65919
65921
65922
65923
65924
65925
65926
65928
65929
65930
65931
65932
65933
65934
65937
65939
65940
65942
65943
65944
65945
65946
65947
65948
65949
65952
65953
65954
65955
65956
65958
65959
65960
65962
65963
65964
65965
65966
65967
65969
65970
65971
65972
65973
65974
65975
65976
65977
65978
65979
65982
65983
65984
65985
65986
65987
65988
65989
65990
65992
65993
65994
65995
65997
66000
66002
66003
66005
66006
66009
66012
66014
66017
66019
66021
66023
66024
66025
66027
66029
66030
66032
66035
66036
66038
66039
66040
66041
66042
66043
66044
66045
66046
66048
66049
66052
66053
66055
66056
66058
66059
66061
66066
66067
66068
66069
66070
66071
66072
66073
66075
66078
66081
66082
66083
66086
66087
66088
66089
66093
66094
66095
66098
66101
66102
66103
66104
66105
66106
66110
66112
66113
66114
66116
66117
66118
66119
66120
66122
66123
66124
66127
66130
66134
66135
66136
66137
66139
66141
66142
66144
66156
66157
66158
66159
66160
66162
66163
66165
66166
66167
66168
66169
66170
66171
66172
66173
66178
66179
66182
66183
66184
66185
66188
66189
66190
66192
66193
66196
66197
66198
66199
66200
66203
66204
66205
66206
66207
66208
66211
66213
66214
66217
66219
66221
66224
66225
66226
66227
66228
66229
66230
66231
66232
66233
66234
66235
66236
66237
66238
66240
66241
66242
66243
66244
66246
66247
66250
66252
66254
66256
66257
66260
66261
66263
66264
66265
66266
66267
66271
66273
66274
66275
66276
66277
66279
66280
66281
66282
66283
66286
66287
66288
66289
66290
66293
66294
66295
66296
66297
66298
66299
66300
66301
66302
66303
66304
66305
66306
66307
66308
66310
66312
66316
66317
66318
66320
66322
66323
66324
66326
66327
66328
66329
66330
66332
66335
66336
66337
66338
66339
66340
66341
66342
66345
66346
66348
66349
66350
66351
66352
66354
66355
66356
66357
66359
66360
66361
66362
66363
66365
66366
66367
66368
66369
66372
66374
66375
66376
66377
66378
66379
66380
66381
66382
66383
66386
66387
66388
66389
66392
66395
66396
66397
66398
66401
66402
66405
66406
66408
66410
66412
66414
66416
66417
66418
66420
66424
66425
66426
66427
66429
66430
66431
66432
66433
66434
66436
66437
66438
66440
66441
66442
66443
66445
66448
66449
66453
66454
66455
66457
66460
66461
66463
66464
66465
66466
66467
66468
66471
66472
66473
66477
66478
66479
66481
66483
66484
66486
66487
66489
66490
66491
66492
66493
66495
66496
66497
66498
66499
66500
66501
66502
66503
66504
66506
66507
66508
66509
66511
66512
66513
66514
66515
66516
66517
66518
66519
66521
66523
66524
66525
66526
66527
66528
66529
66531
66532
66533
66535
66536
66537
66538
66539
66540
66541
66543
66544
66545
66546
66547
66550
66551
66554
66555
66556
66558
66559
66561
66562
66563
66564
66565
66566
66567
66568
66571
66572
66575
66576
66578
66579
66580
66581
66582
66583
66585
66587
66588
66590
66592
66593
66595
66596
66597
66598
66600
66601
66602
66603
66604
66605
66606
66608
66611
66612
66613
66614
66615
66616
66617
66618
66620
66622
66625
66626
66628
66630
66633
66634
66637
66638
66639
66640
66641
66643
66644
66645
66647
66648
66649
66650
66651
66653
66656
66657
66658
66659
66660
66661
66662
66663
66664
66666
66667
66668
66669
66670
66671
66672
66673
66674
66675
66676
66677
66678
66679
66680
66681
66682
66685
66686
66687
66688
66691
66692
66693
66694
66695
66697
66700
66702
66703
66704
66705
66706
66707
66708
66709
66710
66711
66713
66716
66717
66719
66720
66721
66722
66724
66726
66728
66730
66732
66733
66735
66736
66737
66739
66740
66741
66743
66746
66748
66749
66751
66752
66754
66756
66757
66758
66759
66760
66762
66763
66764
66765
66766
66767
66768
66770
66771
66772
66773
66774
66777
66778
66781
66782
66784
66785
66787
66788
66789
66790
66791
66794
66795
66796
66797
66798
66799
66802
66805
66806
66807
66808
66809
66810
66812
66813
66815
66816
66817
66819
66820
66821
66823
66825
66827
66828
66829
66831
66832
66834
66836
66837
66838
66839
66841
66843
66844
66847
66848
66849
66850
66855
66856
66857
66858
66861
66862
66863
66864
66865
66866
66869
66871
66872
66873
66874
66876
66877
66880
66882
66886
66888
66889
66890
66891
66892
66893
66895
66896
66897
66900
66901
66903
66904
66905
66907
66909
66911
66915
66916
66918
66919
66920
66921
66922
66923
66924
66925
66926
66928
66929
66930
66931
66932
66933
66934
66937
66938
66941
66942
66943
66944
66946
66950
66951
66952
66955
66956
66957
66958
66963
66965
66966
66967
66968
66969
66970
66971
66972
66973
66976
66977
66978
66979
66980
66982
66985
66988
66989
66991
66993
66994
66995
66996
66998
67002
67004
67005
67006
67007
67008
67009
67010
67011
67013
67015
67016
67017
67018
67021
67024
67025
67026
67027
67028
67030
67031
67033
67035
67036
67037
67038
67040
67041
67043
67044
67045
67048
67049
67050
67052
67053
67055
67056
67060
67061
67064
67067
67068
67070
67071
67073
67074
67075
67076
67077
67079
67080
67081
67082
67083
67084
67085
67086
67087
67088
67089
67090
67091
67092
67094
67095
67096
67097
67099
67100
67101
67103
67106
67107
67108
67109
67110
67112
67113
67114
67115
67116
67117
67118
67119
67120
67121
67122
67123
67124
67126
67127
67129
67131
67135
67137
67139
67140
67141
67142
67143
67144
67145
67146
67148
67149
67150
67152
67154
67155
67156
67157
67159
67160
67162
67163
67165
67166
67168
67169
67171
67173
67174
67179
67180
67182
67183
67184
67185
67186
67187
67189
67192
67193
67194
67195
67196
67198
67199
67200
67201
67204
67205
67206
67208
67211
67212
67213
67215
67216
67218
67219
67222
67226
67227
67228
67229
67230
67231
67232
67233
67234
67235
67236
67237
67241
67243
67244
67245
67246
67247
67248
67249
67250
67251
67253
67254
67256
67258
67259
67260
67262
67264
67265
67266
67267
67269
67270
67274
67275
67277
67278
67279
67280
67282
67283
67286
67288
67289
67290
67293
67294
67295
67299
67301
67303
67304
67305
67307
67309
67310
67311
67312
67313
67314
67315
67316
67317
67318
67319
67321
67322
67323
67324
67325
67326
67327
67330
67331
67333
67334
67336
67338
67339
67340
67342
67343
67344
67346
67347
67348
67351
67352
67353
67354
67355
67359
67361
67362
67363
67364
67368
67369
67370
67371
67373
67375
67376
67379
67380
67382
67383
67386
67387
67388
67390
67391
67392
67394
67395
67396
67397
67398
67401
67402
67403
67405
67406
67407
67408
67409
67410
67411
67412
67414
67415
67416
67418
67420
67421
67422
67423
67424
67425
67426
67427
67428
67429
67430
67432
67433
67434
67435
67436
67437
67439
67440
67442
67443
67444
67446
67447
67449
67450
67451
67452
67453
67454
67455
67458
67459
67460
67462
67464
67465
67466
67467
67468
67469
67470
67471
67472
67473
67474
67476
67477
67478
67484
67485
67486
67487
67488
67489
67490
67491
67492
67493
67494
67495
67496
67497
67498
67500
67501
67503
67504
67505
67506
67507
67508
67509
67510
67511
67512
67513
67514
67515
67516
67517
67518
67519
67520
67521
67523
67524
67528
67529
67530
67531
67532
67534
67535
67538
67539
67541
67542
67543
67544
67545
67546
67547
67549
67550
67552
67553
67554
67555
67556
67557
67558
67559
67560
67561
67562
67563
67564
67565
67566
67567
67568
67569
67570
67571
67572
67573
67574
67575
67576
67577
67578
67579
67580
67581
67582
67583
67584
67585
67587
67588
67589
67591
67592
67593
67595
67596
67597
67598
67599
67601
67602
67603
67604
67605
67607
67608
67609
67610
67611
67612
67613
67614
67615
67617
67619
67620
67621
67622
67623
67624
67625
67626
67627
67629
67630
67631
67633
67635
67637
67639
67640
67642
67643
67644
67645
67646
67647
67648
67649
67650
67651
67652
67653
67654
67655
67656
67657
67659
67660
67661
67662
67664
67666
67667
67668
67669
67670
67672
67673
67674
67675
67676
67677
67678
67679
67680
67681
67682
67683
67684
67686
67687
67688
67690
67692
67694
67695
67696
67697
67698
67699
67700
67701
67702
67704
67705
67706
67707
67708
67710
67712
67713
67714
67715
67717
67718
67719
67720
67721
67723
67725
67726
67727
67728
67729
67730
67731
67732
67733
67734
67735
67736
67738
67739
67740
67741
67742
67743
67744
67745
67746
67747
67748
67750
67751
67752
67753
67755
67758
67759
67760
67761
67762
67763
67764
67765
67766
67767
67768
67769
67770
67771
67774
67775
67776
67777
67779
67780
67782
67783
67785
67786
67787
67789
67790
67791
67792
67793
67796
67797
67798
67801
67802
67804
67805
67806
67807
67808
67810
67812
67813
67815
67816
67818
67819
67820
67821
67822
67823
67824
67825
67826
67827
67828
67829
67830
67831
67833
67835
67836
67837
67838
67839
67840
67843
67844
67845
67846
67847
67849
67850
67851
67852
67853
67854
67855
67856
67858
67859
67860
67861
67864
67865
67867
67869
67871
67872
67873
67875
67876
67877
67878
67879
67882
67883
67884
67885
67886
67888
67889
67890
67892
67893
67894
67895
67896
67897
67898
67899
67900
67901
67904
67905
67910
67911
67913
67914
67917
67918
67919
67922
67924
67925
67927
67928
67929
67930
67931
67932
67933
67936
67937
67939
67940
67941
67942
67944
67945
67946
67948
67949
67950
67951
67952
67953
67954
67955
67956
67958
67961
67963
67965
67966
67967
67968
67972
67974
67975
67976
67977
67978
67979
67981
67982
67983
67985
67986
67987
67988
67989
67990
67993
67996
67997
67999
68000
68002
68004
68005
68006
68007
68008
68009
68010
68012
68013
68014
68015
68017
68018
68019
68020
68022
68023
68024
68025
68026
68027
68029
68030
68033
68034
68036
68037
68038
68039
68040
68041
68042
68043
68044
68046
68047
68049
68050
68051
68055
68057
68059
68060
68061
68062
68064
68065
68068
68069
68070
68071
68072
68073
68074
68076
68077
68078
68079
68080
68081
68082
68083
68084
68086
68087
68088
68091
68093
68094
68095
68096
68097
68099
68100
68102
68104
68105
68106
68107
68109
68110
68111
68113
68114
68115
68116
68117
68119
68120
68121
68122
68124
68126
68127
68129
68132
68133
68134
68135
68136
68137
68138
68140
68141
68142
68143
68144
68145
68146
68148
68149
68151
68154
68156
68158
68159
68160
68161
68162
68163
68164
68165
68167
68168
68169
68170
68171
68173
68174
68175
68176
68177
68178
68179
68183
68184
68186
68187
68188
68189
68190
68194
68195
68197
68198
68199
68200
68201
68205
68206
68208
68210
68212
68213
68217
68218
68219
68220
68221
68222
68223
68225
68226
68227
68228
68229
68230
68233
68235
68236
68237
68238
68239
68240
68241
68244
68245
68246
68249
68252
68254
68255
68256
68257
68258
68259
68260
68261
68262
68263
68264
68269
68270
68271
68272
68273
68274
68281
68282
68285
68286
68287
68288
68290
68292
68294
68295
68296
68298
68299
68300
68302
68303
68304
68305
68306
68307
68308
68309
68310
68312
68313
68318
68319
68320
68322
68323
68324
68325
68326
68327
68328
68329
68330
68331
68333
68334
68335
68337
68339
68341
68343
68344
68345
68351
68352
68353
68354
68356
68357
68358
68360
68361
68363
68364
68365
68367
68368
68369
68371
68373
68374
68375
68376
68377
68378
68380
68381
68382
68383
68384
68386
68388
68389
68393
68394
68395
68396
68397
68398
68399
68401
68402
68403
68404
68405
68407
68408
68409
68410
68411
68412
68413
68414
68415
68416
68417
68418
68420
68421
68423
68424
68425
68426
68427
68428
68429
68433
68434
68435
68436
68437
68439
68441
68442
68443
68445
68447
68448
68449
68450
68453
68454
68455
68456
68457
68459
68463
68464
68466
68468
68469
68470
68471
68473
68474
68475
68476
68477
68478
68479
68480
68481
68482
68484
68485
68486
68488
68489
68490
68491
68492
68493
68496
68497
68499
68500
68501
68502
68503
68504
68505
68507
68508
68509
68510
68511
68512
68513
68514
68515
68516
68517
68518
68520
68522
68523
68526
68527
68529
68530
68531
68532
68533
68534
68535
68536
68539
68541
68542
68543
68544
68546
68549
68552
68554
68555
68556
68557
68558
68559
68561
68562
68563
68564
68565
68566
68568
68571
68572
68573
68574
68576
68577
68578
68579
68580
68581
68583
68585
68586
68587
68588
68589
68592
68595
68597
68600
68601
68602
68603
68605
68606
68607
68608
68609
68610
68611
68614
68615
68618
68619
68621
68622
68624
68625
68627
68629
68630
68631
68635
68636
68637
68638
68639
68641
68642
68643
68644
68645
68647
68648
68649
68650
68651
68652
68654
68655
68656
68661
68662
68664
68665
68666
68668
68669
68670
68672
68674
68675
68677
68678
68679
68680
68682
68683
68684
68685
68686
68687
68691
68692
68693
68694
68695
68696
68697
68698
68699
68700
68704
68706
68708
68709
68710
68711
68712
68713
68714
68715
68717
68718
68719
68721
68722
68723
68726
68728
68729
68730
68731
68732
68733
68735
68736
68738
68739
68741
68742
68743
68744
68745
68746
68750
68752
68753
68754
68755
68757
68759
68760
68761
68763
68764
68767
68768
68769
68771
68772
68773
68775
68776
68777
68778
68779
68780
68781
68783
68784
68785
68786
68789
68790
68791
68792
68793
68794
68795
68796
68797
68799
68800
68801
68803
68804
68805
68806
68807
68809
68810
68812
68813
68814
68815
68816
68818
68819
68820
68821
68822
68823
68825
68826
68829
68830
68831
68832
68833
68835
68836
68837
68838
68839
68840
68841
68843
68844
68845
68848
68850
68851
68853
68854
68855
68856
68857
68859
68862
68863
68864
68865
68866
68868
68869
68870
68871
68872
68873
68874
68875
68876
68877
68878
68880
68881
68882
68883
68884
68886
68887
68888
68889
68891
68892
68894
68900
68903
68904
68905
68906
68910
68911
68913
68914
68916
68917
68919
68920
68921
68922
68924
68926
68929
68930
68931
68932
68933
68934
68935
68937
68939
68940
68941
68943
68944
68946
68948
68949
68951
68952
68954
68956
68958
68961
68962
68963
68964
68966
68967
68968
68969
68970
68971
68972
68974
68975
68976
68977
68978
68980
68981
68983
68984
68985
68987
68990
68991
68993
68994
68995
68996
68998
68999
69000
69001
69003
69004
69005
69006
69007
69008
69010
69011
69012
69015
69016
69017
69018
69019
69020
69021
69023
69024
69025
69027
69028
69031
69032
69033
69034
69035
69039
69041
69043
69044
69046
69048
69050
69052
69053
69055
69056
69057
69058
69059
69061
69062
69063
69065
69066
69068
69069
69071
69073
69074
69075
69077
69078
69081
69082
69085
69087
69090
69091
69094
69096
69097
69098
69099
69100
69101
69102
69103
69104
69106
69108
69111
69112
69113
69115
69116
69118
69120
69122
69124
69125
69126
69127
69128
69129
69130
69131
69132
69134
69135
69136
69138
69141
69144
69147
69148
69150
69151
69152
69154
69156
69158
69159
69163
69164
69165
69166
69167
69168
69169
69171
69172
69173
69175
69176
69179
69180
69183
69184
69185
69187
69188
69189
69190
69192
69193
69194
69195
69196
69201
69202
69203
69204
69205
69206
69208
69210
69211
69212
69213
69214
69215
69216
69217
69220
69221
69222
69223
69224
69225
69226
69227
69229
69231
69232
69234
69235
69237
69238
69240
69241
69243
69244
69245
69246
69247
69248
69250
69254
69255
69256
69257
69258
69261
69262
69263
69268
69269
69270
69271
69272
69273
69276
69277
69278
69279
69281
69283
69284
69285
69286
69287
69288
69289
69290
69293
69294
69295
69296
69297
69298
69300
69301
69302
69303
69304
69305
69308
69309
69313
69316
69317
69318
69320
69321
69322
69324
69325
69326
69327
69328
69329
69330
69333
69336
69337
69338
69339
69340
69341
69342
69343
69344
69345
69346
69347
69348
69352
69354
69355
69356
69357
69358
69360
69362
69363
69364
69365
69366
69367
69368
69370
69371
69374
69377
69379
69380
69381
69382
69383
69384
69385
69386
69387
69389
69390
69391
69392
69393
69394
69395
69396
69397
69398
69400
69401
69402
69403
69404
69407
69408
69409
69411
69412
69414
69415
69416
69417
69419
69420
69421
69423
69424
69425
69426
69427
69428
69429
69430
69431
69432
69433
69434
69436
69441
69442
69443
69444
69445
69446
69447
69449
69451
69452
69453
69454
69455
69456
69457
69458
69459
69460
69461
69464
69466
69467
69469
69470
69474
69475
69476
69483
69484
69485
69487
69488
69489
69490
69491
69492
69493
69494
69495
69496
69497
69498
69499
69501
69503
69504
69505
69506
69507
69508
69509
69510
69512
69513
69514
69515
69516
69519
69520
69521
69522
69523
69526
69527
69528
69529
69530
69531
69532
69533
69534
69535
69537
69539
69540
69541
69543
69544
69545
69546
69547
69548
69550
69551
69552
69553
69554
69555
69556
69558
69560
69561
69563
69564
69565
69567
69570
69571
69572
69573
69576
69577
69578
69579
69580
69581
69582
69583
69584
69585
69586
69587
69588
69589
69590
69591
69592
69593
69597
69598
69599
69600
69601
69602
69603
69604
69605
69606
69608
69609
69611
69612
69613
69614
69618
69619
69620
69621
69622
69623
69624
69627
69629
69630
69632
69633
69635
69636
69637
69638
69640
69641
69642
69643
69644
69645
69646
69647
69648
69649
69650
69651
69652
69653
69654
69656
69657
69658
69659
69660
69661
69662
69663
69664
69665
69666
69668
69671
69673
69674
69677
69678
69680
69681
69682
69684
69687
69688
69690
69691
69693
69694
69695
69697
69698
69699
69702
69703
69705
69706
69707
69709
69710
69713
69714
69715
69716
69717
69718
69719
69720
69721
69723
69724
69726
69727
69728
69730
69731
69732
69733
69736
69737
69738
69739
69742
69743
69744
69745
69746
69747
69748
69749
69750
69751
69753
69755
69761
69762
69763
69765
69767
69768
69769
69770
69772
69773
69775
69776
69780
69781
69783
69785
69786
69787
69788
69789
69790
69791
69792
69793
69794
69796
69797
69799
69801
69803
69805
69806
69808
69810
69811
69814
69815
69817
69818
69819
69820
69822
69828
69830
69831
69832
69834
69835
69836
69838
69839
69840
69841
69842
69845
69846
69848
69849
69850
69851
69853
69854
69855
69858
69859
69860
69862
69864
69865
69869
69870
69871
69874
69877
69878
69879
69881
69882
69883
69884
69885
69888
69889
69890
69893
69895
69897
69899
69900
69901
69906
69907
69909
69910
69911
69912
69913
69914
69916
69917
69918
69920
69922
69923
69924
69925
69926
69927
69930
69932
69933
69937
69938
69939
69942
69943
69944
69945
69946
69948
69949
69950
69951
69954
69955
69956
69957
69960
69962
69964
69966
69967
69968
69969
69970
69971
69972
69974
69976
69977
69978
69982
69983
69989
69991
69994
69995
69997
69998
69999
70001
70003
70004
70005
70006
70007
70008
70009
70011
70012
70013
70015
70017
70018
70020
70021
70022
70023
70026
70027
70028
70029
70033
70034
70036
70037
70038
70039
70041
70042
70043
70044
70045
70046
70047
70048
70049
70050
70051
70052
70053
70054
70055
70056
70057
70058
70059
70060
70061
70062
70063
70064
70065
70067
70068
70069
70070
70071
70073
70074
70075
70076
70077
70078
70079
70080
70081
70082
70083
70084
70085
70086
70087
70088
70089
70090
70091
70092
70093
70094
70095
70096
70097
70098
70099
70100
70101
70102
70103
70104
70105
70107
70108
70109
70110
70111
70113
70114
70115
70116
70117
70118
70119
70120
70121
70122
70124
70125
70126
70127
70128
70131
70133
70135
70136
70139
70140
70141
70144
70145
70146
70149
70150
70151
70152
70153
70155
70156
70158
70160
70161
70162
70163
70164
70165
70166
70167
70168
70169
70171
70172
70174
70175
70178
70179
70180
70182
70184
70185
70186
70187
70189
70190
70193
70196
70197
70199
70200
70201
70202
70205
70207
70209
70210
70211
70213
70214
70215
70216
70218
70219
70222
70223
70224
70225
70226
70227
70231
70232
70233
70235
70238
70239
70240
70241
70242
70244
70245
70246
70247
70250
70251
70252
70254
70255
70257
70259
70260
70261
70262
70263
70264
70265
70266
70269
70270
70273
70274
70275
70276
70277
70278
70279
70281
70282
70283
70285
70287
70288
70289
70290
70291
70293
70295
70296
70299
70300
70303
70304
70305
70306
70309
70311
70312
70313
70314
70316
70317
70319
70320
70321
70323
70326
70328
70330
70331
70332
70333
70336
70337
70338
70339
70340
70341
70342
70343
70344
70345
70346
70347
70348
70349
70350
70353
70355
70357
70358
70359
70360
70361
70363
70364
70365
70366
70367
70368
70369
70370
70372
70373
70374
70375
70376
70377
70378
70379
70381
70382
70383
70384
70385
70388
70389
70390
70391
70392
70393
70394
70395
70397
70398
70399
70401
70402
70404
70405
70407
70408
70411
70413
70414
70415
70417
70420
70421
70422
70424
70425
70426
70430
70431
70432
70433
70434
70435
70436
70439
70440
70442
70446
70448
70453
70454
70455
70456
70457
70458
70460
70461
70462
70463
70464
70465
70466
70467
70468
70469
70471
70472
70473
70474
70475
70476
70477
70479
70482
70484
70485
70487
70488
70489
70490
70491
70494
70495
70496
70497
70498
70500
70502
70503
70505
70506
70507
70509
70511
70515
70516
70517
70518
70519
70520
70521
70522
70523
70524
70526
70527
70528
70530
70531
70532
70533
70534
70535
70536
70537
70539
70540
70541
70543
70544
70545
70546
70548
70549
70550
70552
70553
70554
70556
70557
70558
70559
70560
70561
70562
70563
70566
70567
70568
70569
70570
70571
70572
70573
70574
70575
70576
70577
70578
70579
70580
70581
70582
70583
70584
70585
70586
70587
70588
70590
70591
70593
70594
70595
70596
70597
70598
70599
70601
70602
70604
70605
70607
70608
70609
70611
70612
70613
70614
70615
70616
70617
70618
70619
70621
70622
70623
70624
70626
70627
70628
70629
70630
70632
70633
70634
70635
70636
70638
70639
70640
70641
70642
70643
70644
70645
70646
70647
70649
70650
70651
70653
70654
70655
70656
70657
70659
70660
70662
70663
70664
70665
70667
70668
70669
70670
70671
70672
70674
70677
70679
70681
70682
70683
70684
70685
70687
70688
70689
70692
70695
70696
70698
70700
70701
70702
70704
70706
70707
70708
70710
70714
70715
70718
70719
70721
70722
70723
70724
70726
70730
70731
70732
70734
70735
70736
70737
70738
70739
70740
70741
70742
70743
70744
70745
70747
70748
70749
70750
70753
70754
70756
70757
70758
70759
70760
70761
70763
70765
70766
70767
70769
70770
70771
70772
70774
70775
70776
70778
70779
70780
70781
70782
70783
70784
70786
70787
70788
70789
70790
70791
70792
70793
70794
70795
70796
70797
70798
70799
70800
70801
70802
70804
70805
70806
70807
70808
70809
70810
70811
70812
70813
70814
70815
70816
70818
70820
70821
70824
70825
70826
70828
70831
70833
70834
70835
70836
70837
70838
70839
70840
70842
70843
70844
70845
70846
70847
70848
70851
70853
70857
70858
70859
70860
70861
70862
70863
70864
70865
70867
70868
70869
70870
70871
70872
70874
70875
70876
70879
70880
70882
70883
70884
70885
70887
70888
70889
70893
70894
70895
70896
70897
70898
70899
70901
70902
70904
70905
70906
70908
70909
70911
70912
70914
70915
70916
70919
70920
70921
70922
70923
70924
70925
70926
70927
70929
70930
70933
70934
70935
70937
70939
70941
70943
70945
70946
70947
70948
70949
70950
70951
70952
70956
70957
70958
70961
70962
70963
70965
70967
70968
70970
70973
70974
70975
70976
70977
70978
70979
70980
70981
70982
70983
70985
70986
70987
70988
70989
70990
70991
70994
70995
70996
70997
70999
71002
71004
71005
71006
71007
71008
71009
71012
71013
71014
71015
71017
71018
71019
71020
71021
71023
71024
71026
71027
71028
71029
71032
71034
71035
71036
71037
71039
71040
71042
71043
71044
71045
71046
71047
71050
71052
71054
71055
71057
71058
71060
71064
71067
71068
71069
71070
71072
71074
71075
71077
71079
71081
71082
71083
71084
71086
71087
71088
71089
71091
71092
71094
71096
71097
71098
71100
71101
71102
71103
71104
71106
71110
71111
71112
71118
71120
71121
71128
71129
71130
71131
71132
71133
71134
71135
71136
71137
71138
71140
71142
71144
71147
71150
71152
71153
71154
71156
71160
71163
71164
71167
71169
71171
71172
71173
71174
71175
71176
71177
71179
71181
71183
71184
71185
71187
71188
71191
71192
71193
71194
71195
71196
71197
71198
71200
71201
71202
71203
71204
71205
71206
71207
71209
71210
71211
71212
71213
71214
71217
71218
71220
71222
71223
71226
71227
71228
71229
71233
71234
71235
71236
71238
71242
71243
71244
71245
71246
71248
71250
71253
71254
71255
71256
71257
71258
71259
71261
71263
71264
71265
71267
71269
71271
71272
71276
71277
71278
71279
71285
71291
71292
71293
71294
71295
71298
71299
71304
71308
71309
71310
71313
71315
71316
71317
71318
71319
71320
71324
71325
71329
71330
71331
71333
71335
71336
71339
71340
71342
71344
71345
71347
71348
71349
71351
71352
71353
71354
71355
71357
71362
71363
71364
71365
71366
71367
71368
71370
71372
71373
71374
71375
71376
71378
71379
71380
71385
71388
71389
71391
71392
71393
71394
71396
71397
71399
71400
71401
71402
71404
71405
71409
71410
71412
71417
71418
71419
71422
71423
71424
71425
71428
71429
71433
71435
71436
71438
71440
71441
71442
71443
71444
71445
71446
71448
71449
71451
71453
71455
71457
71458
71459
71460
71461
71463
71464
71467
71469
71470
71471
71472
71474
71475
71476
71477
71480
71481
71482
71483
71485
71486
71487
71492
71493
71495
71496
71500
71501
71502
71503
71504
71506
71507
71508
71509
71510
71511
71514
71515
71516
71517
71518
71519
71520
71521
71525
71526
71528
71530
71531
71533
71534
71535
71536
71537
71539
71540
71541
71543
71544
71548
71549
71550
71551
71554
71557
71558
71559
71560
71562
71563
71566
71569
71571
71572
71573
71574
71576
71578
71581
71583
71585
71587
71589
71590
71591
71592
71594
71596
71598
71599
71602
71603
71605
71606
71607
71610
71611
71613
71614
71615
71616
71618
71619
71621
71622
71625
71627
71630
71631
71637
71639
71641
71642
71643
71644
71646
71647
71648
71650
71651
71654
71657
71658
71659
71660
71661
71662
71663
71664
71665
71668
71669
71672
71677
71678
71680
71682
71683
71685
71687
71689
71690
71691
71692
71694
71696
71697
71698
71699
71700
71701
71702
71706
71708
71709
71710
71711
71712
71713
71715
71719
71720
71721
71722
71723
71726
71727
71728
71732
71733
71738
71746
71747
71748
71749
71750
71752
71753
71754
71755
71756
71757
71758
71759
71762
71766
71768
71769
71770
71771
71772
71773
71774
71775
71776
71778
71780
71781
71782
71783
71784
71785
71786
71787
71788
71789
71790
71791
71792
71793
71795
71796
71797
71799
71800
71801
71802
71803
71804
71805
71806
71807
71808
71809
71810
71811
71812
71813
71814
71815
71816
71819
71820
71821
71822
71823
71824
71826
71827
71828
71830
71831
71832
71833
71834
71836
71837
71838
71839
71840
71841
71842
71843
71844
71845
71847
71848
71849
71850
71851
71853
71854
71855
71856
71857
71858
71859
71860
71861
71862
71863
71864
71866
71868
71869
71870
71871
71872
71873
71875
71876
71877
71878
71879
71880
71883
71884
71885
71886
71887
71888
71889
71890
71891
71893
71894
71895
71897
71898
71899
71900
71902
71903
71904
71905
71906
71907
71908
71909
71910
71911
71912
71913
71914
71915
71916
71917
71918
71921
71922
71923
71924
71925
71926
71929
71930
71931
71933
71937
71938
71939
71940
71941
71942
71943
71944
71945
71946
71947
71948
71949
71951
71952
71953
71954
71955
71957
71958
71959
71960
71961
71963
71965
71966
71967
71968
71969
71970
71971
71972
71973
71974
71975
71976
71977
71978
71979
71980
71981
71982
71984
71985
71987
71988
71989
71990
71991
71992
71994
71997
71998
71999
72000
72001
72002
72003
72004
72006
72007
72008
72009
72010
72011
72012
72013
72014
72015
72017
72020
72021
72023
72024
72025
72026
72027
72028
72029
72030
72032
72035
72037
72038
72039
72040
72041
72042
72043
72044
72045
72046
72048
72049
72051
72052
72053
72054
72055
72056
72057
72059
72061
72064
72065
72067
72068
72069
72070
72071
72072
72073
72074
72075
72077
72078
72079
72080
72082
72083
72085
72087
72088
72089
72090
72091
72092
72094
72095
72096
72097
72098
72099
72100
72103
72104
72106
72107
72108
72109
72110
72111
72112
72113
72114
72115
72116
72117
72118
72119
72120
72122
72123
72124
72126
72128
72130
72131
72132
72134
72138
72140
72142
72144
72147
72149
72150
72151
72153
72154
72156
72158
72159
72162
72163
72165
72166
72167
72168
72170
72171
72172
72173
72174
72175
72176
72177
72178
72179
72181
72184
72185
72186
72187
72189
72190
72191
72192
72193
72194
72195
72196
72198
72199
72200
72201
72202
72203
72204
72205
72206
72209
72210
72211
72213
72214
72215
72216
72218
72219
72220
72221
72222
72223
72224
72226
72227
72228
72229
72230
72233
72234
72235
72236
72237
72238
72239
72240
72241
72242
72243
72245
72247
72249
72250
72251
72252
72253
72254
72255
72256
72257
72258
72260
72261
72262
72265
72266
72267
72268
72269
72270
72271
72272
72275
72277
72278
72279
72282
72283
72284
72285
72286
72287
72288
72289
72290
72291
72292
72295
72297
72299
72300
72301
72306
72307
72310
72311
72312
72313
72314
72315
72316
72317
72318
72320
72321
72324
72325
72327
72328
72331
72333
72334
72335
72336
72337
72339
72340
72341
72342
72343
72344
72347
72348
72350
72351
72353
72354
72356
72358
72359
72360
72364
72365
72366
72367
72369
72370
72371
72372
72373
72374
72375
72378
72379
72380
72381
72382
72383
72385
72386
72387
72388
72390
72391
72392
72393
72394
72397
72398
72399
72400
72401
72403
72404
72406
72407
72409
72410
72412
72413
72414
72415
72416
72417
72418
72419
72420
72421
72422
72424
72426
72428
72429
72430
72431
72432
72433
72434
72435
72436
72437
72438
72441
72442
72443
72446
72447
72448
72449
72450
72452
72453
72455
72458
72459
72461
72462
72464
72465
72466
72467
72468
72469
72470
72474
72475
72476
72481
72482
72483
72484
72486
72487
72489
72490
72491
72492
72493
72494
72495
72496
72497
72498
72499
72500
72501
72502
72507
72509
72511
72512
72513
72514
72515
72516
72517
72518
72519
72522
72523
72524
72526
72529
72530
72531
72532
72533
72534
72535
72536
72537
72539
72542
72543
72544
72547
72548
72549
72550
72552
72553
72554
72555
72557
72559
72560
72561
72562
72564
72565
72566
72567
72568
72569
72571
72574
72576
72577
72579
72581
72585
72588
72589
72590
72591
72593
72594
72595
72596
72597
72598
72599
72600
72604
72605
72606
72608
72609
72610
72611
72612
72613
72619
72621
72623
72624
72628
72629
72630
72633
72634
72635
72636
72637
72638
72639
72641
72642
72643
72644
72645
72646
72647
72648
72649
72650
72651
72652
72654
72655
72656
72657
72659
72661
72662
72664
72665
72667
72670
72671
72672
72673
72675
72679
72680
72683
72686
72687
72688
72691
72692
72694
72697
72699
72700
72701
72702
72703
72704
72706
72708
72709
72710
72711
72712
72713
72720
72721
72722
72723
72724
72727
72731
72733
72735
72736
72737
72738
72739
72740
72742
72743
72744
72746
72748
72749
72751
72753
72754
72755
72756
72758
72759
72760
72761
72764
72765
72767
72768
72769
72771
72774
72776
72779
72782
72784
72786
72787
72788
72793
72795
72796
72797
72798
72799
72801
72802
72803
72804
72807
72809
72812
72816
72817
72820
72823
72824
72825
72826
72828
72831
72833
72835
72837
72838
72839
72840
72843
72845
72847
72848
72849
72851
72852
72854
72855
72857
72860
72864
72865
72867
72868
72869
72870
72872
72873
72874
72875
72876
72877
72878
72880
72883
72885
72887
72888
72890
72891
72893
72895
72896
72898
72902
72903
72904
72905
72908
72910
72913
72915
72916
72917
72920
72921
72924
72925
72926
72927
72928
72929
72931
72932
72934
72937
72939
72940
72944
72946
72947
72948
72949
72950
72951
72952
72953
72955
72956
72957
72960
72961
72962
72964
72965
72966
72967
72968
72970
72971
72973
72974
72976
72977
72978
72979
72980
72982
72983
72984
72985
72988
72989
72990
72991
72992
72994
72995
72996
72998
73000
73001
73002
73003
73004
73005
73006
73007
73008
73009
73011
73012
73014
73015
73016
73017
73018
73020
73021
73022
73023
73025
73026
73028
73029
73030
73031
73032
73033
73035
73037
73038
73039
73040
73041
73042
73043
73044
73045
73046
73047
73048
73049
73050
73051
73053
73054
73055
73056
73058
73059
73060
73062
73064
73065
73066
73067
73068
73069
73070
73071
73072
73073
73074
73078
73079
73080
73081
73082
73083
73084
73085
73087
73088
73089
73090
73091
73093
73094
73095
73097
73098
73099
73100
73101
73102
73103
73104
73105
73106
73107
73108
73109
73110
73112
73115
73116
73118
73119
73125
73126
73127
73128
73129
73130
73131
73133
73134
73138
73139
73140
73141
73142
73143
73144
73146
73147
73148
73150
73151
73155
73156
73157
73159
73160
73161
73162
73165
73167
73168
73169
73170
73171
73172
73174
73175
73176
73177
73179
73181
73183
73184
73185
73186
73187
73188
73189
73190
73191
73192
73193
73194
73195
73196
73199
73200
73202
73203
73205
73206
73207
73208
73210
73211
73212
73215
73217
73218
73219
73220
73221
73222
73223
73224
73225
73226
73227
73228
73229
73230
73231
73232
73233
73234
73235
73236
73237
73238
73239
73241
73242
73245
73246
73250
73251
73252
73253
73254
73255
73256
73257
73258
73260
73261
73262
73263
73265
73266
73267
73268
73270
73271
73272
73273
73274
73275
73276
73277
73279
73282
73284
73285
73286
73287
73289
73290
73291
73293
73294
73295
73297
73300
73301
73302
73303
73305
73306
73310
73311
73313
73314
73315
73316
73317
73318
73319
73320
73321
73322
73323
73324
73325
73326
73327
73329
73331
73332
73333
73334
73335
73337
73338
73339
73341
73342
73344
73345
73348
73349
73350
73351
73352
73354
73356
73358
73360
73361
73362
73366
73368
73369
73370
73373
73374
73375
73377
73379
73380
73381
73383
73385
73386
73387
73388
73389
73390
73391
73393
73395
73396
73397
73398
73402
73403
73404
73405
73406
73408
73410
73411
73414
73415
73416
73417
73418
73419
73420
73421
73422
73423
73424
73425
73427
73428
73429
73431
73432
73434
73435
73436
73438
73439
73440
73441
73442
73443
73444
73445
73446
73450
73455
73459
73460
73464
73465
73466
73468
73470
73472
73473
73474
73475
73476
73477
73478
73479
73481
73482
73483
73484
73485
73486
73487
73488
73489
73490
73491
73493
73494
73495
73498
73499
73501
73502
73503
73505
73506
73507
73508
73509
73510
73511
73512
73513
73514
73516
73518
73520
73521
73523
73524
73526
73527
73528
73530
73534
73535
73536
73537
73538
73539
73540
73541
73542
73544
73545
73546
73547
73548
73549
73550
73552
73555
73556
73557
73559
73560
73561
73562
73564
73565
73566
73567
73568
73570
73571
73572
73573
73574
73576
73577
73578
73579
73580
73581
73582
73583
73585
73586
73590
73591
73594
73595
73597
73598
73599
73600
73601
73602
73603
73605
73607
73608
73609
73611
73612
73613
73614
73615
73616
73617
73618
73620
73621
73622
73623
73624
73625
73626
73627
73628
73630
73631
73632
73633
73634
73638
73639
73640
73642
73644
73645
73646
73647
73648
73649
73650
73651
73652
73653
73654
73655
73656
73657
73658
73659
73660
73661
73662
73664
73665
73666
73667
73668
73670
73671
73672
73678
73679
73680
73681
73682
73683
73684
73685
73688
73691
73692
73693
73694
73696
73697
73699
73700
73701
73702
73704
73705
73708
73709
73711
73715
73716
73717
73719
73720
73722
73725
73726
73727
73730
73733
73734
73735
73736
73737
73738
73739
73740
73742
73743
73744
73745
73746
73747
73748
73749
73750
73751
73753
73754
73755
73760
73761
73762
73764
73766
73771
73773
73774
73775
73777
73778
73779
73780
73781
73782
73783
73784
73785
73786
73787
73788
73789
73791
73792
73793
73797
73800
73801
73802
73803
73806
73809
73811
73812
73817
73818
73819
73820
73821
73822
73823
73825
73826
73828
73829
73830
73831
73832
73834
73835
73836
73837
73838
