330726
330727
330728
330729
330730
330732
330733
330735
330736
330738
330739
330740
330742
330743
330744
330746
330747
330750
330751
330752
330753
330754
330755
330756
330758
330760
330761
330764
330765
330767
330768
330769
330770
330771
330774
330777
330778
330779
330780
330781
330782
330783
330784
330785
330786
330787
330789
330791
330792
330793
330795
330797
330798
330800
330802
330804
330805
330806
330807
330808
330811
330812
330815
330816
330817
330818
330819
330820
330821
330822
330823
330826
330831
330835
330837
330838
330839
330840
330842
330843
330844
330847
330848
330851
330852
330853
330854
330855
330857
330858
330859
330860
330861
330862
330863
330864
330865
330866
330867
330868
330872
330874
330875
330876
330877
330878
330879
330880
330881
330882
330884
330885
330886
330887
330888
330889
330890
330892
330893
330894
330895
330896
330897
330898
330899
330901
330902
330903
330905
330906
330907
330909
330910
330911
330913
330914
330915
330916
330918
330919
330920
330921
330922
330923
330924
330925
330926
330928
330929
330932
330934
330935
330936
330937
330938
330939
330940
330941
330942
330943
330944
330945
330946
330947
330948
330949
330950
330951
330953
330954
330955
330956
330958
330959
330960
330962
330963
330964
330966
330967
330968
330969
330971
330973
330974
330975
330976
330977
330978
330979
330981
330982
330984
330985
330987
330988
330989
330990
330991
330992
330993
330994
330995
330996
330997
330998
330999
331001
331002
331003
331005
331006
331007
331008
331009
331010
331011
331013
331014
331015
331016
331018
331019
331022
331023
331025
331026
331027
331028
331029
331032
331034
331035
331036
331037
331038
331039
331041
331042
331044
331045
331046
331048
331052
331053
331054
331055
331056
331057
331058
331059
331061
331062
331063
331064
331066
331068
331069
331071
331072
331073
331075
331079
331080
331082
331084
331085
331086
331088
331091
331093
331094
331095
331096
331097
331098
331100
331101
331102
331103
331104
331105
331106
331108
331109
331112
331114
331115
331116
331117
331119
331120
331121
331122
331125
331126
331127
331128
331131
331133
331134
331136
331137
331140
331141
331142
331143
331144
331146
331147
331149
331150
331152
331155
331157
331158
331159
331160
331161
331162
331163
331164
331166
331168
331170
331171
331172
331173
331175
331176
331177
331178
331179
331181
331182
331183
331184
331185
331186
331188
331190
331191
331192
331194
331195
331196
331198
331199
331200
331201
331202
331203
331204
331205
331207
331209
331211
331212
331213
331214
331216
331217
331218
331219
331220
331221
331222
331223
331226
331228
331229
331230
331231
331232
331233
331234
331237
331238
331239
331240
331242
331243
331244
331245
331246
331247
331248
331249
331250
331251
331252
331253
331254
331255
331257
331258
331259
331260
331262
331264
331265
331267
331270
331271
331272
331273
331274
331275
331279
331280
331282
331283
331284
331285
331287
331288
331289
331290
331292
331293
331294
331296
331297
331299
331300
331302
331304
331307
331309
331312
331314
331315
331316
331317
331318
331319
331320
331322
331323
331324
331325
331326
331327
331328
331329
331330
331331
331332
331333
331335
331336
331337
331338
331341
331342
331343
331344
331345
331346
331347
331350
331352
331354
331356
331357
331358
331359
331360
331362
331363
331364
331365
331367
331368
331369
331370
331375
331376
331377
331378
331379
331380
331382
331383
331384
331385
331386
331387
331388
331389
331390
331391
331392
331393
331394
331395
331396
331397
331398
331400
331401
331402
331403
331406
331407
331409
331411
331412
331413
331414
331417
331418
331419
331420
331421
331422
331423
331424
331425
331426
331427
331428
331430
331431
331432
331433
331434
331435
331436
331437
331438
331439
331441
331442
331443
331444
331445
331446
331447
331450
331451
331452
331453
331454
331457
331458
331460
331461
331462
331464
331465
331466
331467
331468
331469
331470
331472
331474
331475
331476
331478
331479
331480
331481
331482
331483
331485
331486
331487
331488
331491
331492
331494
331495
331497
331498
331500
331501
331502
331503
331504
331505
331507
331508
331511
331512
331513
331515
331516
331517
331518
331520
331523
331524
331525
331526
331527
331528
331529
331530
331531
331532
331533
331535
331536
331538
331539
331541
331542
331543
331544
331545
331546
331547
331549
331550
331552
331553
331554
331556
331557
331558
331560
331561
331562
331563
331564
331565
331566
331567
331568
331570
331571
331572
331573
331574
331575
331576
331577
331578
331582
331583
331584
331585
331590
331591
331592
331593
331594
331595
331596
331597
331598
331600
331602
331603
331604
331605
331606
331607
331608
331609
331610
331611
331612
331613
331614
331615
331619
331620
331621
331624
331625
331626
331627
331628
331629
331632
331633
331636
331638
331639
331640
331641
331642
331643
331644
331645
331647
331648
331649
331650
331651
331652
331653
331654
331655
331656
331657
331659
331660
331661
331662
331663
331665
331666
331667
331668
331669
331670
331671
331672
331673
331674
331676
331677
331678
331679
331680
331681
331682
331683
331684
331685
331686
331687
331688
331689
331691
331693
331694
331696
331697
331698
331699
331700
331702
331703
331704
331706
331708
331709
331711
331712
331713
331714
331715
331716
331719
331721
331725
331726
331727
331728
331730
331731
331733
331734
331735
331736
331737
331738
331739
331740
331742
331743
331744
331746
331749
331751
331752
331754
331756
331757
331758
331759
331763
331764
331765
331766
331767
331770
331771
331773
331774
331775
331776
331778
331779
331780
331782
331784
331787
331793
331794
331795
331796
331797
331798
331799
331800
331801
331802
331804
331806
331807
331808
331810
331812
331813
331814
331815
331816
331817
331818
331822
331823
331825
331826
331827
331828
331829
331830
331831
331832
331833
331834
331835
331838
331839
331840
331841
331842
331843
331845
331846
331847
331850
331852
331853
331855
331858
331860
331863
331865
331866
331867
331868
331869
331870
331871
331872
331873
331875
331877
331879
331880
331881
331882
331883
331884
331885
331886
331888
331889
331890
331891
331892
331893
331894
331895
331900
331901
331902
331905
331906
331907
331908
331909
331910
331911
331912
331913
331914
331915
331916
331918
331919
331921
331923
331924
331926
331927
331928
331929
331930
331931
331932
331936
331937
331939
331940
331941
331942
331944
331948
331949
331950
331951
331952
331953
331958
331959
331960
331962
331965
331966
331968
331971
331972
331973
331974
331975
331976
331977
331979
331981
331982
331983
331984
331985
331986
331987
331988
331989
331991
331992
331993
331995
331996
331997
331998
332000
332001
332003
332004
332005
332007
332009
332010
332011
332015
332019
332020
332021
332022
332024
332025
332027
332029
332032
332035
332037
332038
332040
332041
332044
332046
332047
332049
332050
332052
332053
332054
332056
332058
332061
332062
332063
332064
332065
332070
332071
332073
332075
332076
332078
332082
332083
332084
332085
332086
332087
332089
332090
332091
332092
332093
332094
332095
332096
332097
332098
332099
332100
332101
332102
332103
332104
332105
332106
332107
332108
332109
332110
332111
332112
332113
332114
332115
332116
332117
332118
332119
332120
332121
332122
332123
332124
332125
332126
332127
332128
332131
332132
332133
332134
332135
332137
332138
332139
332141
332142
332144
332145
332146
332147
332148
332149
332150
332154
332155
332156
332157
332158
332159
332161
332162
332165
332167
332168
332169
332172
332173
332175
332176
332178
332179
332180
332183
332184
332185
332186
332187
332189
332191
332192
332193
332196
332197
332198
332199
332201
332202
332204
332205
332206
332209
332210
332211
332212
332214
332215
332216
332217
332218
332219
332220
332221
332222
332224
332225
332226
332229
332230
332231
332232
332233
332234
332235
332237
332238
332239
332241
332242
332245
332246
332247
332248
332249
332251
332252
332253
332254
332255
332256
332257
332258
332259
332260
332261
332263
332264
332265
332267
332268
332269
332270
332271
332272
332273
332274
332275
332276
332277
332278
332279
332280
332281
332282
332283
332284
332285
332286
332287
332289
332290
332291
332292
332293
332294
332295
332297
332299
332301
332302
332303
332304
332305
332306
332307
332308
332309
332311
332312
332313
332314
332315
332317
332318
332320
332322
332323
332324
332325
332326
332327
332328
332329
332330
332331
332332
332334
332335
332336
332337
332338
332339
332341
332342
332343
332344
332345
332347
332349
332350
332351
332352
332353
332355
332356
332357
332358
332359
332361
332362
332365
332367
332368
332369
332370
332372
332374
332375
332376
332377
332379
332380
332382
332383
332384
332385
332387
332388
332389
332390
332393
332394
332395
332396
332397
332399
332400
332401
332402
332404
332405
332406
332407
332409
332410
332411
332412
332413
332415
332416
332417
332419
332421
332422
332423
332424
332426
332428
332429
332430
332431
332433
332434
332435
332436
332437
332439
332440
332442
332443
332445
332447
332448
332449
332450
332451
332453
332454
332455
332458
332459
332460
332461
332462
332463
332464
332465
332466
332467
332468
332469
332470
332471
332474
332475
332477
332478
332479
332480
332481
332482
332483
332484
332485
332486
332487
332488
332490
332492
332493
332496
332500
332502
332503
332505
332508
332510
332511
332515
332516
332517
332518
332519
332520
332521
332522
332523
332525
332526
332527
332529
332530
332531
332532
332533
332534
332535
332536
332537
332538
332539
332541
332543
332545
332546
332547
332548
332549
332551
332552
332553
332554
332555
332557
332558
332560
332561
332565
332566
332568
332569
332570
332572
332573
332574
332575
332576
332578
332579
332580
332582
332583
332585
332586
332587
332588
332589
332590
332592
332593
332594
332595
332596
332600
332603
332604
332605
332606
332607
332609
332610
332611
332616
332617
332619
332620
332622
332623
332625
332627
332628
332630
332631
332632
332633
332636
332637
332638
332639
332640
332641
332642
332643
332644
332646
332648
332651
332653
332654
332656
332657
332658
332659
332661
332662
332664
332665
332666
332667
332668
332669
332670
332672
332673
332675
332676
332678
332680
332686
332689
332690
332691
332692
332694
332695
332696
332697
332698
332699
332700
332701
332702
332704
332705
332706
332708
332709
332710
332711
332712
332714
332715
332716
332717
332719
332720
332721
332724
332725
332726
332727
332728
332729
332730
332731
332732
332733
332734
332735
332737
332738
332739
332740
332741
332742
332744
332745
332746
332747
332748
332749
332751
332752
332753
332754
332755
332756
332758
332759
332760
332762
332764
332765
332766
332768
332769
332770
332779
332780
332781
332782
332785
332786
332788
332789
332790
332791
332792
332793
332794
332795
332796
332798
332799
332800
332801
332804
332805
332806
332807
332808
332810
332811
332813
332815
332816
332817
332819
332820
332821
332822
332823
332824
332825
332826
332828
332829
332830
332831
332832
332834
332835
332836
332838
332839
332840
332841
332842
332843
332844
332845
332846
332847
332849
332851
332852
332853
332854
332855
332856
332857
332858
332859
332860
332861
332862
332863
332864
332865
332866
332867
332869
332870
332871
332872
332873
332874
332875
332878
332879
332880
332881
332884
332886
332888
332890
332892
332893
332894
332895
332896
332897
332898
332899
332900
332903
332904
332905
332906
332907
332910
332911
332912
332913
332915
332916
332917
332918
332919
332921
332924
332926
332928
332929
332930
332934
332936
332937
332939
332941
332942
332943
332944
332946
332947
332948
332949
332950
332951
332952
332953
332954
332955
332956
332957
332958
332959
332960
332962
332963
332964
332965
332966
332967
332968
332970
332971
332972
332974
332975
332976
332977
332978
332980
332981
332982
332984
332985
332987
332988
332989
332991
332992
332993
332994
332997
333000
333001
333002
333003
333004
333005
333006
333007
333009
333010
333011
333014
333015
333016
333019
333020
333022
333024
333025
333026
333027
333029
333032
333034
333035
333037
333038
333040
333041
333043
333044
333045
333046
333047
333048
333050
333051
333052
333053
333054
333055
333056
333060
333062
333063
333064
333066
333068
333069
333070
333071
333072
333073
333074
333075
333076
333077
333078
333079
333082
333084
333085
333086
333089
333091
333093
333094
333095
333096
333098
333100
333101
333102
333103
333105
333107
333108
333109
333110
333112
333113
333114
333115
333116
333117
333118
333120
333121
333123
333124
333125
333126
333128
333131
333133
333134
333136
333138
333139
333140
333141
333142
333143
333144
333145
333146
333147
333148
333149
333150
333151
333152
333153
333154
333155
333156
333157
333159
333160
333161
333162
333163
333164
333165
333166
333169
333172
333173
333174
333177
333178
333179
333180
333181
333183
333184
333185
333186
333187
333188
333189
333190
333191
333193
333194
333196
333197
333199
333200
333201
333202
333203
333204
333208
333212
333213
333214
333216
333218
333221
333222
333223
333224
333225
333226
333228
333229
333230
333231
333232
333233
333234
333236
333237
333240
333241
333245
333246
333248
333250
333252
333253
333254
333255
333256
333258
333260
333261
333262
333264
333265
333266
333267
333268
333271
333273
333274
333275
333276
333278
333279
333280
333281
333282
333285
333286
333287
333288
333290
333291
333292
333293
333294
333295
333296
333297
333298
333299
333300
333301
333302
333304
333306
333307
333308
333309
333312
333313
333316
333317
333318
333319
333320
333321
333324
333327
333328
333329
333330
333332
333333
333335
333337
333339
333340
333341
333344
333345
333346
333348
333349
333350
333351
333353
333355
333356
333357
333359
333360
333362
333363
333364
333365
333366
333370
333371
333372
333373
333375
333376
333377
333378
333379
333380
333381
333382
333384
333386
333387
333388
333389
333390
333391
333392
333393
333394
333396
333398
333399
333400
333401
333405
333406
333407
333408
333409
333410
333411
333413
333414
333415
333418
333420
333421
333422
333423
333424
333425
333427
333428
333429
333431
333432
333433
333434
333435
333436
333437
333440
333441
333443
333446
333447
333449
333450
333451
333452
333453
333459
333460
333461
333462
333465
333466
333467
333468
333469
333470
333471
333473
333477
333481
333483
333484
333486
333487
333488
333489
333492
333493
333494
333495
333496
333497
333498
333501
333504
333505
333506
333507
333508
333509
333511
333512
333513
333514
333515
333516
333517
333518
333519
333523
333526
333527
333528
333529
333530
333532
333534
333535
333536
333537
333538
333539
333540
333542
333544
333545
333547
333551
333552
333554
333556
333557
333558
333560
333561
333562
333564
333568
333569
333570
333571
333572
333573
333574
333575
333576
333579
333580
333581
333582
333583
333584
333585
333586
333589
333590
333591
333592
333593
333594
333595
333596
333597
333598
333599
333600
333601
333602
333603
333604
333605
333606
333607
333609
333610
333611
333612
333613
333614
333615
333616
333618
333619
333620
333623
333625
333626
333628
333629
333630
333631
333633
333635
333636
333637
333640
333641
333643
333644
333645
333646
333647
333648
333650
333651
333652
333654
333655
333656
333657
333658
333659
333660
333662
333664
333665
333666
333668
333670
333671
333672
333674
333676
333677
333678
333680
333681
333682
333683
333684
333685
333687
333688
333690
333691
333693
333694
333695
333696
333697
333698
333699
333700
333701
333702
333705
333706
333708
333709
333710
333711
333712
333713
333714
333715
333716
333717
333718
333719
333720
333721
333722
333723
333724
333725
333726
333727
333728
333730
333731
333732
333733
333734
333735
333737
333738
333740
333741
333743
333744
333745
333746
333747
333748
333749
333750
333751
333754
333756
333758
333759
333761
333762
333763
333764
333765
333766
333767
333768
333769
333770
333772
333773
333775
333776
333777
333778
333779
333781
333783
333784
333785
333787
333788
333789
333790
333791
333793
333794
333795
333796
333797
333799
333800
333802
333804
333805
333806
333808
333809
333812
333813
333814
333815
333816
333817
333818
333821
333822
333823
333824
333825
333828
333830
333831
333832
333833
333834
333835
333836
333838
333839
333840
333841
333842
333843
333844
333845
333846
333848
333850
333851
333852
333853
333854
333855
333856
333857
333858
333859
333860
333861
333862
333863
333864
333865
333868
333869
333870
333871
333872
333874
333875
333877
333878
333879
333880
333881
333882
333884
333885
333886
333890
333891
333892
333893
333894
333897
333898
333899
333902
333903
333905
333907
333910
333911
333912
333913
333915
333916
333917
333918
333919
333920
333921
333922
333923
333926
333927
333928
333929
333930
333933
333935
333936
333937
333938
333939
333940
333941
333942
333943
333944
333945
333946
333947
333950
333951
333952
333954
333955
333958
333959
333960
333961
333962
333963
333964
333965
333966
333967
333968
333972
333973
333974
333975
333976
333977
333978
333981
333982
333983
333984
333985
333986
333987
333988
333991
333992
333993
333994
333995
333996
333997
333998
334000
334001
334002
334004
334005
334006
334007
334009
334010
334011
334014
334015
334017
334020
334021
334023
334024
334026
334029
334030
334032
334034
334037
334040
334041
334043
334045
334046
334047
334049
334050
334051
334052
334053
334055
334057
334058
334060
334061
334062
334063
334065
334066
334067
334068
334069
334071
334072
334074
334076
334077
334078
334079
334081
334082
334084
334085
334086
334087
334088
334090
334091
334094
334095
334098
334099
334101
334102
334104
334105
334106
334107
334109
334110
334111
334112
334113
334114
334115
334116
334117
334118
334120
334121
334122
334125
334127
334128
334129
334132
334133
334135
334136
334137
334138
334139
334140
334142
334144
334145
334148
334149
334151
334152
334153
334155
334156
334157
334159
334160
334162
334163
334165
334171
334174
334178
334179
334183
334185
334186
334187
334189
334190
334191
334192
334193
334195
334196
334198
334202
334204
334205
334207
334209
334211
334214
334216
334217
334218
334219
334220
334222
334223
334224
334225
334227
334228
334229
334230
334231
334233
334235
334236
334237
334238
334240
334241
334243
334244
334245
334247
334248
334249
334252
334253
334254
334256
334258
334259
334261
334262
334263
334264
334266
334267
334268
334273
334274
334277
334278
334280
334281
334283
334284
334285
334286
334287
334288
334289
334290
334291
334292
334296
334297
334299
334300
334301
334302
334303
334304
334305
334306
334307
334308
334309
334310
334311
334312
334314
334316
334320
334324
334325
334329
334330
334331
334334
334335
334336
334337
334338
334339
334340
334341
334342
334343
334345
334348
334351
334353
334354
334355
334357
334358
334359
334360
334361
334362
334363
334364
334366
334368
334369
334370
334371
334372
334373
334375
334376
334377
334379
334380
334381
334382
334383
334385
334386
334387
334388
334389
334390
334394
334398
334400
334401
334402
334403
334404
334405
334406
334407
334409
334410
334411
334413
334414
334415
334416
334418
334420
334421
334422
334423
334424
334425
334426
334427
334428
334429
334430
334431
334433
334435
334438
334439
334440
334441
334442
334443
334444
334445
334446
334447
334448
334449
334450
334451
334453
334455
334456
334458
334459
334460
334461
334463
334464
334465
334466
334467
334468
334469
334470
334473
334474
334475
334476
334477
334478
334479
334480
334482
334484
334485
334486
334487
334488
334490
334491
334492
334494
334495
334496
334498
334500
334501
334502
334503
334504
334505
334507
334508
334509
334510
334511
334512
334513
334514
334515
334516
334517
334518
334520
334522
334523
334524
334525
334526
334528
334530
334531
334532
334533
334534
334536
334537
334538
334540
334541
334542
334543
334544
334545
334549
334550
334551
334552
334554
334555
334557
334560
334561
334564
334565
334566
334567
334569
334570
334571
334572
334573
334574
334575
334579
334580
334583
334584
334585
334586
334587
334589
334590
334591
334592
334593
334594
334595
334596
334597
334599
334600
334601
334602
334604
334606
334607
334608
334609
334610
334613
334614
334616
334617
334618
334619
334621
334622
334623
334624
334626
334627
334628
334629
334632
334633
334634
334635
334636
334637
334638
334639
334640
334641
334642
334643
334644
334645
334646
334647
334648
334649
334650
334651
334653
334655
334656
334657
334658
334659
334662
334663
334664
334665
334666
334667
334668
334669
334670
334671
334674
334675
334676
334678
334679
334680
334681
334683
334687
334689
334691
334694
334695
334696
334697
334699
334700
334701
334702
334705
334706
334707
334709
334710
334711
334712
334713
334714
334715
334716
334717
334719
334720
334722
334723
334724
334725
334726
334727
334728
334729
334730
334731
334732
334733
334738
334740
334741
334743
334745
334746
334747
334748
334750
334751
334752
334754
334756
334758
334759
334760
334761
334762
334763
334764
334765
334766
334767
334768
334770
334771
334773
334774
334777
334779
334780
334781
334782
334783
334784
334785
334786
334787
334790
334791
334793
334794
334795
334796
334798
334799
334800
334802
334803
334804
334805
334806
334807
334808
334809
334810
334811
334812
334813
334815
334816
334817
334818
334819
334820
334821
334824
334826
334828
334829
334830
334831
334832
334833
334834
334836
334837
334838
334839
334840
334841
334842
334845
334847
334849
334851
334853
334854
334855
334856
334857
334858
334859
334860
334862
334863
334864
334866
334867
334868
334869
334870
334871
334873
334874
334875
334876
334879
334880
334881
334882
334883
334884
334885
334887
334888
334889
334890
334891
334893
334896
334897
334898
334899
334900
334901
334902
334903
334904
334905
334906
334907
334908
334910
334912
334913
334916
334917
334918
334919
334920
334921
334922
334923
334924
334925
334926
334927
334929
334930
334931
334932
334933
334934
334935
334937
334938
334939
334941
334942
334943
334944
334945
334946
334948
334949
334950
334951
334952
334954
334956
334958
334959
334960
334961
334962
334963
334964
334965
334968
334969
334970
334972
334974
334975
334977
334978
334979
334980
334981
334982
334983
334984
334985
334987
334988
334989
334990
334991
334992
334993
334994
334996
335002
335004
335005
335006
335007
335008
335010
335011
335012
335014
335015
335016
335017
335018
335021
335025
335026
335028
335030
335033
335037
335039
335040
335041
335042
335043
335044
335046
335049
335050
335051
335054
335055
335056
335057
335058
335059
335060
335061
335064
335066
335067
335068
335069
335073
335074
335075
335076
335077
335078
335079
335084
335085
335086
335088
335089
335090
335091
335092
335093
335094
335095
335096
335097
335098
335101
335102
335103
335105
335106
335107
335108
335109
335110
335111
335112
335113
335114
335115
335116
335117
335119
335120
335121
335124
335125
335126
335127
335128
335129
335130
335132
335133
335134
335136
335137
335138
335139
335141
335142
335143
335144
335145
335147
335148
335151
335152
335153
335154
335155
335156
335157
335158
335159
335160
335161
335162
335164
335166
335167
335168
335169
335170
335171
335174
335176
335179
335181
335182
335183
335187
335188
335189
335191
335193
335194
335195
335196
335197
335198
335200
335201
335202
335203
335204
335205
335206
335207
335209
335210
335211
335212
335214
335215
335216
335218
335219
335221
335222
335223
335224
335225
335226
335227
335228
335229
335230
335231
335232
335233
335234
335235
335236
335238
335241
335242
335243
335244
335245
335246
335247
335248
335249
335250
335251
335252
335253
335254
335255
335256
335257
335258
335259
335261
335262
335263
335264
335265
335267
335268
335269
335270
335271
335272
335273
335274
335275
335276
335277
335278
335279
335281
335282
335284
335285
335286
335288
335289
335290
335291
335292
335294
335295
335296
335297
335298
335299
335300
335302
335303
335304
335305
335306
335307
335308
335309
335310
335311
335312
335313
335314
335315
335316
335317
335318
335319
335320
335321
335322
335325
335326
335327
335328
335329
335330
335334
335335
335336
335340
335341
335343
335346
335349
335351
335352
335353
335354
335357
335364
335365
335367
335368
335369
335370
335371
335372
335373
335376
335377
335378
335379
335380
335383
335384
335385
335386
335387
335388
335390
335393
335394
335395
335400
335401
335403
335404
335405
335406
335407
335408
335409
335410
335411
335412
335413
335414
335415
335416
335418
335419
335421
335423
335424
335427
335429
335430
335432
335434
335437
335438
335439
335442
335443
335444
335445
335446
335447
335449
335451
335452
335453
335454
335455
335456
335457
335459
335460
335461
335462
335463
335464
335465
335468
335470
335472
335474
335476
335477
335478
335480
335482
335483
335484
335485
335486
335487
335488
335492
335493
335495
335496
335499
335500
335501
335503
335504
335506
335507
335508
335511
335512
335514
335516
335518
335519
335520
335522
335523
335524
335527
335528
335529
335531
335533
335535
335536
335538
335540
335542
335545
335546
335547
335549
335550
335552
335554
335555
335556
335559
335560
335562
335563
335565
335566
335568
335569
335570
335571
335572
335573
335575
335576
335577
335578
335579
335580
335581
335582
335583
335584
335585
335586
335588
335589
335590
335591
335592
335593
335594
335595
335596
335597
335599
335600
335601
335602
335603
335604
335605
335606
335607
335608
335610
335612
335613
335614
335615
335616
335617
335619
335620
335622
335623
335624
335625
335626
335628
335630
335631
335633
335634
335635
335636
335638
335639
335640
335642
335643
335644
335645
335647
335650
335652
335653
335654
335656
335657
335658
335659
335660
335661
335662
335663
335664
335665
335667
335668
335669
335670
335671
335672
335673
335674
335675
335676
335677
335678
335679
335680
335681
335682
335683
335684
335685
335686
335688
335689
335690
335691
335692
335693
335694
335695
335696
335697
335698
335699
335701
335702
335703
335704
335705
335706
335707
335709
335710
335712
335713
335714
335715
335717
335718
335719
335721
335722
335723
335727
335728
335729
335731
335733
335735
335736
335737
335738
335740
335741
335743
335744
335745
335747
335748
335749
335750
335751
335752
335753
335754
335755
335756
335759
335760
335761
335762
335763
335764
335765
335768
335769
335770
335771
335773
335774
335776
335777
335778
335779
335781
335782
335783
335784
335785
335787
335788
335790
335792
335793
335794
335795
335796
335797
335798
335799
335800
335803
335804
335805
335807
335808
335809
335810
335811
335812
335813
335814
335815
335816
335817
335819
335820
335821
335823
335826
335827
335829
335830
335831
335832
335833
335834
335836
335837
335838
335839
335840
335841
335842
335843
335844
335845
335846
335847
335849
335850
335851
335852
335855
335856
335857
335858
335859
335860
335862
335863
335864
335865
335866
335867
335869
335870
335871
335872
335873
335875
335876
335877
335878
335879
335881
335882
335884
335887
335888
335890
335891
335892
335893
335894
335896
335898
335900
335901
335902
335903
335904
335905
335906
335907
335909
335910
335911
335912
335915
335916
335917
335919
335921
335922
335924
335925
335926
335927
335928
335929
335932
335933
335936
335937
335938
335939
335940
335947
335948
335949
335950
335951
335952
335954
335956
335959
335961
335962
335963
335964
335965
335966
335967
335969
335970
335971
335973
335974
335975
335977
335978
335979
335980
335981
335982
335983
335984
335986
335987
335988
335990
335991
335992
335994
335995
335997
335998
335999
336001
336002
336003
336005
336006
336007
336009
336010
336012
336013
336014
336015
336017
336018
336019
336020
336022
336024
336026
336028
336029
336030
336031
336033
336034
336036
336037
336038
336039
336041
336042
336043
336046
336048
336049
336050
336051
336052
336053
336054
336055
336056
336057
336058
336061
336062
336063
336064
336065
336066
336067
336069
336070
336072
336073
336075
336076
336077
336079
336080
336081
336082
336083
336084
336085
336086
336088
336089
336090
336091
336092
336095
336097
336098
336099
336101
336102
336103
336104
336106
336107
336109
336110
336111
336112
336116
336117
336119
336120
336121
336123
336125
336126
336127
336128
336129
336130
336131
336132
336133
336134
336137
336138
336139
336140
336141
336144
336145
336147
336148
336149
336150
336153
336156
336157
336158
336159
336162
336163
336164
336165
336167
336168
336169
336172
336173
336174
336175
336176
336177
336178
336179
336180
336181
336182
336183
336184
336187
336188
336189
336190
336191
336193
336194
336195
336196
336197
336199
336200
336201
336202
336204
336205
336206
336207
336208
336209
336210
336211
336212
336214
336215
336216
336217
336218
336219
336220
336221
336222
336224
336226
336227
336228
336230
336231
336232
336233
336235
336236
336237
336238
336239
336240
336241
336242
336243
336244
336245
336246
336247
336248
336249
336251
336252
336254
336255
336257
336258
336259
336260
336261
336262
336263
336264
336265
336267
336270
336271
336272
336273
336274
336275
336276
336278
336279
336281
336282
336284
336286
336287
336288
336290
336294
336295
336297
336298
336302
336303
336304
336307
336311
336312
336314
336315
336316
336317
336318
336319
336321
336324
336326
336327
336328
336329
336331
336332
336333
336334
336335
336337
336338
336339
336342
336343
336344
336346
336347
336348
336349
336350
336352
336353
336354
336355
336356
336359
336361
336362
336363
336364
336367
336369
336370
336373
336374
336375
336376
336377
336378
336379
336380
336381
336383
336385
336386
336387
336388
336389
336390
336391
336392
336394
336395
336396
336397
336398
336399
336401
336402
336403
336404
336405
336406
336407
336408
336409
336410
336411
336412
336413
336414
336415
336416
336417
336420
336422
336423
336426
336428
336430
336432
336433
336434
336436
336437
336441
336442
336443
336444
336445
336446
336447
336448
336450
336452
336457
336458
336459
336461
336464
336465
336466
336468
336469
336470
336471
336472
336474
336478
336480
336482
336483
336484
336485
336486
336488
336489
336491
336492
336493
336494
336497
336499
336501
336504
336505
336506
336507
336508
336509
336510
336512
336513
336514
336515
336516
336518
336519
336520
336521
336523
336524
336525
336526
336528
336529
336531
336532
336533
336534
336535
336536
336537
336538
336539
336540
336542
336543
336544
336545
336546
336548
336550
336551
336552
336554
336557
336558
336559
336560
336561
336562
336563
336564
336565
336566
336567
336568
336569
336570
336571
336572
336573
336574
336575
336576
336577
336578
336580
336582
336583
336584
336586
336587
336589
336591
336592
336593
336594
336595
336596
336597
336598
336599
336600
336601
336602
336603
336604
336605
336606
336608
336609
336610
336611
336612
336613
336614
336615
336616
336617
336619
336620
336621
336622
336623
336624
336625
336626
336627
336628
336629
336632
336633
336635
336636
336637
336639
336642
336644
336645
336646
336647
336648
336651
336652
336655
336656
336657
336658
336659
336662
336663
336664
336665
336666
336667
336668
336669
336670
336671
336672
336673
336674
336676
336677
336680
336681
336685
336686
336687
336688
336689
336691
336692
336695
336697
336698
336699
336700
336701
336703
336705
336706
336708
336710
336711
336712
336715
336716
336717
336720
336721
336722
336723
336725
336726
336727
336728
336730
336731
336732
336734
336737
336738
336740
336741
336742
336743
336744
336746
336749
336750
336751
336753
336758
336759
336760
336763
336765
336766
336768
336770
336772
336773
336774
336775
336776
336777
336778
336779
336780
336782
336783
336784
336787
336788
336789
336791
336792
336793
336795
336797
336798
336799
336800
336801
336802
336803
336804
336805
336806
336807
336809
336810
336811
336814
336815
336816
336817
336818
336819
336820
336821
336822
336823
336824
336826
336827
336828
336830
336831
336832
336834
336835
336836
336837
336839
336840
336841
336843
336844
336845
336846
336848
336849
336850
336851
336853
336854
336855
336856
336857
336858
336859
336860
336861
336862
336863
336866
336867
336868
336869
336870
336871
336872
336873
336875
336876
336877
336878
336879
336880
336884
336885
336886
336887
336889
336891
336892
336894
336895
336896
336898
336900
336901
336902
336903
336904
336905
336906
336907
336908
336912
336914
336916
336917
336918
336920
336921
336922
336923
336925
336927
336928
336930
336933
336934
336935
336938
336940
336942
336943
336944
336945
336946
336947
336948
336949
336950
336951
336952
336953
336954
336955
336956
336958
336959
336960
336963
336964
336965
336966
336967
336968
336969
336970
336971
336972
336973
336975
336978
336979
336981
336982
336984
336986
336987
336988
336989
336991
336995
336996
336998
337000
337001
337002
337003
337004
337005
337007
337009
337010
337013
337015
337020
337021
337022
337023
337024
337026
337027
337029
337030
337031
337032
337034
337035
337037
337038
337039
337040
337041
337042
337043
337045
337046
337048
337049
337050
337051
337052
337054
337055
337056
337057
337058
337059
337060
337061
337062
337064
337068
337070
337073
337077
337078
337080
337081
337082
337083
337085
337086
337088
337089
337090
337093
337095
337096
337098
337099
337100
337101
337105
337106
337107
337110
337111
337112
337113
337115
337117
337123
337125
337126
337127
337128
337129
337130
337131
337132
337133
337134
337135
337137
337138
337140
337143
337145
337146
337148
337149
337150
337152
337153
337154
337155
337156
337159
337160
337161
337163
337164
337165
337166
337171
337172
337173
337175
337176
337179
337180
337183
337184
337186
337187
337189
337190
337193
337194
337195
337196
337197
337199
337200
337201
337202
337203
337204
337205
337206
337207
337208
337209
337210
337211
337212
337213
337215
337216
337217
337218
337220
337221
337222
337223
337224
337225
337226
337227
337230
337231
337232
337233
337234
337235
337236
337237
337238
337239
337241
337242
337243
337245
337246
337249
337250
337251
337256
337257
337258
337259
337260
337261
337262
337263
337264
337265
337268
337269
337270
337271
337272
337273
337274
337275
337276
337277
337279
337280
337281
337282
337284
337286
337287
337288
337290
337291
337292
337293
337295
337296
337297
337298
337299
337300
337301
337302
337304
337306
337307
337308
337309
337310
337312
337313
337314
337315
337316
337317
337318
337319
337323
337329
337330
337332
337333
337334
337335
337337
337339
337340
337341
337342
337343
337344
337346
337348
337349
337350
337351
337352
337353
337354
337356
337358
337359
337360
337361
337362
337363
337364
337366
337367
337368
337369
337370
337371
337372
337375
337376
337377
337378
337379
337384
337385
337391
337395
337398
337400
337401
337402
337405
337406
337407
337408
337409
337410
337411
337412
337414
337415
337416
337417
337418
337421
337422
337423
337424
337426
337431
337433
337434
337437
337438
337439
337441
337442
337444
337446
337447
337448
337449
337450
337451
337452
337453
337456
337458
337460
337461
337463
337464
337465
337466
337468
337469
337471
337472
337475
337476
337477
337480
337481
337482
337483
337485
337486
337488
337489
337490
337492
337493
337494
337495
337496
337497
337498
337499
337501
337503
337507
337508
337511
337512
337513
337516
337519
337521
337522
337525
337526
337528
337530
337533
337535
337536
337537
337539
337540
337541
337542
337544
337545
337546
337547
337550
337552
337553
337555
337556
337561
337562
337563
337564
337567
337568
337569
337572
337574
337575
337577
337578
337579
337580
337581
337586
337588
337589
337590
337592
337594
337595
337596
337597
337598
337599
337602
337603
337604
337605
337608
337609
337612
337613
337614
337615
337616
337618
337620
337621
337622
337623
337624
337625
337626
337627
337629
337630
337631
337632
337634
337636
337637
337640
337641
337642
337643
337644
337645
337646
337647
337648
337650
337651
337653
337654
337655
337656
337657
337658
337659
337662
337663
337664
337665
337667
337668
337669
337671
337672
337674
337676
337677
337678
337679
337680
337681
337683
337684
337687
337688
337690
337691
337692
337693
337694
337696
337697
337699
337700
337701
337702
337703
337704
337705
337707
337708
337709
337710
337711
337712
337713
337714
337715
337716
337719
337721
337722
337723
337724
337725
337726
337727
337728
337729
337730
337731
337732
337734
337736
337737
337738
337739
337740
337741
337743
337744
337746
337748
337753
337754
337755
337756
337757
337759
337760
337762
337763
337764
337769
337771
337773
337774
337776
337777
337779
337781
337782
337784
337785
337787
337792
337793
337794
337795
337797
337799
337800
337801
337803
337806
337807
337809
337814
337815
337817
337818
337819
337820
337822
337825
337826
337827
337829
337830
337831
337833
337835
337837
337838
337844
337845
337847
337848
337849
337850
337851
337853
337854
337855
337856
337858
337859
337861
337862
337864
337865
337867
337868
337872
337873
337875
337878
337881
337883
337884
337885
337886
337887
337888
337889
337895
337896
337897
337899
337900
337901
337902
337903
337904
337907
337909
337910
337913
337917
337919
337920
337922
337923
337927
337928
337929
337930
337932
337933
337935
337938
337941
337942
337944
337945
337946
337947
337948
337949
337951
337952
337953
337955
337956
337957
337958
337960
337962
337964
337966
337968
337969
337970
337971
337972
337973
337974
337975
337976
337977
337978
337979
337980
337981
337982
337983
337984
337985
337986
337987
337988
337990
337992
337993
337995
337998
337999
338001
338002
338003
338005
338006
338009
338010
338011
338012
338013
338015
338016
338017
338018
338021
338022
338023
338024
338025
338026
338027
338028
338032
338033
338034
338038
338039
338040
338041
338043
338044
338045
338046
338048
338050
338051
338053
338055
338056
338057
338058
338059
338061
338062
338063
338064
338065
338066
338067
338068
338069
338070
338071
338072
338073
338075
338076
338077
338078
338079
338081
338082
338083
338084
338085
338086
338088
338089
338090
338093
338095
338096
338097
338098
338099
338100
338102
338103
338104
338105
338106
338107
338109
338110
338111
338112
338114
338115
338117
338118
338119
338120
338121
338122
338123
338124
338125
338126
338127
338128
338130
338132
338133
338134
338135
338136
338138
338139
338141
338142
338143
338144
338146
338147
338148
338150
338151
338154
338156
338158
338160
338161
338162
338163
338164
338165
338166
338167
338168
338169
338170
338171
338173
338174
338175
338177
338178
338179
338180
338181
338182
338183
338184
338185
338186
338187
338188
338189
338190
338191
338192
338194
338195
338196
338198
338202
338203
338204
338206
338207
338208
338209
338210
338211
338212
338213
338214
338215
338216
338217
338218
338219
338221
338222
338223
338224
338225
338227
338228
338230
338231
338232
338233
338234
338235
338236
338237
338238
338239
338241
338242
338243
338244
338245
338246
338247
338248
338249
338250
338251
338252
338253
338255
338256
338257
338258
338259
338260
338262
338265
338266
338267
338268
338269
338270
338271
338272
338273
338274
338275
338276
338277
338278
338280
338281
338282
338283
338285
338286
338287
338288
338291
338294
338295
338296
338297
338298
338299
338302
338304
338305
338307
338308
338309
338311
338313
338314
338315
338316
338317
338318
338319
338321
338323
338324
338325
338326
338327
338328
338329
338330
338332
338334
338337
338338
338339
338341
338342
338344
338346
338348
338349
338350
338351
338352
338353
338354
338355
338356
338357
338358
338359
338361
338362
338363
338364
338365
338366
338367
338368
338369
338371
338373
338374
338375
338376
338377
338378
338379
338380
338381
338382
338383
338384
338385
338386
338387
338388
338389
338390
338391
338392
338393
338394
338396
338397
338398
338399
338400
338401
338403
338404
338405
338408
338409
338410
338411
338412
338413
338414
338415
338416
338418
338419
338420
338421
338422
338423
338424
338425
338427
338428
338429
338431
338432
338433
338434
338435
338438
338439
338441
338442
338443
338447
338448
338450
338451
338452
338454
338455
338457
338458
338460
338462
338463
338464
338466
338467
338470
338471
338472
338473
338474
338475
338476
338477
338481
338482
338486
338489
338490
338491
338493
338495
338496
338500
338501
338502
338504
338505
338507
338508
338509
338510
338511
338512
338513
338514
338515
338518
338519
338522
338524
338525
338526
338528
338529
338530
338531
338532
338533
338534
338535
338536
338537
338538
338539
338540
338541
338542
338543
338544
338545
338546
338547
338548
338550
338552
338554
338555
338556
338557
338558
338559
338560
338561
338563
338565
338566
338568
338569
338570
338571
338572
338573
338574
338575
338576
338577
338578
338579
338580
338581
338583
338584
338585
338586
338587
338588
338589
338590
338591
338592
338593
338594
338595
338596
338597
338598
338600
338601
338602
338603
338604
338605
338606
338608
338609
338610
338611
338612
338613
338615
338616
338617
338618
338619
338620
338621
338622
338623
338624
338625
338627
338630
338631
338633
338634
338635
338636
338637
338639
338640
338641
338642
338643
338644
338645
338646
338647
338648
338649
338651
338652
338653
338654
338656
338657
338658
338660
338661
338662
338663
338664
338665
338666
338667
338668
338670
338672
338673
338674
338676
338677
338681
338683
338685
338687
338689
338690
338691
338692
338693
338695
338696
338697
338699
338700
338702
338703
338704
338705
338706
338707
338708
338710
338711
338713
338714
338715
338717
338718
338719
338720
338722
338723
338724
338725
338726
338727
338728
338729
338730
338731
338734
338735
338736
338739
338740
338741
338742
338743
338744
338746
338748
338749
338751
338752
338754
338755
338756
338757
338758
338759
338760
338761
338762
338764
338766
338767
338768
338769
338772
338773
338779
338780
338781
338782
338784
338785
338786
338787
338788
338789
338790
338792
338793
338795
338796
338798
338801
338802
338804
338805
338806
338809
338810
338814
338815
338817
338818
338819
338820
338822
338823
338824
338826
338828
338829
338830
338831
338832
338833
338835
338837
338838
338839
338840
338845
338848
338850
338851
338852
338853
338854
338855
338856
338857
338859
338860
338861
338862
338863
338864
338865
338866
338867
338868
338869
338870
338871
338872
338873
338874
338875
338876
338877
338878
338882
338883
338884
338885
338887
338888
338890
338891
338892
338893
338895
338896
338898
338899
338900
338901
338902
338904
338905
338908
338909
338910
338911
338912
338913
338915
338917
338918
338919
338920
338921
338923
338926
338927
338928
338929
338930
338931
338932
338933
338934
338936
338937
338938
338939
338940
338941
338942
338943
338944
338945
338946
338947
338949
338951
338952
338954
338955
338956
338958
338959
338961
338963
338964
338965
338966
338967
338969
338970
338972
338973
338974
338975
338976
338977
338978
338979
338980
338981
338982
338983
338984
338985
338986
338987
338988
338990
338991
338992
338993
338994
338995
338996
338998
338999
339000
339002
339004
339005
339006
339007
339008
339009
339010
339011
339013
339014
339015
339016
339017
339018
339020
339021
339022
339023
339024
339026
339027
339028
339029
339030
339032
339033
339034
339036
339037
339039
339041
339042
339043
339044
339047
339048
339049
339050
339052
339053
339054
339055
339056
339057
339058
339059
339060
339064
339066
339067
339068
339073
339074
339076
339077
339079
339081
339082
339083
339085
339086
339087
339091
339092
339093
339094
339095
339097
339099
339100
339101
339102
339103
339104
339105
339106
339107
339108
339110
339111
339112
339114
339115
339116
339117
339121
339123
339125
339126
339128
339129
339130
339131
339132
339133
339134
339135
339136
339137
339138
339141
339142
339143
339144
339145
339146
339152
339153
339154
339155
339156
339158
339160
339161
339162
339166
339167
339169
339170
339171
339172
339173
339174
339175
339176
339177
339178
339180
339181
339182
339187
339188
339189
339191
339193
339194
339195
339196
339197
339198
339199
339203
339204
339205
339206
339207
339208
339209
339210
339211
339212
339213
339214
339215
339217
339219
339220
339221
339222
339223
339224
339226
339228
339230
339231
339235
339236
339238
339239
339240
339241
339242
339243
339244
339245
339248
339249
339252
339254
339255
339256
339257
339259
339260
339263
339264
339266
339267
339268
339269
339270
339272
339273
339275
339276
339277
339278
339279
339281
339282
339284
339287
339289
339291
339292
339293
339294
339296
339297
339298
339299
339301
339302
339303
339304
339305
339306
339307
339308
339309
339310
339311
339313
339314
339315
339316
339320
339321
339322
339323
339324
339325
339328
339329
339330
339331
339333
339335
339336
339338
339339
339340
339341
339343
339344
339345
339346
339347
339348
339349
339350
339352
339353
339354
339355
339356
339357
339358
339360
339363
339364
339366
339367
339368
339370
339371
339372
339373
339374
339375
339376
339377
339378
339379
339383
339384
339385
339386
339387
339388
339389
339390
339391
339392
339393
339394
339395
339396
339397
339398
339400
339401
339402
339403
339404
339405
339407
339408
339409
339411
339412
339413
339414
339415
339416
339417
339418
339419
339420
339421
339422
339423
339424
339425
339426
339427
339428
339429
339430
339431
339433
339434
339435
339436
339438
339439
339440
339441
339445
339446
339448
339449
339453
339455
339457
339458
339459
339460
339461
339463
339464
339466
339469
339470
339471
339472
339473
339478
339480
339481
339482
339483
339484
339485
339486
339487
339488
339490
339491
339493
339494
339496
339498
339500
339503
339504
339505
339506
339507
339509
339511
339513
339514
339515
339516
339518
339519
339520
339521
339523
339525
339526
339527
339529
339530
339531
339532
339534
339535
339536
339537
339540
339541
339542
339543
339544
339545
339546
339547
339548
339549
339550
339552
339553
339554
339555
339556
339557
339558
339560
339561
339564
339565
339566
339567
339568
339571
339572
339573
339574
339576
339577
339578
339580
339581
339582
339583
339584
339586
339587
339588
339589
339590
339591
339592
339593
339594
339595
339596
339597
339598
339599
339600
339601
339602
339603
339604
339605
339606
339608
339609
339610
339611
339612
339613
339614
339615
339616
339617
339618
339619
339620
339621
339622
339623
339626
339627
339629
339630
339631
339632
339634
339635
339636
339637
339638
339639
339640
339641
339642
339643
339644
339645
339646
339647
339648
339649
339650
339651
339652
339653
339654
339655
339656
339657
339658
339659
339660
339661
339662
339663
339664
339666
339667
339669
339670
339671
339672
339673
339674
339675
339676
339677
339678
339680
339681
339682
339683
339684
339685
339687
339688
339689
339690
339691
339692
339693
339694
339695
339696
339697
339699
339701
339702
339703
339708
339709
339710
339711
339712
339716
339717
339719
339720
339721
339722
339723
339724
339726
339728
339729
339730
339731
339732
339733
339735
339736
339737
339739
339740
339742
339743
339745
339746
339748
339749
339750
339751
339752
339753
339754
339755
339756
339757
339758
339759
339760
339761
339762
339763
339764
339765
339766
339767
339768
339770
339772
339773
339774
339776
339777
339778
339779
339780
339782
339784
339785
339786
339787
339788
339789
339790
339791
339792
339793
339794
339795
339796
339797
339798
339800
339801
339803
339805
339806
339807
339808
339809
339810
339811
339813
339815
339816
339821
339823
339825
339826
339827
339828
339829
339831
339832
339833
339835
339836
339837
339838
339839
339840
339841
339842
339843
339844
339845
339847
339848
339849
339851
339852
339853
339854
339855
339856
339859
339860
339861
339863
339865
339866
339867
339869
339870
339871
339872
339873
339874
339875
339876
339877
339878
339879
339881
339882
339883
339884
339886
339887
339888
339889
339890
339893
339894
339895
339897
339899
339901
339902
339903
339904
339905
339908
339909
339911
339912
339913
339914
339915
339916
339919
339920
339921
339923
339925
339927
339928
339930
339934
339935
339936
339939
339940
339941
339942
339943
339944
339946
339947
339948
339949
339950
339951
339952
339953
339954
339955
339956
339957
339958
339959
339960
339961
339963
339964
339965
339967
339968
339969
339970
339971
339972
339973
339974
339975
339976
339977
339978
339979
339981
339982
339984
339986
339987
339988
339989
339990
339991
339993
339994
339995
339996
339999
340000
340003
340004
340005
340006
340007
340008
340009
340012
340013
340014
340015
340016
340017
340019
340021
340022
340023
340024
340025
340026
340027
340028
340029
340030
340033
340034
340036
340037
340039
340040
340045
340050
340052
340054
340056
340058
340060
340061
340062
340064
340065
340066
340069
340070
340071
340072
340073
340074
340075
340076
340079
340081
340084
340085
340086
340087
340091
340092
340093
340095
340099
340100
340103
340104
340105
340106
340107
340108
340109
340111
340112
340113
340114
340115
340116
340117
340118
340119
340121
340122
340124
340125
340126
340130
340132
340134
340136
340137
340138
340142
340143
340145
340150
340151
340152
340154
340155
340156
340157
340158
340159
340162
340163
340165
340167
340171
340172
340173
340174
340176
340177
340178
340180
340182
340184
340185
340187
340189
340190
340191
340192
340193
340194
340195
340197
340198
340199
340200
340201
340202
340203
340205
340206
340207
340208
340210
340214
340215
340218
340219
340221
340222
340223
340225
340229
340231
340232
340233
340234
340237
340238
340239
340240
340241
340242
340244
340245
340246
340247
340249
340250
340251
340252
340253
340256
340257
340259
340263
340264
340265
340266
340267
340268
340269
340270
340271
340272
340273
340274
340276
340277
340278
340280
340281
340283
340284
340286
340287
340290
340293
340294
340297
340298
340299
340300
340301
340302
340303
340304
340305
340307
340309
340310
340311
340313
340314
340315
340316
340317
340318
340319
340320
340321
340324
340325
340326
340328
340329
340331
340332
340333
340334
340336
340337
340339
340340
340344
340345
340346
340347
340351
340352
340353
340354
340355
340356
340357
340358
340361
340363
340364
340365
340366
340368
340369
340370
340372
340373
340374
340375
340377
340378
340380
340383
340384
340385
340386
340387
340389
340390
340391
340392
340395
340397
340398
340399
340400
340401
340402
340403
340404
340407
340410
340411
340412
340413
340414
340415
340416
340417
340418
340419
340420
340422
340423
340424
340426
340427
340428
340429
340430
340432
340433
340434
340435
340436
340438
340439
340442
340443
340446
340447
340448
340451
340452
340453
340454
340455
340456
340457
340458
340460
340461
340462
340463
340464
340465
340471
340472
340473
340474
340475
340476
340477
340478
340480
340481
340482
340484
340485
340486
340487
340488
340489
340490
340491
340492
340493
340494
340495
340497
340498
340499
340500
340501
340502
340503
340504
340505
340506
340509
340510
340511
340514
340515
340517
340522
340524
340525
340526
340527
340528
340530
340531
340532
340534
340535
340536
340537
340538
340539
340540
340541
340543
340546
340547
340548
340549
340550
340551
340553
340554
340555
340556
340557
340558
340559
340560
340561
340562
340563
340565
340567
340568
340569
340571
340572
340574
340575
340576
340577
340578
340580
340584
340586
340587
340588
340591
340592
340593
340594
340597
340598
340599
340602
340604
340605
340606
340607
340608
340610
340611
340613
340614
340616
340618
340620
340621
340622
340623
340625
340626
340628
340629
340631
340633
340634
340635
340636
340637
340638
340639
340640
340641
340643
340644
340645
340646
340647
340648
340649
340650
340651
340652
340653
340656
340657
340659
340661
340662
340663
340664
340665
340667
340668
340669
340670
340671
340673
340674
340675
340676
340677
340678
340679
340680
340681
340682
340684
340686
340688
340689
340690
340691
340692
340693
340694
340695
340696
340699
340700
340701
340702
340703
340704
340705
340706
340707
340708
340710
340711
340712
340713
340714
340716
340717
340718
340720
340721
340722
340723
340724
340727
340728
340729
340730
340731
340733
340734
340735
340736
340737
340738
340739
340742
340744
340745
340746
340747
340751
340752
340754
340755
340757
340759
340761
340763
340764
340765
340766
340767
340768
340769
340770
340771
340772
340773
340774
340776
340777
340778
340779
340780
340781
340782
340783
340784
340785
340786
340787
340788
340789
340790
340791
340792
340793
340794
340795
340796
340797
340798
340800
340801
340802
340803
340804
340808
340810
340811
340813
340817
340818
340819
340820
340821
340822
340823
340825
340826
340827
340828
340829
340830
340831
340832
340833
340834
340835
340837
340838
340840
340841
340843
340844
340846
340847
340848
340849
340850
340851
340852
340853
340854
340855
340856
340857
340858
340859
340860
340861
340862
340863
340864
340865
340866
340867
340868
340869
340870
340871
340872
340874
340875
340876
340877
340878
340880
340881
340882
340883
340884
340886
340887
340888
340889
340890
340891
340892
340894
340895
340896
340897
340898
340899
340900
340901
340902
340903
340904
340905
340906
340907
340909
340910
340913
340916
340917
340918
340919
340920
340922
340923
340927
340928
340929
340930
340931
340932
340935
340937
340939
340940
340941
340942
340944
340945
340947
340949
340950
340952
340954
340955
340956
340957
340958
340959
340960
340963
340964
340965
340968
340969
340970
340971
340972
340973
340974
340975
340976
340977
340978
340982
340984
340985
340986
340987
340988
340990
340991
340994
340995
340996
340997
340998
340999
341001
341006
341007
341011
341013
341016
341018
341019
341020
341022
341024
341027
341028
341030
341031
341033
341035
341036
341038
341039
341040
341041
341043
341044
341045
341048
341049
341054
341055
341056
341057
341058
341059
341060
341061
341062
341064
341065
341066
341067
341068
341069
341070
341072
341073
341075
341076
341077
341078
341079
341083
341084
341085
341086
341087
341088
341090
341091
341092
341093
341094
341097
341098
341099
341100
341101
341104
341105
341106
341107
341108
341109
341110
341111
341112
341113
341114
341115
341116
341117
341118
341119
341121
341122
341123
341124
341125
341126
341128
341130
341131
341132
341134
341135
341136
341137
341138
341139
341140
341142
341143
341144
341146
341147
341149
341152
341155
341157
341160
341161
341165
341167
341168
341169
341170
341171
341172
341173
341175
341176
341177
341178
341181
341182
341183
341184
341185
341186
341188
341189
341190
341192
341193
341195
341196
341197
341198
341199
341202
341203
341204
341206
341207
341208
341211
341212
341213
341214
341215
341218
341219
341220
341222
341224
341225
341226
341227
341228
341229
341230
341232
341233
341234
341235
341236
341237
341238
341239
341240
341242
341243
341244
341245
341246
341247
341248
341249
341252
341255
341256
341258
341259
341260
341261
341262
341263
341264
341266
341267
341268
341269
341271
341272
341273
341274
341276
341277
341280
341281
341282
341283
341284
341285
341286
341288
341289
341290
341291
341292
341293
341295
341296
341297
341299
341300
341309
341312
341313
341314
341316
341317
341318
341319
341320
341321
341324
341325
341326
341328
341329
341330
341331
341332
341334
341335
341336
341337
341339
341341
341343
341344
341345
341346
341347
341348
341349
341351
341352
341354
341355
341356
341357
341358
341363
341364
341366
341367
341368
341370
341372
341373
341374
341375
341377
341379
341380
341381
341383
341384
341385
341386
341387
341388
341389
341390
341391
341392
341393
341394
341396
341398
341399
341400
341401
341402
341403
341404
341406
341408
341409
341411
341412
341414
341415
341416
341417
341418
341420
341421
341423
341424
341425
341426
341429
341430
341431
341433
341434
341436
341437
341438
341439
341443
341444
341445
341447
341448
341450
341451
341455
341456
341457
341458
341459
341460
341461
341462
341463
341466
341467
341468
341469
341470
341471
341473
341474
341477
341478
341480
341481
341482
341487
341488
341491
341493
341494
341495
341496
341497
341498
341499
341500
341501
341503
341504
341505
341506
341508
341509
341510
341512
341513
341514
341515
341518
341519
341521
341522
341523
341524
341525
341527
341529
341530
341533
341534
341535
341536
341537
341539
341541
341542
341543
341544
341546
341551
341552
341553
341554
341556
341557
341558
341559
341560
341564
341566
341568
341570
341571
341573
341574
341575
341577
341578
341579
341580
341581
341582
341584
341585
341586
341587
341588
341589
341590
341591
341592
341595
341596
341597
341600
341601
341602
341603
341604
341605
341608
341610
341611
341612
341614
341615
341617
341618
341619
341620
341621
341624
341626
341627
341629
341632
341634
341635
341636
341637
341638
341640
341641
341642
341644
341645
341646
341647
341648
341649
341651
341652
341653
341654
341656
341657
341658
341659
341661
341662
341663
341667
341668
341670
341672
341673
341674
341675
341676
341678
341679
341680
341681
341682
341684
341685
341687
341688
341689
341691
341693
341695
341696
341697
341699
341701
341702
341703
341704
341705
341706
341707
341709
341710
341712
341713
341714
341715
341718
341719
341720
341721
341722
341723
341724
341725
341726
341729
341730
341731
341732
341733
341734
341736
341737
341738
341740
341741
341742
341744
341745
341746
341748
341753
341754
341756
341757
341758
341759
341762
341763
341764
341766
341767
341768
341769
341771
341772
341773
341774
341775
341776
341779
341780
341781
341782
341783
341784
341785
341788
341789
341791
341792
341793
341794
341795
341796
341797
341798
341800
341804
341805
341806
341807
341808
341809
341810
341811
341813
341814
341817
341818
341819
341820
341822
341824
341827
341829
341830
341831
341837
341838
341839
341841
341842
341846
341847
341848
341849
341851
341852
341853
341855
341858
341859
341860
341862
341864
341866
341868
341871
341873
341874
341876
341878
341879
341882
341884
341885
341887
341893
341895
341896
341898
341899
341901
341902
341903
341904
341905
341906
341907
341908
341910
341911
341912
341913
341914
341918
341920
341921
341924
341927
341929
341930
341931
341932
341933
341934
341935
341937
341938
341939
341941
341943
341946
341947
341948
341950
341951
341952
341955
341956
341957
341958
341960
341963
341964
341966
341967
341968
341970
341971
341972
341973
341974
341975
341979
341980
341982
341983
341984
341985
341987
341988
341989
341990
341992
341993
341994
341995
341996
341997
341998
341999
342000
342001
342003
342004
342005
342006
342007
342008
342009
342010
342012
342013
342019
342020
342022
342023
342024
342025
342026
342027
342028
342029
342030
342031
342032
342033
342034
342035
342036
342037
342038
342039
342040
342042
342044
342045
342046
342048
342050
342051
342052
342055
342056
342058
342059
342060
342062
342066
342067
342069
342071
342072
342073
342074
342075
342076
342077
342078
342079
342080
342082
342085
342086
342087
342088
342089
342092
342093
342094
342095
342097
342098
342099
342102
342103
342104
342105
342108
342109
342110
342111
342112
342113
342115
342116
342117
342118
342122
342123
342124
342125
342126
342127
342128
342129
342130
342131
342132
342133
342134
342135
342136
342137
342139
342140
342141
342142
342144
342145
342146
342148
342149
342150
342151
342153
342154
342155
342156
342157
342158
342159
342160
342162
342165
342167
342168
342169
342170
342171
342172
342173
342174
342175
342176
342177
342180
342181
342182
342183
342184
342185
342187
342188
342189
342190
342191
342192
342193
342194
342195
342197
342199
342200
342201
342202
342204
342205
342206
342207
342208
342209
342210
342211
342212
342213
342214
342216
342217
342218
342219
342220
342221
342222
342223
342224
342225
342226
342229
342230
342232
342233
342234
342235
342236
342238
342239
342240
342241
342242
342243
342244
342245
342246
342247
342248
342249
342251
342256
342257
342258
342259
342260
342261
342262
342263
342264
342266
342267
342268
342269
342270
342271
342272
342273
342274
342276
342277
342278
342279
342282
342283
342284
342287
342288
342289
342290
342292
342293
342294
342298
342299
342300
342301
342302
342303
342304
342305
342306
342307
342308
342309
342310
342311
342312
342313
342314
342315
342316
342317
342318
342319
342321
342322
342323
342324
342325
342327
342329
342330
342334
342335
342336
342337
342338
342339
342340
342341
342342
342343
342345
342346
342347
342349
342350
342352
342353
342354
342355
342358
342359
342361
342362
342363
342366
342367
342368
342369
342370
342372
342373
342374
342375
342376
342377
342378
342379
342380
342381
342382
342384
342385
342386
342387
342388
342389
342390
342391
342392
342393
342394
342395
342396
342397
342399
342400
342401
342402
342403
342404
342406
342407
342408
342410
342411
342412
342413
342414
342415
342416
342417
342419
342421
342424
342425
342426
342427
342428
342429
342430
342431
342432
342433
342434
342435
342436
342437
342439
342440
342441
342442
342443
342444
342445
342446
342447
342448
342449
342450
342451
342452
342453
342454
342455
342456
342457
342458
342459
342460
342461
342462
342463
342464
342465
342466
342467
342468
342470
342471
342472
342473
342474
342475
342476
342477
342478
342479
342480
342481
342482
342484
342485
342486
342487
342488
342489
342490
342491
342492
342496
342497
342498
342499
342501
342502
342503
342504
342505
342506
342507
342509
342510
342511
342512
342516
342517
342518
342519
342521
342522
342523
342525
342526
342527
342528
342529
342530
342532
342533
342534
342535
342536
342538
342539
342540
342542
342543
342544
342546
342548
342549
342551
342552
342555
342556
342557
342559
342560
342561
342562
342563
342564
342565
342566
342567
342568
342569
342570
342571
342572
342573
342574
342575
342576
342577
342578
342579
342580
342585
342587
342588
342589
342591
342592
342593
342594
342595
342596
342597
342598
342599
342601
342602
342603
342604
342606
342607
342608
342609
342610
342611
342613
342614
342616
342617
342618
342619
342620
342621
342622
342623
342624
342625
342626
342627
342628
342631
342632
342633
342634
342635
342637
342638
342639
342640
342641
342642
342643
342644
342645
342646
342647
342648
342649
342650
342651
342652
342654
342656
342657
342658
342659
342661
342662
342663
342664
342665
342666
342667
342670
342671
342672
342673
342675
342678
342679
342681
342683
342684
342685
342686
342687
342688
342689
342691
342692
342693
342695
342696
342697
342698
342699
342700
342704
342705
342706
342707
342708
342709
342710
342711
342712
342713
342714
342717
342718
342719
342720
342721
342722
342723
342724
342725
342726
342727
342729
342730
342732
342733
342734
342735
342736
342737
342739
342740
342741
342742
342743
342744
342745
342746
342748
342749
342750
342751
342753
342754
342755
342756
342757
342758
342759
342760
342761
342762
342763
342764
342765
342766
342767
342768
342769
342770
342771
342772
342773
342775
342776
342777
342778
342779
342781
342782
342783
342784
342785
342786
342787
342788
342790
342791
342792
342795
342796
342797
342798
342799
342800
342801
342802
342804
342806
342807
342808
342809
342810
342811
342812
342813
342814
342815
342816
342817
342818
342819
342820
342822
342823
342824
342825
342827
342828
342829
342830
342831
342832
342833
342835
342836
342837
342838
342840
342841
342843
342844
342846
342847
342848
342849
342850
342851
342852
342853
342854
342855
342858
342859
342861
342862
342864
342865
342868
342869
342870
342871
342872
342873
342875
342877
342878
342880
342882
342884
342885
342887
342889
342890
342892
342893
342895
342896
342897
342901
342902
342903
342904
342905
342907
342908
342910
342913
342914
342915
342916
342917
342918
342919
342920
342921
342923
342924
342925
342927
342928
342930
342931
342932
342933
342935
342936
342937
342938
342939
342940
342942
342944
342945
342947
342948
342949
342951
342952
342953
342956
342958
342959
342960
342962
342963
342964
342967
342968
342972
342973
342974
342975
342976
342978
342980
342981
342983
342984
342985
342986
342987
342988
342991
342992
342993
342994
342996
342997
342998
342999
343000
343001
343003
343004
343005
343006
343007
343008
343009
343010
343012
343013
343014
343015
343016
343017
343018
343020
343022
343023
343024
343025
343026
343027
343028
343029
343030
343032
343033
343034
343035
343036
343037
343038
343039
343043
343045
343048
343050
343051
343052
343053
343055
343056
343057
343060
343063
343064
343066
343067
343068
343069
343070
343071
343072
343073
343074
343076
343077
343078
343079
343084
343085
343088
343089
343090
343091
343092
343093
343095
343101
343102
343103
343104
343105
343106
343107
343112
343113
343114
343115
343116
343119
343120
343122
343123
343124
343125
343126
343127
343129
343130
343131
343133
343134
343135
343136
343137
343138
343139
343140
343141
343142
343143
343144
343145
343146
343147
343148
343150
343151
343152
343153
343154
343155
343156
343157
343160
343167
343168
343169
343170
343171
343172
343173
343175
343176
343177
343178
343179
343180
343181
343182
343183
343184
343185
343187
343188
343190
343192
343193
343194
343196
343197
343198
343199
343201
343202
343203
343204
343205
343206
343207
343208
343209
343210
343211
343212
343213
343215
343216
343217
343218
343219
343220
343221
343222
343223
343224
343225
343226
343227
343228
343229
343230
343231
343232
343233
343234
343235
343236
343237
343238
343239
343240
343241
343242
343243
343244
343245
343246
343247
343248
343249
343251
343252
343253
343255
343256
343257
343258
343259
343260
343261
343262
343263
343264
343266
343267
343269
343271
343273
343274
343275
343276
343277
343278
343279
343280
343282
343283
343284
343289
343290
343291
343292
343293
343294
343295
343296
343297
343298
343301
343303
343304
343305
343306
343307
343308
343309
343310
343312
343314
343315
343316
343317
343318
343320
343321
343322
343324
343325
343326
343327
343328
343329
343330
343331
343332
343333
343334
343335
343336
343338
343339
343341
343343
343344
343345
343346
343350
343351
343352
343353
343354
343355
343356
343357
343358
343359
343362
343365
343366
343369
343370
343371
343373
343374
343376
343377
343378
343379
343380
343383
343384
343386
343387
343388
343389
343390
343391
343392
343394
343395
343397
343399
343400
343401
343403
343404
343405
343406
343408
343410
343411
343412
343413
343414
343415
343417
343420
343422
343423
343424
343425
343426
343427
343428
343429
343430
343431
343432
343433
343434
343435
343436
343437
343438
343440
343441
343443
343444
343445
343446
343449
343450
343451
343452
343453
343455
343456
343458
343459
343460
343461
343465
343466
343467
343468
343469
343470
343471
343472
343473
343474
343475
343476
343479
343480
343482
343483
343484
343485
343487
343488
343489
343490
343491
343492
343493
343495
343496
343497
343499
343500
343501
343502
343503
343504
343505
343510
343511
343512
343513
343514
343516
343517
343518
343519
343520
343523
343525
343527
343529
343530
343531
343532
343533
343534
343536
343537
343538
343539
343541
343543
343544
343546
343547
343548
343549
343550
343551
343552
343553
343554
343556
343557
343558
343559
343561
343562
343563
343564
343565
343568
343569
343570
343573
343574
343576
343578
343579
343583
343585
343587
343589
343590
343591
343593
343594
343595
343596
343597
343598
343599
343600
343601
343602
343604
343605
343606
343607
343608
343609
343610
343611
343613
343616
343617
343618
343619
343620
343621
343622
343623
343624
343625
343626
343629
343630
343631
343632
343633
343635
343636
343637
343638
343639
343640
343641
343643
343645
343646
343647
343648
343651
343652
343653
343654
343655
343656
343657
343658
343659
343660
343661
343664
343666
343667
343669
343670
343671
343673
343675
343677
343678
343679
343682
343683
343686
343687
343688
343690
343691
343692
343693
343694
343695
343696
343697
343699
343700
343702
343703
343704
343706
343707
343708
343709
343710
343711
343712
343713
343714
343715
343716
343717
343719
343720
343721
343722
343723
343726
343731
343732
343733
343734
343735
343736
343737
343738
343739
343741
343742
343743
343745
343747
343748
343749
343750
343751
343752
343753
343754
343755
343758
343759
343760
343762
343763
343764
343766
343767
343768
343769
343770
343771
343772
343773
343775
343778
343779
343780
343781
343782
343783
343784
343785
343786
343789
343791
343792
343793
343795
343796
343797
343798
343799
343800
343801
343802
343806
343807
343808
343809
343810
343812
343813
343814
343815
343816
343817
343819
343820
343824
343825
343826
343829
343830
343831
343832
343835
343836
343837
343838
343839
343841
343842
343843
343844
343845
343846
343847
343848
343850
343851
343852
343856
343858
343859
343860
343863
343865
343866
343867
343868
343869
343870
343871
343872
343874
343875
343876
343877
343878
343879
343881
343882
343883
343884
343885
343886
343887
343888
343889
343890
343892
343893
343895
343898
343900
343902
343904
343905
343906
343909
343911
343912
343914
343915
343916
343917
343918
343919
343921
343923
343924
343925
343926
343927
343928
343929
343930
343932
343933
343934
343935
343936
343937
343938
343939
343940
343941
343942
343943
343944
343946
343947
343948
343950
343951
343952
343953
343954
343955
343956
343957
343958
343959
343961
343962
343963
343964
343966
343969
343971
343972
343973
343974
343978
343979
343981
343982
343984
343985
343987
343989
343990
343991
343992
343998
344007
344008
