169986
169987
169988
169989
169990
169991
169995
169997
169999
170000
170003
170005
170006
170007
170008
170009
170011
170012
170014
170015
170017
170018
170019
170020
170021
170024
170026
170027
170028
170031
170033
170034
170035
170036
170037
170038
170039
170040
170041
170044
170045
170046
170047
170048
170050
170051
170052
170056
170057
170058
170059
170060
170061
170062
170063
170064
170066
170068
170070
170071
170073
170074
170075
170076
170077
170078
170079
170081
170082
170083
170084
170087
170088
170089
170090
170092
170093
170094
170095
170096
170098
170101
170103
170104
170105
170107
170108
170109
170110
170111
170112
170114
170119
170120
170121
170122
170123
170125
170126
170128
170129
170130
170131
170132
170134
170135
170137
170138
170141
170143
170144
170145
170147
170149
170150
170152
170153
170154
170157
170162
170164
170165
170166
170167
170170
170171
170172
170173
170174
170175
170176
170177
170178
170179
170180
170181
170183
170186
170187
170188
170189
170192
170193
170194
170195
170196
170197
170198
170199
170200
170201
170202
170203
170204
170206
170209
170210
170211
170212
170214
170215
170216
170220
170222
170223
170224
170225
170231
170233
170236
170237
170240
170245
170248
170249
170250
170251
170253
170257
170258
170260
170261
170262
170264
170267
170268
170270
170271
170273
170274
170276
170278
170280
170281
170282
170283
170284
170287
170289
170291
170292
170296
170297
170299
170303
170305
170308
170310
170311
170312
170313
170314
170315
170316
170317
170320
170321
170322
170328
170329
170330
170331
170333
170334
170335
170336
170337
170338
170339
170340
170341
170343
170345
170346
170348
170349
170350
170352
170353
170355
170356
170357
170358
170359
170360
170361
170365
170366
170367
170370
170371
170372
170374
170375
170377
170379
170380
170381
170382
170384
170385
170386
170387
170388
170389
170393
170394
170395
170396
170397
170398
170399
170401
170402
170403
170404
170407
170408
170409
170410
170414
170416
170417
170418
170419
170420
170421
170422
170425
170426
170427
170428
170430
170431
170432
170433
170435
170436
170437
170438
170440
170441
170442
170443
170445
170447
170448
170449
170451
170452
170453
170454
170455
170457
170459
170460
170463
170464
170466
170468
170470
170471
170472
170474
170476
170477
170478
170479
170481
170482
170483
170484
170486
170490
170491
170492
170493
170494
170496
170497
170498
170499
170500
170501
170503
170504
170506
170507
170508
170510
170511
170512
170513
170514
170515
170516
170517
170518
170519
170520
170521
170523
170525
170526
170528
170529
170531
170532
170533
170534
170535
170536
170538
170539
170540
170543
170544
170545
170546
170548
170550
170551
170552
170554
170555
170556
170557
170558
170559
170560
170561
170565
170566
170568
170569
170570
170572
170573
170574
170576
170577
170578
170579
170580
170583
170584
170585
170586
170587
170589
170590
170592
170593
170595
170596
170598
170599
170600
170601
170602
170603
170604
170605
170606
170607
170608
170611
170612
170613
170614
170615
170617
170618
170620
170621
170624
170625
170626
170627
170628
170629
170630
170631
170632
170633
170635
170636
170637
170639
170641
170643
170645
170646
170647
170649
170650
170651
170652
170653
170654
170655
170657
170658
170659
170663
170664
170667
170668
170669
170670
170671
170673
170674
170675
170676
170677
170678
170679
170680
170681
170683
170684
170685
170686
170688
170689
170690
170691
170692
170693
170695
170696
170697
170699
170702
170703
170704
170708
170709
170710
170712
170713
170715
170716
170717
170718
170721
170723
170724
170726
170727
170728
170729
170731
170732
170733
170734
170735
170736
170737
170738
170739
170741
170742
170744
170745
170746
170747
170749
170750
170754
170755
170760
170762
170763
170764
170766
170768
170769
170770
170771
170773
170774
170775
170776
170778
170779
170780
170781
170783
170784
170785
170786
170787
170788
170789
170790
170791
170792
170794
170795
170796
170797
170798
170799
170800
170803
170804
170806
170807
170809
170810
170813
170814
170815
170816
170817
170818
170819
170821
170822
170824
170825
170826
170827
170828
170830
170831
170832
170833
170834
170835
170836
170837
170838
170839
170840
170841
170842
170843
170844
170845
170846
170847
170848
170849
170851
170852
170853
170854
170855
170857
170858
170860
170861
170862
170863
170865
170866
170868
170869
170870
170871
170872
170873
170874
170875
170876
170877
170878
170879
170880
170881
170882
170884
170890
170892
170893
170894
170895
170897
170898
170899
170900
170902
170904
170905
170906
170907
170909
170910
170911
170912
170913
170914
170915
170917
170918
170919
170920
170921
170922
170923
170924
170925
170927
170928
170930
170932
170934
170935
170936
170937
170938
170939
170940
170941
170942
170943
170944
170945
170946
170947
170948
170949
170951
170953
170957
170958
170959
170964
170965
170967
170968
170973
170977
170979
170980
170987
170988
170989
170990
170991
170992
170993
170994
170995
170996
170998
170999
171001
171002
171003
171004
171005
171006
171007
171008
171009
171012
171013
171014
171015
171019
171020
171023
171024
171025
171026
171028
171030
171031
171032
171033
171035
171036
171037
171039
171040
171041
171042
171043
171044
171045
171046
171047
171048
171049
171050
171051
171052
171053
171054
171055
171058
171059
171063
171064
171065
171066
171068
171074
171075
171076
171077
171078
171081
171082
171083
171084
171085
171086
171088
171089
171090
171091
171092
171093
171094
171095
171097
171098
171099
171100
171101
171102
171103
171105
171106
171107
171108
171109
171110
171111
171114
171115
171116
171117
171119
171121
171122
171123
171124
171126
171127
171128
171129
171130
171132
171133
171134
171136
171137
171140
171141
171142
171143
171144
171146
171147
171149
171150
171151
171152
171154
171156
171157
171158
171159
171160
171163
171164
171166
171167
171168
171169
171170
171171
171172
171174
171175
171179
171184
171185
171186
171187
171188
171190
171191
171192
171193
171194
171196
171197
171198
171200
171201
171202
171203
171204
171205
171206
171207
171208
171210
171211
171213
171215
171216
171217
171218
171221
171222
171223
171225
171226
171229
171231
171232
171233
171234
171236
171240
171241
171242
171243
171246
171247
171248
171249
171254
171255
171256
171258
171259
171260
171261
171263
171264
171265
171266
171267
171268
171269
171270
171271
171272
171273
171274
171275
171276
171277
171278
171279
171281
171282
171283
171284
171286
171287
171288
171289
171290
171291
171292
171293
171295
171296
171297
171298
171299
171301
171302
171305
171306
171307
171308
171309
171310
171311
171314
171317
171319
171320
171322
171324
171325
171326
171327
171328
171329
171332
171333
171334
171336
171339
171340
171342
171343
171345
171346
171347
171348
171349
171350
171351
171352
171356
171357
171360
171362
171364
171365
171366
171367
171368
171369
171370
171371
171373
171374
171375
171380
171382
171384
171385
171386
171389
171390
171392
171393
171394
171395
171396
171398
171399
171400
171401
171402
171403
171405
171406
171408
171410
171412
171413
171414
171415
171416
171418
171419
171420
171421
171422
171423
171426
171427
171429
171430
171431
171432
171435
171436
171437
171438
171440
171441
171442
171443
171444
171446
171447
171448
171450
171451
171452
171454
171455
171456
171457
171459
171460
171461
171462
171463
171464
171465
171466
171467
171470
171471
171472
171473
171475
171476
171478
171479
171480
171481
171482
171484
171485
171487
171488
171489
171491
171492
171493
171494
171495
171498
171499
171501
171502
171505
171506
171507
171508
171510
171511
171515
171516
171517
171518
171519
171520
171523
171524
171525
171527
171529
171530
171531
171532
171533
171534
171535
171536
171537
171538
171540
171542
171543
171544
171545
171546
171547
171549
171550
171551
171553
171554
171555
171556
171557
171558
171559
171560
171563
171565
171566
171567
171568
171569
171570
171571
171573
171574
171575
171578
171579
171581
171582
171584
171585
171586
171587
171590
171591
171592
171593
171595
171598
171603
171604
171606
171607
171608
171611
171613
171615
171616
171617
171618
171619
171622
171623
171624
171625
171627
171629
171630
171631
171632
171633
171634
171635
171636
171637
171638
171640
171643
171645
171647
171648
171649
171650
171651
171652
171653
171656
171657
171658
171659
171660
171661
171662
171663
171664
171665
171666
171667
171668
171670
171672
171673
171674
171675
171676
171678
171679
171680
171681
171682
171683
171684
171685
171686
171687
171688
171689
171690
171691
171692
171693
171694
171695
171696
171697
171698
171699
171701
171702
171703
171705
171706
171707
171708
171709
171710
171711
171712
171713
171714
171715
171716
171717
171718
171719
171720
171721
171722
171723
171724
171726
171727
171728
171729
171731
171732
171734
171735
171736
171737
171738
171739
171740
171741
171742
171743
171744
171746
171748
171749
171755
171756
171757
171758
171761
171762
171764
171765
171766
171767
171768
171769
171771
171772
171773
171774
171775
171776
171777
171778
171779
171780
171781
171782
171783
171786
171787
171788
171789
171790
171791
171792
171794
171795
171796
171797
171798
171799
171801
171802
171804
171805
171806
171807
171808
171809
171811
171815
171816
171817
171820
171822
171823
171826
171827
171829
171830
171831
171832
171833
171834
171835
171837
171838
171840
171841
171842
171843
171845
171846
171848
171849
171850
171851
171852
171854
171856
171857
171858
171859
171860
171861
171862
171863
171864
171865
171866
171867
171868
171869
171870
171872
171873
171874
171875
171878
171879
171880
171881
171883
171884
171885
171887
171888
171891
171893
171894
171895
171897
171898
171899
171900
171901
171902
171903
171904
171905
171907
171908
171909
171910
171911
171912
171913
171914
171915
171917
171919
171920
171921
171922
171923
171925
171927
171928
171929
171930
171931
171932
171934
171935
171937
171938
171939
171940
171941
171942
171943
171946
171950
171953
171954
171955
171957
171959
171961
171962
171964
171965
171967
171968
171969
171970
171972
171975
171977
171979
171980
171981
171983
171987
171988
171990
171992
171993
171994
171995
171996
171999
172003
172004
172006
172007
172009
172012
172013
172014
172016
172018
172021
172022
172023
172024
172025
172026
172027
172028
172029
172030
172031
172032
172035
172037
172038
172039
172040
172041
172042
172045
172048
172049
172050
172051
172052
172053
172054
172055
172056
172057
172058
172059
172060
172062
172063
172064
172066
172067
172068
172069
172071
172072
172076
172077
172078
172079
172080
172081
172082
172083
172085
172086
172088
172089
172091
172093
172094
172095
172096
172097
172098
172099
172100
172101
172102
172103
172104
172105
172106
172109
172110
172111
172112
172114
172115
172116
172117
172118
172119
172120
172122
172123
172124
172125
172126
172127
172129
172130
172131
172132
172133
172134
172135
172137
172139
172141
172142
172143
172144
172145
172146
172149
172150
172151
172152
172153
172154
172155
172156
172157
172158
172159
172160
172162
172163
172164
172166
172167
172169
172171
172173
172175
172177
172178
172180
172181
172182
172183
172184
172185
172186
172187
172188
172189
172190
172191
172192
172193
172194
172195
172196
172197
172198
172200
172201
172202
172203
172204
172205
172206
172207
172208
172209
172210
172211
172212
172213
172214
172215
172216
172217
172219
172220
172221
172222
172224
172225
172226
172227
172228
172230
172237
172238
172239
172240
172241
172242
172243
172245
172246
172247
172248
172250
172251
172252
172253
172254
172256
172257
172259
172260
172261
172263
172266
172268
172269
172271
172272
172273
172274
172275
172277
172278
172279
172282
172283
172284
172286
172289
172290
172291
172292
172295
172297
172298
172300
172301
172303
172307
172308
172309
172310
172314
172315
172316
172317
172318
172319
172320
172322
172323
172324
172325
172326
172327
172328
172330
172331
172332
172334
172336
172338
172340
172341
172342
172343
172345
172346
172347
172348
172351
172352
172353
172354
172355
172356
172357
172359
172361
172362
172364
172365
172366
172367
172368
172370
172371
172372
172373
172374
172376
172377
172378
172379
172380
172381
172382
172383
172385
172386
172387
172388
172389
172390
172391
172393
172394
172396
172397
172398
172399
172402
172403
172405
172406
172407
172408
172411
172412
172414
172415
172416
172417
172420
172422
172423
172424
172426
172427
172428
172429
172431
172433
172434
172435
172436
172437
172438
172441
172443
172445
172447
172452
172453
172454
172455
172457
172458
172460
172464
172467
172468
172469
172470
172472
172473
172474
172476
172481
172482
172483
172484
172486
172487
172489
172490
172491
172492
172493
172496
172497
172498
172499
172501
172503
172504
172505
172506
172508
172509
172510
172511
172512
172513
172515
172517
172518
172520
172521
172523
172525
172526
172527
172528
172529
172530
172531
172532
172534
172535
172536
172537
172540
172541
172542
172543
172544
172546
172547
172548
172549
172550
172551
172552
172556
172559
172560
172562
172563
172565
172566
172567
172568
172571
172572
172574
172575
172576
172577
172578
172579
172580
172581
172583
172584
172586
172589
172590
172592
172593
172596
172597
172598
172599
172600
172601
172602
172603
172604
172605
172607
172609
172610
172612
172613
172614
172615
172616
172617
172618
172619
172620
172622
172623
172625
172627
172628
172629
172630
172631
172632
172633
172634
172635
172637
172638
172639
172640
172641
172642
172643
172644
172645
172646
172647
172650
172651
172652
172654
172656
172657
172659
172660
172661
172662
172664
172666
172667
172669
172671
172672
172674
172675
172676
172679
172681
172682
172683
172684
172685
172686
172688
172689
172690
172691
172692
172693
172694
172695
172696
172697
172698
172699
172700
172701
172703
172704
172709
172711
172712
172713
172714
172715
172719
172721
172723
172725
172726
172727
172728
172729
172730
172731
172734
172735
172736
172737
172738
172739
172741
172742
172744
172745
172748
172749
172750
172751
172752
172755
172756
172757
172758
172761
172762
172763
172764
172765
172766
172767
172768
172769
172770
172771
172772
172773
172775
172777
172778
172780
172784
172785
172786
172789
172790
172791
172792
172793
172794
172795
172796
172797
172798
172800
172801
172802
172804
172805
172807
172808
172809
172810
172811
172813
172814
172815
172816
172818
172823
172825
172826
172827
172828
172829
172831
172832
172833
172836
172837
172838
172840
172841
172842
172843
172844
172845
172846
172847
172849
172850
172851
172852
172853
172854
172855
172856
172858
172859
172860
172861
172862
172863
172864
172865
172867
172868
172871
172872
172873
172874
172876
172877
172878
172879
172881
172882
172883
172884
172885
172886
172887
172888
172889
172890
172891
172893
172894
172895
172896
172897
172898
172899
172900
172901
172903
172904
172905
172906
172908
172909
172911
172912
172913
172914
172915
172916
172918
172919
172920
172921
172922
172923
172928
172929
172930
172931
172932
172933
172934
172936
172937
172939
172943
172944
172945
172946
172947
172948
172952
172954
172955
172956
172957
172958
172959
172960
172961
172963
172965
172966
172970
172971
172972
172975
172977
172978
172979
172980
172981
172982
172983
172984
172986
172987
172988
172989
172990
172992
172993
172995
172996
172998
173000
173001
173002
173003
173004
173005
173006
173007
173008
173009
173011
173012
173013
173014
173016
173022
173025
173027
173028
173029
173030
173031
173032
173034
173035
173037
173039
173040
173041
173042
173043
173045
173046
173047
173048
173049
173051
173053
173054
173055
173056
173058
173059
173061
173063
173064
173065
173066
173067
173069
173070
173071
173072
173073
173074
173075
173077
173078
173079
173080
173081
173082
173087
173089
173090
173092
173093
173095
173096
173097
173098
173099
173100
173101
173102
173103
173104
173108
173109
173110
173111
173112
173113
173114
173115
173116
173118
173119
173120
173121
173122
173123
173124
173125
173126
173127
173128
173129
173131
173132
173133
173136
173137
173138
173140
173144
173145
173147
173148
173150
173152
173153
173156
173157
173158
173159
173160
173161
173162
173163
173165
173167
173168
173169
173170
173171
173173
173174
173176
173177
173178
173179
173180
173181
173182
173183
173184
173186
173187
173188
173189
173190
173191
173192
173193
173194
173197
173199
173202
173205
173206
173207
173209
173210
173211
173213
173214
173215
173216
173217
173219
173220
173221
173222
173223
173224
173225
173227
173228
173230
173233
173235
173237
173238
173240
173241
173242
173243
173244
173245
173246
173247
173250
173251
173256
173258
173260
173261
173262
173265
173267
173268
173270
173271
173272
173273
173277
173278
173279
173281
173282
173283
173284
173285
173287
173288
173289
173290
173291
173292
173293
173294
173296
173299
173304
173306
173307
173308
173309
173310
173311
173313
173314
173315
173318
173319
173320
173321
173322
173326
173331
173332
173333
173334
173335
173336
173337
173339
173340
173342
173343
173345
173347
173348
173349
173351
173353
173355
173356
173357
173358
173359
173365
173367
173369
173371
173372
173375
173376
173379
173380
173381
173382
173383
173384
173385
173386
173391
173392
173393
173394
173396
173397
173398
173400
173401
173402
173403
173404
173406
173407
173408
173410
173411
173412
173413
173415
173416
173417
173419
173420
173421
173422
173423
173425
173428
173429
173430
173433
173436
173438
173439
173440
173441
173442
173444
173445
173446
173447
173448
173449
173450
173451
173452
173453
173454
173455
173456
173457
173458
173459
173460
173461
173464
173465
173466
173467
173468
173469
173470
173471
173472
173473
173474
173476
173479
173480
173481
173483
173484
173485
173486
173487
173488
173489
173490
173491
173492
173493
173494
173495
173496
173497
173498
173499
173501
173502
173503
173505
173506
173507
173508
173509
173510
173511
173512
173513
173514
173515
173516
173517
173518
173519
173520
173521
173522
173523
173524
173525
173526
173527
173528
173529
173530
173531
173532
173533
173534
173535
173536
173537
173538
173539
173541
173543
173544
173545
173546
173547
173548
173549
173551
173552
173553
173554
173555
173556
173557
173559
173560
173562
173563
173564
173565
173566
173567
173568
173569
173571
173572
173573
173574
173575
173576
173578
173580
173582
173584
173585
173586
173587
173588
173589
173590
173591
173592
173593
173594
173595
173596
173597
173598
173599
173600
173601
173603
173604
173606
173607
173608
173610
173611
173612
173613
173614
173615
173616
173617
173618
173619
173621
173622
173623
173624
173629
173630
173631
173632
173634
173635
173636
173638
173639
173640
173642
173644
173645
173646
173647
173648
173650
173653
173654
173658
173659
173660
173661
173668
173669
173671
173672
173673
173674
173675
173676
173678
173679
173682
173683
173684
173685
173687
173688
173690
173693
173694
173697
173698
173699
173700
173702
173703
173704
173708
173709
173710
173711
173712
173713
173714
173716
173717
173718
173719
173720
173723
173724
173725
173727
173728
173730
173731
173733
173734
173736
173737
173738
173739
173740
173741
173742
173743
173744
173745
173746
173747
173748
173749
173750
173754
173755
173759
173761
173762
173764
173765
173769
173771
173772
173776
173779
173780
173781
173783
173787
173790
173791
173792
173793
173794
173795
173797
173798
173800
173803
173805
173808
173809
173811
173812
173814
173816
173818
173819
173820
173821
173822
173823
173825
173826
173827
173828
173829
173830
173831
173832
173833
173834
173835
173836
173837
173838
173839
173841
173843
173844
173847
173848
173850
173851
173853
173856
173858
173859
173860
173862
173863
173864
173865
173867
173868
173870
173872
173873
173874
173875
173876
173877
173878
173881
173882
173883
173886
173887
173888
173891
173893
173895
173896
173897
173898
173899
173902
173903
173904
173907
173908
173909
173910
173912
173916
173918
173919
173920
173921
173922
173923
173925
173926
173928
173929
173930
173931
173933
173935
173936
173937
173940
173941
173942
173943
173945
173946
173947
173948
173949
173950
173951
173952
173953
173954
173956
173957
173958
173959
173961
173962
173963
173964
173965
173966
173968
173969
173970
173971
173972
173974
173975
173976
173977
173978
173979
173980
173983
173984
173985
173988
173990
173992
173993
173994
173996
173998
173999
174000
174002
174003
174004
174005
174006
174007
174009
174010
174011
174013
174014
174015
174016
174017
174018
174019
174020
174022
174023
174024
174025
174026
174027
174029
174030
174031
174032
174033
174034
174036
174037
174039
174041
174042
174043
174044
174046
174047
174048
174049
174052
174053
174054
174055
174056
174058
174059
174060
174061
174063
174064
174066
174067
174069
174071
174073
174074
174075
174076
174077
174078
174080
174081
174082
174084
174085
174086
174087
174088
174089
174090
174091
174092
174093
174094
174095
174096
174097
174099
174100
174101
174102
174103
174104
174105
174106
174107
174109
174112
174113
174114
174115
174116
174117
174119
174120
174121
174122
174124
174125
174127
174128
174129
174130
174131
174132
174137
174138
174139
174140
174141
174143
174144
174146
174147
174148
174149
174150
174152
174153
174155
174157
174158
174160
174161
174162
174164
174165
174166
174168
174169
174172
174173
174174
174177
174178
174179
174180
174181
174182
174183
174184
174185
174186
174187
174188
174189
174191
174192
174193
174194
174195
174196
174198
174199
174200
174201
174202
174203
174204
174205
174206
174208
174209
174210
174211
174212
174213
174215
174216
174218
174219
174220
174221
174222
174223
174224
174226
174227
174228
174229
174230
174231
174232
174233
174236
174237
174239
174241
174242
174243
174244
174245
174247
174249
174250
174251
174252
174253
174255
174256
174257
174258
174260
174261
174262
174264
174267
174268
174269
174270
174271
174273
174274
174275
174276
174278
174279
174280
174281
174282
174283
174284
174286
174288
174289
174291
174292
174293
174294
174295
174296
174297
174299
174300
174301
174303
174304
174305
174306
174307
174308
174309
174310
174311
174312
174313
174314
174316
174318
174319
174320
174322
174323
174324
174325
174326
174328
174329
174330
174331
174332
174334
174336
174337
174338
174340
174341
174342
174343
174344
174345
174347
174349
174350
174351
174353
174354
174355
174357
174358
174360
174361
174364
174365
174366
174367
174369
174370
174372
174373
174374
174375
174379
174381
174382
174383
174385
174386
174387
174388
174389
174390
174391
174392
174393
174394
174395
174396
174398
174399
174400
174401
174402
174403
174404
174405
174406
174407
174409
174410
174411
174412
174413
174414
174415
174416
174417
174419
174420
174421
174422
174424
174425
174426
174428
174429
174430
174431
174432
174433
174434
174435
174437
174438
174439
174440
174443
174446
174447
174448
174449
174450
174451
174452
174453
174454
174455
174456
174457
174459
174460
174463
174464
174465
174466
174467
174468
174469
174474
174475
174476
174477
174478
174480
174481
174482
174483
174484
174485
174486
174489
174490
174493
174494
174495
174496
174497
174498
174499
174500
174502
174503
174504
174505
174507
174508
174510
174513
174514
174515
174516
174517
174518
174519
174520
174521
174522
174523
174525
174526
174527
174528
174529
174530
174531
174533
174535
174536
174537
174538
174539
174540
174542
174543
174544
174545
174546
174547
174548
174550
174551
174552
174553
174554
174555
174556
174557
174559
174560
174561
174562
174563
174564
174566
174569
174570
174571
174572
174573
174574
174575
174576
174577
174578
174579
174580
174582
174583
174584
174586
174588
174589
174590
174591
174592
174593
174594
174595
174596
174598
174601
174602
174603
174604
174605
174606
174607
174608
174609
174610
174611
174612
174613
174614
174615
174616
174618
174620
174621
174622
174623
174624
174625
174626
174627
174628
174629
174631
174632
174634
174637
174638
174639
174641
174643
174647
174650
174653
174654
174656
174657
174658
174659
174661
174663
174665
174666
174668
174669
174670
174672
174674
174675
174676
174677
174678
174680
174681
174682
174683
174684
174685
174686
174687
174689
174691
174692
174693
174695
174696
174697
174698
174699
174700
174701
174702
174703
174704
174705
174706
174707
174708
174709
174710
174711
174712
174713
174714
174715
174717
174718
174719
174721
174723
174724
174726
174729
174730
174731
174732
174733
174734
174736
174737
174738
174741
174742
174743
174744
174745
174746
174747
174748
174749
174750
174751
174752
174753
174754
174755
174756
174757
174758
174760
174761
174762
174764
174765
174766
174768
174769
174770
174771
174772
174773
174774
174775
174776
174777
174778
174779
174781
174783
174785
174786
174787
174788
174790
174791
174793
174794
174795
174796
174797
174798
174799
174801
174803
174804
174805
174808
174809
174810
174811
174812
174813
174814
174815
174816
174817
174818
174819
174823
174824
174826
174827
174828
174829
174830
174831
174832
174834
174835
174836
174838
174839
174840
174843
174844
174845
174846
174849
174851
174853
174855
174856
174858
174859
174860
174861
174862
174865
174866
174868
174869
174873
174875
174876
174878
174879
174880
174882
174883
174884
174885
174886
174887
174888
174889
174890
174891
174892
174893
174894
174895
174897
174898
174899
174900
174901
174902
174904
174905
174906
174908
174909
174910
174911
174912
174913
174914
174915
174916
174917
174918
174919
174920
174921
174922
174923
174924
174925
174926
174927
174928
174929
174930
174931
174932
174933
174934
174935
174936
174937
174938
174939
174940
174941
174942
174943
174945
174946
174947
174948
174949
174950
174951
174953
174954
174955
174956
174957
174958
174959
174960
174961
174963
174964
174965
174966
174967
174968
174969
174971
174972
174973
174976
174977
174978
174979
174980
174981
174982
174983
174984
174985
174986
174987
174988
174990
174991
174993
174994
174995
174996
174997
174999
175004
175005
175006
175007
175008
175009
175010
175011
175012
175014
175015
175017
175018
175021
175023
175024
175026
175027
175028
175029
175030
175031
175032
175033
175034
175035
175036
175037
175039
175040
175041
175042
175043
175045
175046
175047
175049
175050
175051
175053
175054
175055
175056
175057
175058
175059
175060
175062
175064
175065
175067
175069
175070
175072
175073
175074
175077
175079
175082
175084
175085
175086
175088
175090
175091
175092
175094
175095
175096
175097
175099
175100
175102
175103
175104
175106
175107
175108
175109
175110
175111
175112
175115
175120
175123
175125
175126
175127
175128
175130
175131
175132
175133
175134
175135
175136
175137
175138
175139
175140
175141
175142
175143
175144
175145
175146
175148
175149
175151
175153
175156
175157
175158
175159
175160
175162
175164
175165
175166
175167
175168
175169
175170
175171
175172
175173
175175
175178
175180
175181
175182
175183
175184
175185
175186
175187
175191
175192
175193
175194
175196
175197
175198
175199
175201
175202
175205
175208
175209
175210
175211
175212
175213
175214
175215
175216
175217
175218
175219
175220
175221
175222
175224
175225
175226
175227
175228
175229
175230
175231
175232
175233
175234
175235
175236
175237
175239
175240
175241
175242
175243
175244
175245
175247
175248
175249
175252
175253
175254
175256
175257
175260
175262
175263
175264
175265
175266
175267
175268
175271
175272
175273
175274
175275
175276
175277
175278
175279
175282
175283
175284
175285
175287
175289
175291
175294
175295
175296
175297
175298
175299
175301
175302
175303
175304
175305
175307
175310
175311
175312
175313
175314
175315
175316
175318
175319
175323
175324
175325
175326
175327
175328
175329
175330
175331
175332
175334
175336
175337
175338
175339
175340
175342
175343
175344
175345
175348
175349
175350
175351
175352
175353
175354
175355
175356
175357
175359
175360
175362
175364
175366
175368
175369
175370
175372
175374
175375
175376
175377
175378
175379
175380
175381
175383
175385
175386
175387
175388
175390
175391
175392
175393
175394
175395
175396
175397
175398
175401
175403
175404
175406
175407
175408
175409
175410
175411
175414
175416
175417
175420
175422
175425
175427
175428
175429
175432
175433
175434
175435
175436
175438
175439
175440
175441
175442
175444
175445
175446
175448
175449
175450
175452
175455
175456
175457
175459
175460
175461
175463
175464
175465
175466
175467
175468
175469
175470
175472
175473
175475
175476
175478
175480
175481
175482
175483
175485
175486
175487
175488
175490
175492
175493
175494
175499
175500
175501
175502
175504
175505
175507
175509
175510
175511
175515
175516
175519
175521
175522
175525
175526
175527
175529
175530
175531
175533
175534
175536
175540
175541
175543
175545
175546
175547
175548
175549
175550
175551
175552
175553
175554
175557
175558
175560
175562
175563
175564
175565
175566
175567
175569
175571
175572
175573
175574
175575
175577
175579
175580
175581
175584
175585
175586
175587
175588
175589
175590
175591
175593
175594
175595
175596
175597
175599
175600
175601
175602
175604
175606
175607
175610
175611
175613
175616
175617
175618
175619
175620
175621
175624
175625
175626
175628
175629
175630
175631
175632
175633
175634
175635
175636
175637
175638
175639
175641
175642
175644
175645
175646
175647
175648
175649
175650
175651
175653
175654
175655
175656
175659
175663
175664
175665
175666
175667
175669
175670
175671
175672
175673
175674
175675
175677
175678
175679
175680
175681
175682
175684
175685
175687
175688
175693
175694
175697
175698
175701
175703
175705
175708
175709
175710
175711
175712
175713
175714
175716
175719
175720
175721
175722
175723
175724
175725
175728
175730
175731
175732
175733
175734
175735
175736
175738
175739
175742
175743
175744
175746
175747
175748
175751
175752
175753
175754
175755
175756
175757
175760
175761
175762
175763
175765
175766
175768
175769
175770
175771
175772
175773
175774
175775
175777
175778
175780
175782
175783
175784
175785
175790
175791
175792
175793
175794
175795
175796
175797
175798
175800
175801
175803
175804
175805
175806
175807
175808
175809
175810
175811
175812
175815
175816
175817
175820
175821
175822
175823
175824
175826
175827
175828
175829
175830
175832
175833
175834
175836
175837
175838
175840
175841
175842
175847
175848
175850
175852
175853
175855
175860
175861
175862
175863
175864
175865
175866
175867
175868
175869
175870
175872
175873
175874
175875
175876
175879
175880
175882
175885
175886
175889
175891
175892
175895
175896
175898
175900
175903
175904
175905
175906
175907
175909
175910
175911
175912
175914
175915
175916
175918
175919
175920
175922
175923
175924
175925
175926
175927
175929
175930
175931
175933
175935
175937
175938
175939
175942
175945
175946
175947
175948
175949
175950
175951
175952
175953
175956
175957
175959
175960
175962
175963
175964
175965
175966
175968
175969
175970
175971
175972
175973
175974
175975
175976
175977
175978
175979
175982
175983
175984
175985
175987
175988
175990
175991
175992
175993
175995
175996
175997
175998
175999
176000
176002
176003
176005
176006
176007
176008
176009
176010
176011
176013
176014
176015
176016
176017
176018
176019
176020
176021
176022
176023
176024
176025
176026
176028
176029
176030
176031
176032
176033
176034
176035
176036
176038
176039
176041
176042
176043
176044
176046
176050
176051
176052
176056
176058
176059
176060
176061
176062
176063
176064
176065
176067
176068
176069
176070
176071
176072
176073
176074
176075
176077
176078
176079
176080
176081
176083
176084
176085
176086
176087
176088
176089
176090
176092
176093
176094
176095
176096
176097
176098
176099
176100
176101
176103
176104
176105
176106
176107
176108
176109
176110
176112
176113
176114
176115
176116
176117
176118
176120
176122
176124
176125
176126
176127
176128
176132
176133
176134
176137
176138
176139
176140
176141
176142
176146
176148
176149
176150
176151
176152
176153
176156
176158
176159
176160
176161
176162
176163
176164
176165
176166
176167
176168
176170
176171
176172
176174
176175
176177
176178
176179
176180
176181
176182
176183
176184
176185
176186
176187
176189
176190
176191
176192
176193
176194
176195
176197
176199
176200
176201
176202
176203
176204
176205
176207
176208
176209
176210
176211
176213
176214
176216
176217
176219
176220
176221
176224
176225
176226
176227
176228
176229
176230
176231
176232
176233
176234
176236
176237
176238
176239
176240
176241
176243
176245
176246
176247
176248
176249
176250
176251
176252
176253
176254
176256
176258
176259
176261
176262
176263
176264
176266
176267
176268
176269
176270
176273
176274
176275
176276
176277
176278
176279
176280
176281
176283
176284
176287
176288
176289
176290
176291
176293
176294
176295
176296
176297
176299
176300
176301
176302
176303
176304
176305
176306
176307
176308
176309
176311
176312
176314
176315
176316
176317
176318
176321
176322
176323
176324
176325
176327
176328
176329
176330
176331
176334
176335
176340
176341
176343
176345
176346
176347
176349
176350
176351
176352
176353
176354
176355
176356
176357
176358
176360
176361
176362
176363
176364
176365
176366
176367
176368
176372
176373
176374
176375
176376
176377
176378
176379
176381
176382
176383
176386
176387
176390
176392
176393
176395
176396
176399
176400
176401
176402
176403
176404
176406
176407
176408
176409
176410
176411
176413
176414
176416
176418
176419
176420
176422
176423
176424
176426
176427
176428
176429
176430
176431
176432
176433
176434
176435
176437
176439
176441
176443
176444
176446
176447
176449
176450
176452
176453
176454
176455
176456
176457
176458
176459
176460
176462
176463
176464
176466
176467
176469
176470
176473
176474
176475
176476
176478
176479
176480
176482
176483
176484
176485
176486
176487
176490
176493
176494
176495
176499
176500
176502
176503
176504
176506
176507
176508
176509
176511
176512
176513
176516
176518
176519
176520
176522
176523
176524
176525
176526
176527
176528
176529
176531
176532
176534
176535
176536
176538
176539
176540
176541
176542
176543
176545
176548
176549
176550
176552
176554
176557
176559
176560
176561
176563
176565
176567
176568
176569
176570
176571
176572
176573
176574
176575
176579
176581
176582
176584
176585
176586
176587
176588
176589
176591
176592
176593
176594
176595
176596
176597
176598
176599
176600
176603
176604
176605
176606
176607
176608
176610
176613
176614
176615
176616
176617
176618
176619
176620
176621
176622
176623
176624
176625
176626
176627
176628
176629
176630
176631
176632
176633
176634
176635
176636
176637
176638
176639
176641
176642
176643
176644
176645
176646
176647
176648
176650
176653
176654
176655
176656
176657
176658
176659
176662
176663
176664
176665
176669
176670
176671
176676
176678
176679
176680
176681
176685
176686
176687
176688
176689
176690
176691
176692
176693
176695
176696
176697
176698
176700
176701
176702
176703
176704
176705
176708
176709
176710
176711
176712
176713
176714
176716
176717
176718
176719
176721
176722
176725
176726
176727
176728
176729
176731
176732
176734
176735
176736
176737
176738
176739
176740
176741
176742
176743
176744
176745
176746
176747
176748
176749
176750
176751
176752
176754
176755
176756
176757
176758
176759
176760
176763
176766
176772
176773
176775
176777
176779
176781
176782
176783
176784
176786
176787
176788
176794
176795
176796
176797
176798
176799
176800
176801
176802
176803
176804
176805
176807
176808
176809
176810
176811
176812
176814
176815
176816
176818
176820
176821
176822
176823
176824
176826
176827
176828
176829
176831
176832
176836
176838
176839
176840
176841
176842
176844
176845
176846
176847
176848
176849
176850
176852
176853
176854
176855
176856
176858
176860
176862
176863
176864
176866
176867
176868
176869
176870
176872
176873
176874
176875
176876
176877
176878
176880
176881
176882
176883
176884
176885
176886
176888
176889
176890
176891
176892
176893
176894
176895
176896
176897
176898
176899
176901
176902
176903
176904
176906
176907
176908
176909
176910
176911
176912
176913
176914
176915
176916
176918
176919
176920
176921
176922
176923
176924
176925
176927
176929
176930
176931
176932
176933
176934
176935
176936
176937
176938
176939
176941
176942
176943
176944
176945
176946
176948
176949
176950
176953
176954
176955
176956
176957
176958
176959
176960
176961
176962
176963
176964
176965
176966
176969
176970
176971
176972
176973
176974
176975
176977
176978
176979
176980
176981
176982
176983
176984
176985
176986
176987
176988
176989
176991
176992
176994
176997
176998
176999
177000
177002
177004
177005
177006
177007
177008
177009
177010
177011
177012
177014
177015
177017
177018
177019
177020
177021
177022
177025
177026
177027
177028
177029
177030
177031
177033
177035
177036
177037
177039
177042
177043
177044
177045
177046
177047
177048
177050
177052
177053
177054
177055
177056
177057
177058
177060
177065
177066
177067
177069
177070
177071
177073
177074
177075
177076
177077
177078
177079
177080
177081
177082
177083
177084
177086
177088
177089
177090
177091
177093
177094
177095
177097
177099
177100
177101
177102
177103
177104
177105
177106
177107
177109
177110
177115
177116
177117
177119
177120
177121
177122
177123
177124
177125
177126
177127
177128
177129
177130
177131
177132
177133
177134
177135
177137
177138
177140
177141
177142
177143
177144
177145
177146
177147
177148
177149
177150
177151
177153
177154
177155
177156
177157
177159
177160
177161
177162
177163
177164
177165
177166
177167
177169
177171
177173
177174
177175
177176
177177
177178
177179
177180
177181
177183
177184
177185
177186
177187
177188
177189
177190
177191
177192
177193
177194
177195
177196
177200
177201
177202
177207
177208
177209
177210
177211
177212
177213
177214
177216
177217
177218
177220
177221
177222
177223
177224
177226
177227
177228
177229
177230
177231
177232
177233
177234
177235
177236
177237
177238
177239
177240
177242
177243
177244
177246
177247
177248
177250
177251
177252
177253
177254
177256
177257
177258
177259
177260
177261
177262
177263
177264
177265
177266
177267
177269
177270
177271
177272
177273
177274
177276
177278
177280
177281
177284
177285
177286
177288
177290
177292
177293
177294
177295
177296
177297
177298
177299
177300
177302
177304
177305
177306
177307
177308
177309
177310
177313
177314
177315
177316
177317
177318
177320
177321
177322
177323
177325
177327
177328
177329
177330
177332
177334
177335
177336
177337
177338
177339
177340
177342
177343
177344
177345
177347
177348
177349
177350
177351
177353
177354
177355
177356
177357
177358
177362
177363
177364
177365
177366
177367
177368
177369
177370
177371
177372
177375
177377
177378
177379
177381
177383
177384
177385
177387
177388
177389
177390
177395
177396
177397
177398
177399
177400
177401
177402
177404
177405
177408
177409
177410
177411
177412
177414
177415
177417
177418
177420
177422
177425
177426
177427
177428
177429
177430
177431
177432
177433
177434
177439
177440
177441
177442
177443
177444
177446
177447
177448
177449
177450
177451
177452
177453
177455
177456
177457
177459
177460
177461
177462
177463
177464
177465
177468
177469
177471
177472
177474
177475
177477
177478
177479
177480
177481
177483
177484
177485
177486
177487
177488
177489
177490
177491
177492
177493
177494
177495
177496
177497
177498
177499
177500
177501
177502
177503
177504
177505
177506
177508
177509
177512
177514
177515
177516
177517
177519
177520
177521
177522
177523
177524
177526
177527
177529
177531
177532
177534
177535
177537
177539
177541
177542
177543
177544
177546
177548
177549
177550
177551
177552
177553
177555
177556
177557
177558
177560
177563
177564
177565
177566
177567
177568
177569
177570
177571
177572
177573
177574
177575
177576
177577
177579
177581
177584
177586
177587
177589
177592
177593
177594
177595
177596
177597
177598
177600
177601
177602
177603
177604
177605
177606
177607
177608
177609
177610
177612
177613
177615
177617
177619
177621
177622
177623
177625
177626
177627
177628
177630
177631
177632
177634
177635
177636
177638
177639
177640
177642
177643
177644
177645
177646
177648
177653
177658
177659
177664
177665
177666
177667
177669
177670
177671
177673
177674
177675
177677
177678
177679
177680
177681
177682
177683
177684
177686
177687
177689
177691
177692
177693
177695
177696
177697
177698
177699
177701
177703
177704
177705
177706
177707
177708
177710
177711
177712
177713
177714
177715
177716
177717
177718
177719
177720
177721
177722
177723
177724
177725
177726
177728
177730
177731
177734
177735
177736
177737
177738
177740
177741
177742
177744
177745
177747
177748
177749
177750
177751
177752
177754
177756
177757
177758
177759
177763
177765
177767
177768
177769
177770
177771
177773
177776
177777
177779
177783
177786
177787
177788
177789
177793
177794
177795
177796
177797
177798
177801
177802
177803
177804
177805
177806
177808
177810
177812
177813
177815
177816
177817
177818
177819
177820
177823
177825
177827
177828
177830
177831
177832
177833
177834
177835
177839
177841
177842
177843
177844
177845
177846
177847
177848
177849
177850
177851
177852
177854
177855
177857
177859
177860
177862
177865
177867
177869
177870
177871
177872
177873
177874
177875
177876
177877
177878
177879
177880
177881
177882
177883
177884
177885
177886
177887
177888
177889
177890
177891
177892
177895
177896
177897
177898
177899
177900
177903
177904
177906
177907
177909
177910
177911
177912
177913
177914
177915
177916
177918
177920
177921
177924
177930
177931
177932
177934
177935
177936
177937
177938
177939
177941
177942
177944
177945
177946
177947
177949
177950
177952
177953
177955
177956
177957
177958
177959
177960
177961
177962
177963
177964
177965
177966
177968
177969
177970
177971
177972
177976
177978
177981
177982
177983
177984
177986
177987
177988
177990
177991
177993
177994
177996
177997
177998
178000
178003
178004
178005
178006
178007
178008
178009
178010
178011
178012
178015
178016
178017
178018
178020
178021
178022
178023
178024
178025
178026
178027
178028
178029
178030
178031
178032
178034
178035
178037
178038
178039
178040
178043
178044
178045
178046
178047
178049
178050
178051
178052
178053
178054
178055
178056
178057
178058
178059
178060
178062
178063
178064
178065
178066
178067
178068
178070
178071
178072
178074
178075
178076
178077
178079
178080
178081
178082
178086
178088
178090
178091
178092
178093
178095
178097
178098
178100
178104
178105
178106
178107
178109
178110
178111
178113
178115
178116
178117
178121
178122
178124
178125
178126
178129
178130
178131
178132
178134
178135
178136
178137
178140
178141
178142
178143
178145
178146
178147
178148
178149
178150
178151
178153
178154
178155
178160
178161
178162
178164
178169
178170
178172
178174
178175
178176
178179
178180
178181
178182
178184
178185
178187
178188
178191
178192
178193
178194
178195
178196
178198
178199
178200
178202
178203
178205
178207
178210
178212
178213
178214
178215
178216
178217
178218
178219
178220
178222
178224
178225
178227
178228
178230
178231
178232
178233
178234
178235
178237
178238
178242
178243
178244
178245
178246
178247
178248
178250
178251
178253
178254
178255
178257
178258
178259
178261
178262
178263
178264
178266
178267
178269
178271
178272
178273
178274
178275
178276
178277
178278
178279
178282
178283
178284
178285
178286
178287
178288
178290
178292
178294
178296
178297
178299
178300
178301
178302
178303
178305
178307
178308
178310
178311
178312
178313
178315
178316
178318
178319
178320
178321
178322
178324
178326
178328
178329
178330
178331
178333
178335
178336
178337
178338
178339
178342
178344
178345
178346
178347
178350
178352
178353
178356
178357
178358
178359
178360
178361
178364
178365
178367
178368
178369
178370
178372
178374
178375
178377
178379
178380
178381
178382
178384
178385
178386
178389
178390
178391
178392
178393
178394
178395
178396
178397
178399
178400
178401
178402
178404
178405
178406
178408
178410
178411
178413
178416
178417
178420
178423
178424
178425
178427
178428
178429
178432
178433
178434
178435
178436
178438
178439
178440
178442
178443
178444
178445
178446
178447
178448
178449
178451
178453
178454
178455
178456
178457
178458
178459
178460
178461
178462
178463
178464
178465
178466
178467
178468
178473
178475
178476
178477
178478
178479
178481
178482
178483
178484
178485
178487
178489
178491
178492
178494
178496
178497
178499
178500
178501
178502
178503
178504
178505
178506
178510
178511
178512
178513
178514
178515
178516
178517
178520
178521
178522
178523
178526
178528
178529
178530
178531
178532
178533
178534
178535
178537
178538
178539
178540
178542
178545
178548
178549
178550
178552
178553
178554
178558
178559
178561
178562
178564
178565
178566
178568
178570
178572
178573
178575
178578
178579
178581
178582
178583
178584
178585
178586
178587
178588
178593
178595
178596
178598
178599
178600
178602
178605
178606
178607
178608
178609
178612
178613
178614
178615
178616
178617
178623
178624
178625
178626
178628
178630
178631
178632
178633
178637
178638
178640
178642
178644
178645
178646
178647
178648
178650
178651
178652
178653
178654
178655
178657
178658
178659
178660
178661
178662
178663
178664
178665
178666
178667
178669
178670
178671
178675
178676
178677
178681
178682
178683
178684
178685
178686
178689
178690
178692
178693
178694
178695
178696
178701
178703
178704
178705
178706
178707
178710
178711
178712
178713
178716
178717
178718
178719
178721
178724
178726
178727
178728
178730
178731
178732
178736
178737
178739
178751
178753
178757
178758
178759
178760
178761
178762
178765
178766
178767
178768
178769
178771
178773
178774
178775
178776
178777
178778
178779
178780
178781
178783
178784
178785
178786
178787
178788
178789
178790
178791
178793
178794
178795
178796
178797
178799
178800
178802
178804
178805
178806
178807
178808
178809
178810
178811
178813
178814
178815
178817
178818
178821
178822
178823
178824
178825
178826
178827
178828
178831
178833
178834
178835
178836
178837
178839
178840
178842
178843
178845
178846
178847
178849
178851
178853
178854
178855
178856
178857
178858
178859
178860
178861
178862
178864
178865
178866
178867
178868
178869
178870
178872
178875
178876
178879
178880
178881
178883
178884
178886
178887
178888
178889
178890
178893
178894
178895
178896
178897
178899
178901
178902
178903
178905
178906
178909
178910
178911
178912
178913
178914
178915
178916
178917
178918
178919
178920
178922
178925
178927
178928
178929
178930
178931
178933
178936
178937
178938
178939
178940
178942
178943
178944
178946
178947
178948
178949
178951
178952
178953
178954
178956
178958
178959
178960
178961
178962
178963
178964
178965
178966
178967
178968
178969
178970
178971
178973
178974
178975
178976
178977
178978
178980
178981
178982
178983
178984
178987
178989
178991
178992
178993
178994
178999
179000
179001
179002
179003
179004
179005
179009
179010
179011
179012
179014
179015
179017
179018
179019
179020
179021
179022
179023
179025
179026
179027
179028
179029
179030
179031
179033
179034
179035
179036
179038
179039
179040
179041
179042
179043
179044
179045
179046
179047
179048
179050
179051
179052
179054
179056
179057
179058
179059
179060
179061
179064
179065
179066
179067
179068
179069
179070
179071
179072
179073
179074
179075
179076
179078
179079
179080
179081
179082
179083
179084
179085
179086
179087
179088
179089
179090
179091
179092
179093
179094
179096
179097
179098
179099
179100
179101
179102
179104
179105
179106
179108
179109
179110
179111
179112
179113
179114
179115
179117
179118
179119
179120
179121
179124
179125
179127
179130
179131
179134
179135
179136
179137
179139
179140
179141
179142
179143
179145
179150
179151
179152
179153
179154
179156
179158
179159
179161
179162
179163
179164
179165
179166
179167
179168
179169
179171
179172
179173
179174
179175
179176
179178
179180
179181
179182
179184
179185
179186
179187
179188
179189
179192
179193
179194
179196
179197
179198
179199
179200
179201
179202
179203
179204
179205
179206
179207
179208
179210
179211
179213
179214
179215
179216
179218
179219
179225
179226
179228
179229
179230
179231
179232
179235
179236
179237
179238
179239
179240
179243
179245
179246
179250
179251
179252
179253
179255
179260
179261
179262
179263
179264
179265
179266
179267
179268
179272
179275
179277
179278
179279
179282
179283
179285
179286
179287
179289
179290
179291
179292
179294
179295
179297
179298
179300
179302
179303
179305
179306
179307
179308
179309
179311
179312
179313
179316
179317
179318
179319
179321
179323
179324
179325
179326
179327
179329
179330
179331
179332
179333
179334
179335
179337
179338
179339
179342
179345
179347
179348
179349
179350
179351
179352
179353
179357
179358
179359
179361
179362
179364
179365
179366
179369
179370
179371
179372
179374
179375
179377
179378
179379
179380
179381
179382
179383
179386
179388
179389
179390
179391
179392
179394
179396
179397
179399
179400
179401
179402
179403
179404
179405
179407
179408
179410
179412
179413
179416
179417
179418
179419
179420
179422
179423
179424
179426
179427
179429
179430
179434
179435
179436
179437
179438
179439
179440
179441
179442
179443
179444
179445
179446
179447
179449
179451
179452
179453
179454
179458
179459
179460
179461
179463
179464
179465
179466
179468
179469
179470
179471
179472
179473
179481
179482
179483
179484
179485
179488
179490
179491
179493
179495
179496
179497
179501
179503
179505
179506
179508
179509
179510
179511
179512
179513
179514
179515
179516
179518
179519
179522
179523
179526
179530
179531
179532
179533
179534
179538
179539
179540
179541
179542
179543
179544
179545
179546
179547
179548
179549
179551
179552
179554
179555
179556
179557
179559
179560
179562
179563
179564
179565
179566
179567
179568
179569
179571
179572
179573
179574
179575
179576
179578
179579
179580
179581
179583
179584
179585
179586
179588
179589
179590
179591
179592
179593
179594
179595
179596
179597
179598
179599
179600
179601
179602
179603
179604
179605
179607
179608
179610
179612
179613
179614
179615
179616
179620
179621
179622
179623
179624
179625
179626
179627
179628
179629
179630
179633
179634
179635
179636
179637
179638
179639
179642
179643
179645
179646
179647
179648
179649
179650
179651
179653
179654
179655
179656
179657
179658
179659
179660
179662
179663
179666
179667
179668
179669
179671
179673
179674
179677
179678
179679
179680
179681
179682
179683
179684
179685
179687
179689
179692
179694
179697
179698
179699
179700
179702
179704
179705
179707
179708
179710
179711
179712
179713
179714
179715
179716
179719
179720
179721
179722
179723
179724
179729
179731
179732
179733
179734
179736
179737
179738
179740
179742
179743
179744
179746
179747
179748
179749
179750
179751
179753
179754
179755
179756
179758
179759
179760
179763
179765
179766
179767
179768
179769
179770
179771
179772
179773
179774
179776
179778
179780
179781
179782
179783
179784
179785
179787
179788
179789
179790
179791
179793
179794
179795
179798
179799
179801
179803
179804
179805
179807
179809
179810
179811
179812
179813
179814
179815
179816
179817
179818
179819
179821
179822
179823
179824
179825
179826
179827
179828
179830
179831
179832
179834
179835
179837
179838
179839
179840
179841
179842
179844
179845
179846
179847
179848
179849
179851
179852
179853
179854
179855
179858
179859
179860
179862
179863
179864
179865
179866
179867
179870
179873
179874
179876
179877
179878
179880
179881
179884
179885
179886
179887
179888
179889
179890
179891
179893
179894
179895
179896
179898
179899
179901
179903
179904
179905
179906
179907
179908
179909
179910
179911
179912
179913
179915
179916
179917
179918
179920
179921
179922
179924
179925
179928
179930
179931
179932
179933
179934
179935
179936
179938
179939
179940
179941
179942
179943
179945
179946
179947
179948
179949
179950
179951
179952
179953
179954
179956
179957
179958
179959
179960
179961
179962
179963
179964
179965
179966
179967
179968
179969
179970
179971
179972
179973
179975
179976
179977
179978
179979
179980
179981
179982
179983
179984
179986
179987
179988
179990
179992
179993
179994
179995
179996
179997
179998
179999
180000
180001
180002
180004
180005
180006
180007
180009
180011
180012
180013
180014
180016
180017
180018
180019
180020
180021
180022
180024
180025
180027
180028
180029
180030
180032
180033
180034
180035
180036
180037
180038
180039
180040
180041
180042
180043
180044
180045
180046
180047
180048
180052
180053
180054
180055
180056
180057
180058
180059
180064
180065
180066
180067
180069
180070
180071
180072
180075
180076
180077
180078
180079
180080
180081
180083
180084
180088
180089
180090
180091
180092
180095
180096
180097
180098
180100
180103
180104
180105
180106
180107
180111
180114
180115
180116
180117
180118
180119
180120
180121
180122
180123
180124
180125
180126
180127
180128
180129
180130
180131
180132
180133
180134
180135
180136
180137
180138
180139
180141
180144
180145
180147
180148
180149
180150
180151
180152
180153
180154
180157
180158
180159
180160
180161
180163
180164
180166
180167
180168
180171
180174
180175
180177
180179
180180
180181
180182
180184
180187
180188
180189
180190
180191
180192
180193
180194
180195
180196
180197
180198
180199
180200
180201
180202
180203
180204
180205
180206
180207
180208
180209
180210
180212
180213
180216
180217
180218
180219
180220
180221
180223
180224
180225
180226
180228
180229
180230
180232
180233
180234
180235
180236
180237
180238
180239
180240
180241
180242
180243
180244
180246
180247
180249
180250
180251
180252
180253
180254
180256
180257
180258
180259
180260
180261
180262
180263
180264
180266
180267
180269
180270
180271
180272
180275
180276
180277
180278
180279
180280
180281
180282
180283
180284
180285
180286
180288
180289
180290
180291
180293
180294
180295
180296
180297
180299
180300
180302
180304
180305
180306
180307
180308
180309
180310
180312
180314
180316
180317
180318
180319
180320
180321
180322
180323
180324
180326
180327
180328
180330
180331
180332
180333
180336
180338
180341
180343
180344
180345
180347
180348
180350
180352
180353
180355
180356
180357
180358
180359
180361
180362
180363
180364
180365
180366
180367
180369
180370
180371
180372
180373
180375
180376
180377
180378
180380
180383
180384
180385
180386
180387
180388
180389
180390
180394
180395
180399
180400
180401
180402
180403
180406
180409
180411
180413
180414
180415
180416
180417
180418
180419
180420
180421
180423
180424
180425
180427
180430
180431
180432
180433
180435
180436
180437
180438
180439
180441
180443
180444
180446
180447
180450
180451
180453
180454
180455
180456
180457
180461
180462
180463
180464
180465
180467
180469
180470
180471
180472
180473
180474
180475
180477
180478
180479
180480
180481
180482
180484
180487
180493
180495
180496
180497
180498
180499
180500
180501
180503
180504
180505
180506
180509
180510
180511
180512
180514
180515
180516
180517
180518
180520
180521
180522
180523
180524
180525
180526
180527
180529
180530
180531
180532
180533
180535
180536
180538
180540
180541
180542
180543
180545
180546
180548
180551
180552
180553
180554
180555
180556
180557
180558
180559
180560
180561
180562
180566
180567
180568
180569
180571
180573
180574
180575
180576
180577
180578
180580
180581
180583
180584
180585
180586
180587
180588
180589
180590
180591
180592
180596
180597
180600
180601
180602
180603
180604
180606
180607
180608
180609
180610
180611
180612
180613
180614
180615
180616
180617
180618
180619
180620
180621
180622
180623
180624
180625
180627
180628
180629
180630
180633
180634
180635
180636
180637
180638
180639
180640
180641
180642
180643
180645
180646
180649
180650
180651
180653
180654
180655
180656
180659
180661
180662
180664
180665
180666
180667
180668
180669
180671
180672
180673
180676
180677
180678
180679
180680
180681
180682
180683
180684
180686
180687
180689
180691
180693
180694
180695
180696
180697
180699
180700
180701
180702
180705
180706
180707
180708
180709
180710
180714
180715
180717
180718
180720
180721
180722
180723
180724
180725
180726
180728
180729
180732
180733
180734
180735
180736
180737
180738
180739
180740
180741
180742
180743
180744
180745
180747
180749
180750
180751
180752
180753
180755
180757
180759
180760
180761
180763
180764
180765
180766
180767
180769
180771
180772
180775
180777
180778
180779
180781
180783
180784
180785
180788
180789
180791
180794
180796
180797
180798
180799
180800
180801
180802
180803
180804
180805
180806
180807
180808
180809
180810
180811
180812
180813
180814
180815
180816
180817
180818
180819
180820
180822
180823
180824
180826
180827
180828
180829
180830
180833
180834
180835
180836
180837
180838
180839
180840
180841
180842
180843
180844
180845
180846
180848
180850
180851
180852
180853
180854
180855
180856
180857
180858
180859
180860
180863
180864
180865
180866
180867
180868
180869
180872
180873
180875
180876
180877
180878
180880
180881
180882
180883
180884
180885
180886
180888
180889
180890
180892
180895
180896
180897
180898
180899
180901
180902
180903
180904
180905
180906
180907
180908
180909
180910
180911
180912
180913
180914
180915
180916
180917
180919
180920
180923
180924
180925
180926
180927
180928
180929
180930
180931
180932
180933
180934
180935
180936
180937
180938
180939
180940
180941
180942
180943
180944
180945
180946
180948
180949
180950
180952
180953
180954
180955
180959
180960
180961
180963
180966
180970
180971
180972
180973
180974
180976
180978
180979
180980
180981
180982
180983
180984
180986
180987
180988
180989
180990
180992
180993
180996
180997
180998
180999
181000
181002
181003
181005
181006
181008
181009
181010
181015
181017
181018
181021
181022
181023
181024
181025
181027
181028
181031
181035
181036
181037
181038
181039
181040
181041
181042
181043
181044
181046
181047
181048
181049
181050
181051
181053
181054
181057
181058
181059
181060
181061
181062
181064
181066
181067
181069
181070
181072
181073
181074
181075
181077
181079
181080
181081
181082
181083
181085
181086
181087
181088
181090
181092
181095
181096
181098
181099
181103
181106
181109
181110
181111
181112
181114
181115
181117
181119
181120
181121
181122
181124
181125
181126
181127
181130
181131
181132
181133
181136
181137
181138
181139
181140
181141
181142
181146
181148
181149
181150
181152
181153
181155
181156
181157
181159
181161
181164
181165
181166
181167
181168
181169
181170
181172
181173
181175
181176
181177
181178
181179
181180
181181
181183
181186
181187
181189
181190
181191
181193
181194
181195
181196
181197
181199
181200
181201
181205
181206
181208
181209
181210
181211
181213
181214
181215
181216
181217
181218
181221
181222
181223
181224
181225
181227
181228
181229
181235
181236
181237
181238
181239
181240
181242
181244
181245
181246
181247
181250
181253
181254
181255
181257
181258
181259
181260
181261
181263
181266
181268
181269
181270
181272
181274
181276
181277
181281
181282
181283
181284
181285
181286
181287
181288
181289
181290
181291
181292
181294
181295
181296
181297
181298
181299
181300
181301
181303
181304
181305
181306
181308
181310
181311
181312
181313
181315
181316
181317
181318
181321
181322
181323
181327
181328
181329
181330
181332
181333
181336
181337
181339
181342
181343
181344
181345
181346
181347
181348
181349
181350
181351
181352
181353
181354
181355
181357
181358
181359
181360
181361
181362
181363
181364
181365
181366
181367
181368
181369
181370
181371
181372
181374
181376
181377
181378
181380
181381
181382
181383
181384
181385
181387
181389
181390
181391
181392
181395
181396
181397
181398
181399
181400
181401
181402
181403
181404
181405
181406
181407
181408
181410
181411
181412
181413
181414
181415
181416
181417
181418
181419
181420
181421
181422
181423
181424
181425
181426
181428
181429
181430
181432
181433
181435
181436
181437
181438
181439
181442
181443
181444
181445
181446
181447
181448
181450
181452
181453
181454
181455
181457
181458
181459
181460
181461
181462
181464
181465
181466
181467
181469
181470
181472
181473
181474
181475
181476
181477
181478
181479
181480
181481
181483
181484
181485
181491
181492
181494
181495
181497
181498
181499
181500
181501
181502
181505
181506
181507
181508
181509
181510
181511
181512
181513
181514
181515
181518
181520
181521
181522
181523
181524
181525
181526
181529
181530
181531
181532
181533
181534
181535
181536
181537
181538
181539
181540
181542
181543
181544
181545
181546
181547
181548
181549
181550
181551
181552
181553
181554
181555
181557
181559
181561
181563
181564
181565
181566
181567
181568
181569
181570
181571
181573
181576
181577
181581
181582
181583
181584
181586
181587
181588
181589
181591
181592
181595
181596
181597
181601
181602
181603
181604
181605
181606
181607
181609
181610
181611
181615
181616
181617
181618
181619
181621
181623
181624
181625
181626
181627
181628
181630
181631
181634
181635
181636
181637
181641
181642
181643
181644
181645
181647
181651
181652
181653
181654
181655
181656
181657
181658
181660
181662
181664
181666
181667
181669
181671
181672
181674
181676
181677
181679
181680
181681
181682
181684
181685
181686
181688
181691
181692
181693
181695
181696
181697
181698
181699
181700
181701
181702
181703
181706
181707
181709
181710
181711
181713
181714
181715
181716
181717
181718
181719
181720
181721
181723
181724
181726
181729
181730
181731
181732
181733
181734
181736
181739
181740
181741
181742
181743
181744
181745
181746
181747
181750
181752
181753
181754
181757
181758
181759
181761
181762
181764
181765
181766
181767
181768
181769
181770
181774
181776
181778
181780
181781
181782
181783
181784
181785
181786
181787
181788
181791
181792
181793
181795
181796
181798
181799
181800
181802
181803
181805
181806
181807
181808
181809
181810
181811
181812
181815
181816
181817
181818
181819
181821
181822
181823
181825
181827
181828
181829
181830
181831
181832
181833
181834
181835
181836
181837
181838
181839
181840
181842
181843
181844
181845
181846
181847
181848
181849
181851
181853
181854
181856
181857
181859
181860
181861
181862
181863
181864
181865
181866
181870
181872
181873
181875
181876
181877
181878
181879
181880
181881
181884
181885
181886
181887
181888
181889
181890
181891
181892
181893
181894
181895
181896
181897
181898
181899
181900
181901
181903
181904
181905
181906
181907
181908
181909
181910
181911
181913
181916
181918
181919
181920
181922
181923
181924
181925
181926
181927
181928
181931
181932
181933
181934
181935
181939
181940
181942
181943
181945
181946
181947
181948
181949
181950
181951
181952
181954
181955
181956
181957
181959
181961
181962
181963
181964
181966
181967
181969
181970
181973
181974
181977
181978
181979
181981
181983
181984
181985
181987
181989
181990
181994
181995
181996
181997
181998
181999
182000
182001
182002
182005
182006
182007
182008
182009
182010
182011
182012
182013
182014
182015
182016
182017
182018
182019
182021
182024
182026
182028
182029
182030
182031
182032
182033
182034
182035
182036
182037
182038
182040
182041
182042
182043
182045
182046
182049
182050
182052
182053
182054
182055
182056
182057
182059
182060
182061
182063
182064
182065
182066
182068
182071
182073
182074
182075
182076
182077
182079
182080
182081
182082
182083
182085
182086
182091
182092
182093
182094
182095
182096
182097
182098
182099
182100
182101
182102
182103
182105
182106
182107
182108
182109
182110
182112
182114
182116
182117
182118
182119
182120
182122
182123
182124
182126
182131
182132
182134
182136
182137
182140
182141
182142
182143
182144
182145
182146
182147
182148
182149
182151
182152
182153
182154
182157
182159
182160
182164
182165
182166
182168
182170
182171
182174
182177
182179
182180
182181
182183
182185
182186
182187
182188
182189
182190
182191
182192
182194
182196
182198
182199
182200
182202
182206
182207
182208
182210
182211
182212
182214
182215
182217
182218
182219
182220
182221
182225
182226
182227
182229
182230
182232
182233
182234
182235
182236
182237
182238
182239
182240
182241
182242
182243
182244
182246
182248
182249
182250
182251
182252
182253
182254
182255
182256
182257
182259
182260
182261
182263
182264
182265
182267
182268
182269
182270
182272
182273
182275
182276
182277
182278
182279
182281
182282
182285
182287
182288
182289
182290
182292
182293
182295
182298
182300
182301
182302
182304
182305
182306
182308
182309
182312
182313
182315
182316
182317
182318
182319
182320
182321
182322
182323
182324
182326
182329
182330
182331
182332
182333
182334
182335
182336
182337
182338
182340
182341
182342
182343
182344
182346
182347
182348
182349
182350
182352
182354
182355
182356
182357
182358
182359
182361
182362
182364
182365
182366
182368
182369
182371
182373
182374
182375
182376
182378
182380
182381
182382
182383
182384
182385
182387
182388
182390
182391
182392
182394
182395
182396
182398
182399
182400
182401
182402
182403
182404
182405
182406
182408
182409
182410
182413
182414
182417
182419
182420
182421
182422
182423
182424
182425
182426
182427
182428
182429
182430
182431
182432
182433
182434
182435
182437
182439
182440
182441
182442
182444
182447
182448
182449
182450
182451
182452
182454
182457
182458
182460
182461
182464
182465
182466
182467
182468
182469
182470
182471
182472
182473
182477
182478
182479
182480
182481
182482
182483
182484
182485
182488
182490
182491
182492
182493
182495
182496
182498
182499
182500
182501
182502
182503
182504
182505
182507
182508
182509
182510
182512
182513
182514
182517
182518
182519
182520
182521
182523
182524
182525
182526
182527
182528
182529
182530
182531
182532
182533
182534
182535
182537
182538
182540
182544
182545
182546
182547
182549
182550
182551
182552
182553
182554
182555
182556
182558
182559
182560
182561
182562
182563
182564
182565
182566
182568
182569
182570
182571
182572
182573
182574
182575
182576
182579
182581
182582
182583
182584
182585
182586
182587
182589
182591
182592
182593
182595
182597
182599
182600
182601
182602
182603
182604
182606
182607
182608
182609
182610
182611
182612
182613
182614
182616
182617
182620
182622
182623
182624
182628
182629
182630
182631
182632
182633
182635
182636
182637
182639
182640
182641
182642
182644
182645
182648
182649
182650
182652
182653
182654
182655
182656
182657
182658
182661
182662
182664
182665
182670
182672
182674
182677
182678
182679
182680
182681
182682
182683
182684
182685
182686
182687
182689
182691
182692
182693
182694
182696
182697
182698
182699
182703
182704
182705
182708
182710
182711
182712
182713
182715
182716
182717
182719
182720
182721
182722
182724
182728
182730
182732
182734
182735
182736
182738
182740
182741
182743
182744
182745
182747
182749
182751
182752
182753
182754
182755
182756
182757
182758
182759
182762
182763
182765
182766
182767
182769
182771
182772
182774
182777
182778
182779
182780
182781
182782
182783
182784
182786
182787
182788
182790
182793
182794
182795
182796
182797
182800
182802
182803
182804
182805
182806
182809
182811
182812
182813
182814
182815
182817
182818
182819
182820
182821
182822
182823
182824
182825
182829
182830
182831
182833
182834
182835
182836
182837
182838
182840
182842
182843
182844
182845
182847
182849
182850
182853
182854
182855
182856
182857
182858
182861
182863
182865
182866
182867
182871
182872
182875
182876
182881
182882
182883
182884
182885
182886
182887
182888
182890
182891
182892
182894
182895
182898
182899
182901
182902
182903
182904
182906
182907
182908
182909
182910
182911
182913
182914
182916
182917
182918
182919
182920
182923
182924
182927
182928
182929
182931
182932
182935
182936
182938
182940
182943
182944
182945
182946
182947
182948
182950
182951
182954
182956
182957
182959
182960
182961
182962
182963
182964
182965
182966
182967
182970
182971
182972
182973
182974
182975
182976
182978
182980
182981
182982
182983
182984
182985
182986
182988
182989
182990
182991
182992
182993
182994
182995
182996
182997
182998
182999
183000
183002
183004
183005
183006
183007
183008
183010
183011
183013
183014
183015
183016
183017
183018
183019
183020
183021
183024
183025
183026
183027
183028
183029
183030
183031
183033
183034
183035
183036
183038
183039
183040
183041
183043
183044
183046
183047
183048
183049
183050
183052
183053
183055
183056
183057
183058
183059
183061
183062
183063
183065
183067
183069
183070
183072
183073
183074
183075
183076
183077
183078
183082
183083
183085
183086
183087
183088
183089
183094
183095
183097
183098
183099
183100
183101
183102
183103
183104
183107
183108
183110
183111
183112
183113
183114
183115
183116
183117
183118
183119
183120
183122
183123
183124
183125
183126
183127
183128
183130
183131
183132
183134
183135
183136
183137
183138
183139
183140
183142
183143
183144
183145
183147
183151
183152
183153
183154
183155
183156
183157
183158
183159
183160
183161
183162
183163
183164
183165
183166
183168
183171
183172
183173
183174
183175
183177
183178
183179
183180
183181
183182
183183
183184
183185
183186
183188
183190
183193
183195
183196
183198
183200
183201
183202
183203
183204
183206
183212
183213
183215
183217
183219
183220
183222
183223
183225
183226
183227
183228
183229
183231
183232
183233
183234
183235
183236
183237
183238
183239
183240
183241
183243
183244
183247
183249
183250
183251
183252
183253
183254
183255
183256
183259
183260
183261
183262
183263
183264
183265
183266
183267
183268
183270
183272
183274
183275
183277
183278
183279
183280
183282
183283
183284
183286
183287
183288
183289
183290
183291
183292
183293
183294
183295
183297
183300
183301
183302
183303
183304
183305
183306
183307
183308
183311
183314
183315
183316
183318
183319
183320
183321
183322
183323
183325
183327
183330
183331
183332
183334
183335
183337
183338
183339
183340
183341
183342
183343
183344
183347
183348
183349
