Object	Image	Exp_time	RA	DEC	time	filter
272797	1646430p	287	23.4696579306	13.7853114634	56513.4913287	r.MP9601
272797	1646441p	287	23.4734576313	13.7872294075	56513.5347539	r.MP9601
272797	1651337p	287	23.9646349385	14.193177817	56537.4252143	r.MP9601
272797	1651348p	287	23.9624420098	14.192626589	56537.4683539	r.MP9601
272797	1651491p	287	23.9104582667	14.1791043529	56538.4404424	r.MP9601
272797	1651503p	287	23.9078163944	14.1783920835	56538.4870636	r.MP9601
272829	1651189p	287	21.4484511279	11.9067555815	56536.525701	r.MP9601
272829	1651199p	287	21.4451657017	11.9066800544	56536.5645434	r.MP9601
272829	1651359p	287	21.3621662342	11.9038384587	56537.5129678	r.MP9601
272829	1651371p	287	21.3577059654	11.903645731	56537.5625263	r.MP9601
272868	1681689p	387	18.5854160626	10.455063785	56655.3230713	r.MP9601
272868	1681841p	387	18.681775434	10.5056194555	56656.2039153	r.MP9601
272868	1681843p	387	18.6918935555	10.510896311	56656.2935223	r.MP9601
272868	1681844p	387	18.6925654662	10.5112467294	56656.2994728	r.MP9601
272888	1645236p	287	14.4392884804	5.08609814957	56506.5085536	r.MP9601
272888	1645247p	287	14.4440604154	5.08672728528	56506.5512873	r.MP9601
272888	1650811p	287	15.2458831015	4.41447862996	56534.431777	r.MP9601
272888	1651028p	287	15.1841644256	4.34939229795	56535.4359319	r.MP9601
272888	1651039p	287	15.1813670249	4.34653512368	56535.4789688	r.MP9601
272888	1651674p	287	14.8785029039	4.06496089211	56539.4120606	r.MP9601
272888	1651685p	287	14.8746709957	4.06166960978	56539.4548354	r.MP9601
272888	1656887p	287	11.1535306676	1.5596143722	56564.3570445	r.MP9601
272888	1656897p	287	11.1461178701	1.55519043191	56564.3958889	r.MP9601
272888	1656908p	287	11.1377539728	1.55019887751	56564.4397172	r.MP9601
272888	1657315p	287	10.5627805972	1.21006377583	56567.4308098	r.MP9601
272888	1657316p	287	10.561836114	1.20951130394	56567.4356846	r.MP9601
272912	1657929p	287	15.9976522544	4.40524620314	56571.4088962	r.MP9601
272912	1657949p	287	15.9812533881	4.39720754319	56571.4915796	r.MP9601
272912	1657950p	287	15.9803418752	4.39676072311	56571.4961754	r.MP9601
272912	1658286p	287	15.3766373753	4.10324147884	56574.5283305	r.MP9601
272912	1658287p	287	15.3753272304	4.10260874362	56574.5348949	r.MP9601
272912	1671653p	287	9.93025691754	1.69179519009	56623.2884794	r.MP9601
272912	1671663p	287	9.93156915037	1.69261855187	56623.3347935	r.MP9601
272912	1672595p	287	10.3444891749	1.9177116325	56631.2328405	r.MP9601
272929	1651033p	287	17.6820063528	3.89528727742	56535.4555818	r.MP9601
272929	1651049p	287	17.6747309508	3.8958890024	56535.5212245	r.MP9601
272929	1651680p	287	17.1929403154	3.91966374887	56539.4354087	r.MP9601
272929	1651697p	287	17.1827696579	3.91989253667	56539.5102847	r.MP9601
272929	1656885p	287	12.2114699285	3.60666938354	56564.3492798	r.MP9601
272929	1656895p	287	12.2018580623	3.60577400206	56564.3881156	r.MP9601
272929	1656906p	287	12.1910139779	3.60476383482	56564.4319301	r.MP9601
272929	1657313p	287	11.443968618	3.5340623265	56567.4229724	r.MP9601
272929	1657652p	287	10.6994377195	3.46381725293	56570.3634638	r.MP9601
272929	1657920p	287	10.4432220321	3.43972541709	56571.3719593	r.MP9601
272929	1657936p	287	10.4268314151	3.43818739956	56571.4363414	r.MP9601
272929	1658018p	287	10.1923043924	3.41635174489	56572.3587347	r.MP9601
273001	1672416p	287	24.9605881951	14.5287797173	56630.4176949	r.MP9601
273001	1672417p	287	24.9601289611	14.5288081108	56630.4221391	r.MP9601
273001	1672611p	387	24.8705197183	14.5349914124	56631.3092788	r.MP9601
273004	1741549p	287	22.9173495029	12.1735353694	56918.36363	r.MP9601
273004	1741560p	287	22.9101607191	12.1734236266	56918.4083271	r.MP9601
273004	1742011p	287	22.0553487372	12.1449671492	56923.4581292	r.MP9601
273007	1667913p	387	24.619557669	13.8461194371	56597.5104578	r.MP9601
273007	1671668p	387	20.8192023162	12.1422202544	56623.3562943	r.MP9601
273007	1672212p	387	20.4642746971	11.9142969866	56629.2993826	r.MP9601
273007	1672397p	287	20.4248168827	11.8825912983	56630.3429935	r.MP9601
273007	1681847p	387	21.5651885716	11.9046604829	56656.3220161	r.MP9601
273007	1681951p	287	21.9323522659	12.0006861431	56659.2574624	r.MP9601
273007	1681967p	387	21.9418705782	12.0032559886	56659.3286274	r.MP9601
273007	1681968p	387	21.9427818273	12.0035020164	56659.3354405	r.MP9601
273007	1681969p	387	21.9435554035	12.0037108739	56659.3412242	r.MP9601
273007	1681970p	387	21.9443271145	12.0039192279	56659.346994	r.MP9601
273007	1682225p	287	22.0600338583	12.0352570963	56660.2038361	r.MP9601
273007	1682235p	287	22.0659371185	12.0368713611	56660.2462547	r.MP9601
273007	1682246p	287	22.0728272341	12.0387554845	56660.2957646	r.MP9601
273065	1681942p	387	11.3220322571	2.21230619725	56659.2206159	r.MP9601
273151	1645757p	287	12.9260908719	3.37742373602	56509.4892643	r.MP9601
273151	1645769p	287	12.92586879	3.3771410863	56509.5377185	r.MP9601
273151	1646266p	287	12.8926667931	3.35176018148	56512.4681749	r.MP9601
273151	1646276p	287	12.8919550259	3.35130723873	56512.5069986	r.MP9601
273151	1651060p	287	11.2406153069	2.60287746468	56535.5649258	r.MP9601
273151	1651170p	287	11.1308166751	2.55612792852	56536.4504635	r.MP9601
273151	1651180p	287	11.1259166483	2.55404027915	56536.4894041	r.MP9601
273151	1651182p	287	11.1247996539	2.55356438528	56536.4982809	r.MP9601
273183	1757796p	500	46.0808825532	16.5471324825	56984.3973795	r.MP9601
273201	1667732p	287	14.8283442948	4.15143980131	56596.2505606	r.MP9601
273201	1667743p	287	14.8211957491	4.15001845304	56596.2935594	r.MP9601
273201	1667754p	287	14.8140930791	4.14860622625	56596.3362822	r.MP9601
273201	1667860p	287	14.6605593451	4.11827155217	56597.2651089	r.MP9601
273201	1667889p	387	14.6405382715	4.11437998799	56597.3880004	r.MP9601
273201	1668251p	387	14.0131562837	3.99916961495	56601.4221043	r.MP9601
273201	1671649p	287	11.9236941962	3.89195637042	56623.2673822	r.MP9601
273201	1671659p	287	11.9219520794	3.8926976967	56623.3118618	r.MP9601
273201	1672594p	287	11.7720023361	4.08566860996	56631.2257008	r.MP9601
273218	1729252p	287	23.5451396193	12.7032251988	56863.5009798	r.MP9601
273218	1729262p	287	23.5507454078	12.7044600021	56863.5403187	r.MP9601
273218	1729272p	287	23.5566953632	12.7057706161	56863.5820727	r.MP9601
273218	1735251p	287	25.9091667427	12.7576386101	56893.4500091	r.MP9601
273218	1735267p	287	25.9097828036	12.7553797203	56893.5239364	r.MP9601
273218	1757888p	287	15.4201328702	4.48529679047	56985.236116	r.MP9601
273218	1757972p	287	15.3744888186	4.42977005768	56986.2322684	r.MP9601
273218	1768988p	287	15.6499260833	3.85266008112	57008.2627153	r.MP9601
273253	1651680p	287	17.4295711567	3.93820826888	56539.4354087	r.MP9601
273253	1651697p	287	17.4216155811	3.9333621274	56539.5102847	r.MP9601
273272	1751524p	287	26.1468720402	15.0475631507	56952.2987263	r.MP9601
273272	1751535p	287	26.1365099861	15.0442996116	56952.3444412	r.MP9601
273272	1751546p	287	26.1265915248	15.0411757825	56952.3881992	r.MP9601
273272	1751814p	387	25.8782464473	14.9622271383	56953.4865222	r.MP9601
273272	1752116p	387	25.4265344515	14.814122595	56955.5024669	r.MP9601
273272	1757094p	387	21.4179389051	13.1580976952	56980.2383331	r.MP9601
273272	1757117p	387	21.4081894922	13.1520781713	56980.3712797	r.MP9601
273272	1757542p	287	21.2851993005	13.0720861692	56982.2186791	r.MP9601
273272	1757583p	287	21.2760658352	13.0655912606	56982.3810518	r.MP9601
273309	1778492p	387	221.629948369	-15.9256742821	57048.612292	r.MP9601
273325	1774684p	387	15.99975034	4.78139034908	57039.2979699	r.MP9601
273336	1616721p	287	237.322562585	-10.4351023667	56391.5355311	r.MP9601
273336	1616917p	287	237.224728104	-10.3654990373	56392.5046287	r.MP9601
273336	1616927p	287	237.220549007	-10.3625898935	56392.5449092	r.MP9601
273344	1774991p	387	12.1913706055	3.43831071604	57040.2304544	r.MP9601
273385	1646290p	287	21.2439288906	13.3333193055	56512.5634281	r.MP9601
273385	1646302p	287	21.2588144532	13.3389725656	56512.6122332	r.MP9601
273396	1752338p	287	14.7550059867	4.13363394665	56957.2544446	r.MP9601
273396	1757901p	287	11.0403173146	4.17312543468	56985.2866514	r.MP9601
273396	1757989p	287	10.9989146213	4.2069791294	56986.3129989	r.MP9601
273408	1736295p	287	13.0861243885	5.32922701006	56897.4581602	r.MP9601
273408	1736296p	287	13.0858269183	5.32891229519	56897.4620402	r.MP9601
273446	1774680p	387	12.7029306705	5.27110564715	57039.2742714	r.MP9601
273557	1667916p	387	25.6958471479	13.6875262584	56597.525605	r.MP9601
273557	1671669p	387	20.9299233278	12.9487928248	56623.3613715	r.MP9601
273557	1672213p	387	20.3425472475	12.8987912973	56629.3046663	r.MP9601
273557	1672398p	287	20.2623516062	12.8963776047	56630.3468744	r.MP9601
273557	1681684p	387	20.3528344044	13.4505487945	56655.2968222	r.MP9601
273620	1607609p	287	210.969470695	-13.0078213123	56331.5486483	r.MP9601
273620	1607619p	287	210.972753381	-13.0089811946	56331.5880406	r.MP9601
273632	1646434p	287	24.6340534501	14.4125386571	56513.506855	r.MP9601
273632	1646445p	287	24.641253466	14.4171818834	56513.5502722	r.MP9601
273667	1656889p	287	10.8295696889	3.92759858611	56564.3648212	r.MP9601
273667	1656899p	287	10.8216731075	3.92338060341	56564.4036568	r.MP9601
273667	1656932p	287	10.8009024542	3.91228589655	56564.5058076	r.MP9601
273667	1656933p	287	10.7999802297	3.91179328754	56564.5103431	r.MP9601
273703	1645558p	287	14.0120235238	2.36007459363	56508.4982057	r.MP9601
273703	1651056p	287	12.6534492782	2.57909927575	56535.5491304	r.MP9601
273703	1651056p	287	12.6534492782	2.57909927575	56535.5491304	r.MP9601
273703	1651067p	287	12.6476052366	2.57829572004	56535.5929607	r.MP9601
273703	1651068p	287	12.6469698618	2.57820835599	56535.597726	r.MP9601
273703	1651069p	287	12.6462859595	2.57811431943	56535.6028553	r.MP9601
273703	1651070p	287	12.6456505015	2.57802694396	56535.6076212	r.MP9601
273703	1651071p	287	12.6449913418	2.57793630949	56535.6125649	r.MP9601
273703	1651166p	287	12.5331700531	2.56201421796	56536.4349153	r.MP9601
273703	1651176p	287	12.5277797751	2.5612240768	56536.4738811	r.MP9601
273703	1651843p	287	11.9389369415	2.46800037517	56540.4144191	r.MP9601
273703	1651853p	287	11.9327117831	2.46695476414	56540.4532252	r.MP9601
273750	1668263p	287	16.1891506875	6.14266734297	56601.4705332	r.MP9601
273750	1668618p	287	15.8927625449	6.00505756402	56603.4435916	r.MP9601
273750	1668620p	287	15.8916373399	6.00453376167	56603.4513517	r.MP9601
273750	1668632p	387	15.8869345256	6.00234452053	56603.4837849	r.MP9601
273750	1671919p	287	14.0727609068	5.11869911966	56625.3093456	r.MP9601
273750	1672376p	287	14.0593922214	5.09272549932	56630.2588282	r.MP9601
273750	1672389p	287	14.0601084644	5.09282678622	56630.3109186	r.MP9601
273750	1672747p	387	14.0947416054	5.10016969614	56632.2158041	r.MP9601
273797	1645242p	287	16.7191707699	6.17599809645	56506.5318629	r.MP9601
273797	1645253p	287	16.7230855895	6.17659125094	56506.5745701	r.MP9601
273797	1650818p	287	16.9322002969	5.5372991724	56534.4616805	r.MP9601
273797	1650819p	287	16.9318293643	5.53701804449	56534.4663659	r.MP9601
273797	1650820p	287	16.9314565945	5.53673552422	56534.4710746	r.MP9601
273797	1650821p	287	16.9310793452	5.536449609	56534.4758398	r.MP9601
273797	1651034p	287	16.8505247962	5.47615284509	56535.4595122	r.MP9601
273797	1651050p	287	16.8449495917	5.47203521044	56535.5251028	r.MP9601
273797	1651678p	287	16.4668335775	5.20844460723	56539.427584	r.MP9601
273797	1651689p	287	16.4621646945	5.20533201854	56539.4705162	r.MP9601
273797	1651691p	287	16.4612370327	5.20471357736	56539.4790464	r.MP9601
273797	1651694p	287	16.4593309351	5.20344284559	56539.4965738	r.MP9601
273797	1651695p	287	16.4586922551	5.20301705896	56539.5024467	r.MP9601
273797	1651700p	287	16.4564531259	5.20152430613	56539.5230364	r.MP9601
273797	1656879p	287	12.3499344955	2.85541922416	56564.3234299	r.MP9601
273797	1656891p	287	12.3399199205	2.85012180751	56564.3725812	r.MP9601
273797	1656901p	287	12.3319612958	2.84591192833	56564.4116419	r.MP9601
273797	1657312p	287	11.7156451541	2.5221695955	56567.4190942	r.MP9601
273797	1657482p	287	11.2842612001	2.29788852349	56569.5106528	r.MP9601
273797	1657651p	287	11.1091693867	2.20739982813	56570.3595828	r.MP9601
273797	1657918p	287	10.9022912972	2.10091061651	56571.3640992	r.MP9601
273797	1657934p	287	10.8890488728	2.09408794753	56571.4285653	r.MP9601
273797	1658016p	287	10.6997293789	1.99686265924	56572.3509136	r.MP9601
273797	1658276p	287	10.2641763612	1.77464583733	56574.4886118	r.MP9601
273826	1756824p	387	45.2121255206	16.6844393887	56978.2966772	r.MP9601
273826	1756846p	387	45.1888873819	16.6800519796	56978.405606	r.MP9601
273826	1756871p	387	45.1645512489	16.6754572671	56978.5196816	r.MP9601
273826	1757107p	500	44.7849343426	16.6036755569	56980.3130629	r.MP9601
273826	1757802p	500	43.939752728	16.4432708713	56984.4354769	r.MP9601
273850	1778492p	387	221.625072567	-15.703528313	57048.612292	r.MP9601
273864	1667735p	287	15.9836433011	5.32233352974	56596.262247	r.MP9601
273864	1667746p	287	15.9752317894	5.32053191518	56596.3051994	r.MP9601
273864	1667757p	287	15.9668615131	5.3187391326	56596.3479412	r.MP9601
273864	1667866p	287	15.7835313943	5.27958746747	56597.2890144	r.MP9601
273864	1667868p	287	15.7818817655	5.27923754622	56597.2975839	r.MP9601
273864	1667895p	387	15.7585785021	5.27429442975	56597.4186398	r.MP9601
273864	1668260p	287	15.0124671234	5.12169635928	56601.4588154	r.MP9601
273884	1671650p	287	10.4279856165	1.85932630496	56623.2712651	r.MP9601
273884	1671660p	287	10.4270398702	1.85907905103	56623.3157708	r.MP9601
273884	1672595p	287	10.4361120639	1.89618664174	56631.2328405	r.MP9601
273890	1774995p	387	12.695384091	1.32350767661	57040.2508336	r.MP9601
273902	1778493p	387	215.865470524	-13.9401821899	57048.6174421	r.MP9601
273908	1757086p	287	17.2278971381	5.75971602675	56980.1977696	r.MP9601
273908	1757099p	287	17.2209418648	5.75990299647	56980.2650787	r.MP9601
273908	1757968p	287	16.7048722069	5.81323627691	56986.2144169	r.MP9601
273954	1671922p	287	14.9772777377	5.43688669534	56625.3210155	r.MP9601
273954	1671923p	287	14.977013345	5.43702272345	56625.3279127	r.MP9601
273954	1672379p	287	14.8595546078	5.56220109819	56630.2712628	r.MP9601
273954	1672392p	287	14.8592284761	5.56385349896	56630.3234438	r.MP9601
273968	1658158p	287	25.7491156319	13.4207378671	56573.520964	r.MP9601
274034	1667388p	287	21.078473756	11.1251042051	56594.4527505	r.MP9601
274034	1667551p	287	20.9115979919	11.0723425601	56595.3650569	r.MP9601
274034	1667759p	287	20.7326349113	11.0155674543	56596.3558886	r.MP9601
274034	1667872p	287	20.5623765443	10.9612110666	56597.3134983	r.MP9601
274034	1667882p	287	20.555481259	10.9589997824	56597.3527132	r.MP9601
274034	1667900p	387	20.539305504	10.953812297	56597.444708	r.MP9601
274034	1681841p	387	18.0294813871	10.22626881	56656.2039153	r.MP9601
274034	1681843p	387	18.0385914301	10.22987798	56656.2935223	r.MP9601
274034	1681844p	387	18.0391963976	10.230117653	56656.2994728	r.MP9601
274042	1681847p	387	21.4145738533	11.751658888	56656.3220161	r.MP9601
274042	1681943p	287	21.8303784579	12.2542201687	56659.2259082	r.MP9601
274042	1681955p	287	21.8375924565	12.2624104486	56659.2730842	r.MP9601
274042	1681971p	387	21.8496778061	12.2761313269	56659.3521164	r.MP9601
274042	1682232p	387	21.9855191586	12.4288223519	56660.2316167	r.MP9601
274049	1757448p	387	26.2806483344	14.9533030162	56981.2490286	r.MP9601
274049	1757470p	387	26.2622380484	14.9476532988	56981.3892974	r.MP9601
274049	1757558p	287	26.1455730003	14.9116808766	56982.2863556	r.MP9601
274049	1757598p	287	26.1258073285	14.905522944	56982.4413804	r.MP9601
274050	1667914p	387	24.4593922406	15.1185888754	56597.515498	r.MP9601
274050	1671669p	387	20.8960799012	13.6918803791	56623.3613715	r.MP9601
274050	1672213p	387	20.5421786246	13.4911746386	56629.3046663	r.MP9601
274050	1672398p	287	20.5003424698	13.4627057447	56630.3468744	r.MP9601
274050	1681665p	287	21.2743315475	13.4163702689	56655.243085	r.MP9601
274050	1681849p	287	21.3814782806	13.4418735892	56656.3342126	r.MP9601
274050	1681944p	287	21.6931975561	13.5196738934	56659.2298705	r.MP9601
274050	1681956p	287	21.6986327991	13.5210866642	56659.2769629	r.MP9601
274050	1681972p	387	21.707891447	13.5234932442	56659.3571822	r.MP9601
274050	1682233p	387	21.8105839751	13.5502727562	56660.2366835	r.MP9601
274073	1736559p	287	25.8616137106	12.8449083914	56899.4282795	r.MP9601
274073	1736588p	287	25.8591767074	12.8494514467	56899.5365908	r.MP9601
274073	1741570p	287	24.1559227984	13.2181357191	56918.4474274	r.MP9601
274073	1741581p	287	24.1492424642	13.2179575768	56918.4901816	r.MP9601
274073	1741581p	287	24.1492424642	13.2179575768	56918.4901816	r.MP9601
274073	1742009p	287	23.2975979952	13.1666605353	56923.4503679	r.MP9601
274073	1775268p	387	19.3873553883	13.2286747394	57041.2427081	r.MP9601
274073	1775281p	387	19.4067157928	13.2356913857	57041.3091815	r.MP9601
274124	1657360p	287	13.0971724968	3.57972767347	56568.361367	r.MP9601
274124	1657386p	287	13.0826476606	3.57553441641	56568.4219924	r.MP9601
274124	1657476p	287	12.8282790901	3.50223367847	56569.4837047	r.MP9601
274124	1657478p	287	12.8257982669	3.5015203519	56569.4940594	r.MP9601
274124	1657480p	287	12.8237016252	3.50091749146	56569.5028106	r.MP9601
274124	1657484p	287	12.819818312	3.49980089822	56569.5190192	r.MP9601
274124	1658274p	287	11.6349484023	3.16238765637	56574.4808518	r.MP9601
274139	1722512p	287	12.2992534214	2.01754846554	56834.5955377	r.MP9601
274154	1722731p	287	15.8660561189	6.16214931853	56835.5783673	r.MP9601
274154	1751778p	287	13.0163260926	2.51249999197	56953.3188855	r.MP9601
274154	1774989p	387	14.9970489523	3.4703899181	57040.2201836	r.MP9601
274223	1778499p	387	218.828600618	-13.7720729921	57048.6479896	r.MP9601
274260	1722732p	287	16.8542641407	3.8178221295	56835.5822479	r.MP9601
274260	1722895p	287	17.1162072608	3.86151293187	56836.5873153	r.MP9601
274288	1722733p	287	16.6242378747	5.28258305221	56835.5861562	r.MP9601
274288	1722896p	287	16.9205762463	5.34429763734	56836.591194	r.MP9601
274355	1671724p	387	22.1552441368	13.9793534809	56624.240866	r.MP9601
274355	1671726p	387	22.1540146493	13.9789416128	56624.2555465	r.MP9601
274355	1671729p	387	22.1523827809	13.9783949504	56624.2750315	r.MP9601
274355	1671900p	387	22.0727450391	13.9517483464	56625.24415	r.MP9601
274355	1672407p	287	21.7513855024	13.8413401171	56630.3823376	r.MP9601
274355	1681669p	287	22.5242412778	14.0663723165	56655.2596776	r.MP9601
274355	1681855p	387	22.6415617536	14.1049144649	56656.3640616	r.MP9601
274355	1681947p	287	22.9768627426	14.215898692	56659.2415686	r.MP9601
274355	1681959p	287	22.9827486846	14.2178606726	56659.2886561	r.MP9601
274355	1681975p	387	22.9932056679	14.2213463337	56659.372312	r.MP9601
274355	1682227p	287	23.0992621715	14.2567278898	56660.2115949	r.MP9601
274400	1752204p	287	17.769583672	3.81975496424	56956.4609354	r.MP9601
274400	1752374p	287	17.6197354618	3.73592622351	56957.4027306	r.MP9601
274458	1729484p	287	26.5127339786	14.930068599	56864.5297474	r.MP9601
274458	1729495p	287	26.5176154202	14.932590377	56864.5729779	r.MP9601
274458	1735259p	287	28.1161535462	16.0285340922	56893.4858679	r.MP9601
274458	1735275p	287	28.1155998716	16.0296025869	56893.5558057	r.MP9601
274458	1736567p	287	27.9876411727	16.0885666672	56899.4611766	r.MP9601
274458	1736596p	287	27.9838215098	16.0890700336	56899.5677718	r.MP9601
274458	1741577p	287	26.4857621576	15.8405112149	56918.4746395	r.MP9601
274458	1741588p	287	26.4806171281	15.8391819339	56918.5173664	r.MP9601
274458	1752105p	387	20.3002889097	13.6268392889	56955.446187	r.MP9601
274458	1775266p	387	19.0745545945	11.4594417881	57041.2325025	r.MP9601
274458	1775275p	387	19.0823202796	11.4616459099	57041.2786353	r.MP9601
274458	1778890p	287	20.7116423313	11.9409134962	57050.2303205	r.MP9601
274493	1757795p	500	46.3734384341	16.2340005535	56984.3910349	r.MP9601
274517	1681670p	287	23.9751667202	12.0400205441	56655.2635904	r.MP9601
274517	1681856p	387	24.0671449291	12.0932513473	56656.3691284	r.MP9601
274517	1682245p	387	24.4454345935	12.29965406	56660.2908644	r.MP9601
274520	1626163p	287	214.201160569	-11.7279999207	56423.4701767	r.MP9601
274520	1626299p	287	214.002493109	-11.6648451153	56424.4714937	r.MP9601
274520	1631610p	287	209.64717923	-10.3975675416	56456.2575544	r.MP9601
274520	1631620p	287	209.644892903	-10.3971836643	56456.2982002	r.MP9601
274520	1635764p	287	209.718596961	-10.6561406016	56477.2750497	r.MP9601
274520	1636122p	287	209.85682408	-10.7285991074	56479.2822956	r.MP9601
274520	1645163p	287	213.739489996	-12.3733968642	56506.2585179	r.MP9601
274520	1645695p	287	214.385626279	-12.6220606282	56509.2711127	r.MP9601
274520	1751769p	387	17.4310324434	4.94909140179	56953.2825582	r.MP9601
274520	1751782p	387	17.4215793917	4.94564986521	56953.3361926	r.MP9601
274520	1751795p	387	17.4121550523	4.94221878185	56953.389664	r.MP9601
274520	1751796p	387	17.4112659842	4.94189510222	56953.3947084	r.MP9601
274520	1752058p	387	17.0881090088	4.82481433592	56955.2599467	r.MP9601
274520	1752077p	387	17.0727020163	4.8192991892	56955.3510226	r.MP9601
274520	1752079p	387	17.0707883311	4.81861415904	56955.362335	r.MP9601
274520	1752108p	387	17.053936853	4.81258193863	56955.4619496	r.MP9601
274520	1752337p	387	16.7582319582	4.70750098609	56957.2499826	r.MP9601
274520	1752373p	287	16.7343517816	4.69906539125	56957.398846	r.MP9601
274520	1768987p	287	15.924272468	5.04489512508	57008.2587705	r.MP9601
274593	1681684p	387	20.8043348556	13.7306419503	56655.2968222	r.MP9601
274593	1681944p	287	21.4037955186	13.7772283616	56659.2298705	r.MP9601
274593	1681956p	287	21.4114872704	13.7780263155	56659.2769629	r.MP9601
274593	1681972p	387	21.4245897614	13.7793855875	56659.3571822	r.MP9601
274593	1682233p	387	21.569523679	13.7948142121	56660.2366835	r.MP9601
274612	1671728p	387	22.5165384178	12.8695722271	56624.2699913	r.MP9601
274612	1672406p	287	21.9787352393	12.8949613897	56630.3782648	r.MP9601
274612	1681669p	287	22.1406660056	13.665371871	56655.2596776	r.MP9601
274612	1681855p	387	22.2305285719	13.7242655776	56656.3640616	r.MP9601
274612	1681947p	287	22.4951915012	13.8867928093	56659.2415686	r.MP9601
274612	1681959p	287	22.4999394945	13.8895788218	56659.2886561	r.MP9601
274612	1681975p	387	22.5083747943	13.8945284606	56659.372312	r.MP9601
274612	1682227p	287	22.5941486275	13.9444799149	56660.2115949	r.MP9601
274612	1682237p	287	22.5986586232	13.9470503177	56660.2540419	r.MP9601
274612	1682250p	387	22.605490821	13.9509442239	56660.318345	r.MP9601
274616	1722736p	287	17.2654305846	5.23101458117	56835.5978274	r.MP9601
274616	1722899p	287	17.5270745824	5.3005295697	56836.6028601	r.MP9601
274617	1651682p	287	17.418156271	5.97176406575	56539.4431977	r.MP9601
274617	1651699p	287	17.4093271413	5.96962177986	56539.5180737	r.MP9601
274617	1656882p	287	13.3041473276	4.84103783775	56564.336232	r.MP9601
274617	1656883p	287	13.3031140521	4.84073972184	56564.3414418	r.MP9601
274617	1656893p	287	13.2953995804	4.83851397792	56564.3803382	r.MP9601
274617	1656903p	287	13.2876512955	4.83627847836	56564.4194052	r.MP9601
274617	1656904p	287	13.2867216629	4.83601026503	56564.4240925	r.MP9601
274617	1657310p	287	12.6904358879	4.66331475012	56567.4098424	r.MP9601
274617	1657311p	287	12.6893843888	4.66300996776	56567.4150672	r.MP9601
274617	1657479p	287	12.2697914172	4.54137077529	56569.4979394	r.MP9601
274617	1657481p	287	12.268006712	4.54085314947	56569.5067709	r.MP9601
274617	1658015p	287	11.6951595915	4.37447862556	56572.3470331	r.MP9601
274617	1658275p	287	11.2659704028	4.25032663488	56574.4847313	r.MP9601
274743	1671667p	387	20.3674859784	10.9013352029	56623.3512607	r.MP9601
274743	1672399p	287	19.8522855089	11.0258832235	56630.3509256	r.MP9601
274743	1681683p	387	20.3399393927	12.1326916324	56655.2917667	r.MP9601
274799	1651186p	287	22.2886580424	12.0860184915	56536.5140551	r.MP9601
274799	1651196p	287	22.2861016311	12.0869137748	56536.5528866	r.MP9601
274799	1651355p	287	22.2209450811	12.1074087245	56537.4955596	r.MP9601
274799	1651367p	287	22.217239803	12.1084653355	56537.5469623	r.MP9601
274858	1778498p	387	217.555133544	-13.9832971186	57048.642903	r.MP9601
274878	1658263p	287	19.7180324398	10.3644084276	56574.4124706	r.MP9601
274878	1658264p	287	19.7147101443	10.3632777037	56574.4277164	r.MP9601
274878	1658265p	287	19.7138466179	10.3629838075	56574.431679	r.MP9601
274878	1658266p	287	19.7107937933	10.3619447965	56574.4456881	r.MP9601
274937	1778493p	387	215.797598904	-13.3768785765	57048.6174421	r.MP9601
274938	1625357p	287	243.051273661	-11.8816949099	56420.4753921	r.MP9601
274938	1625368p	287	243.043445304	-11.879420003	56420.5191871	r.MP9601
274938	1625379p	287	243.035610073	-11.8771430981	56420.5630206	r.MP9601
274938	1625662p	287	242.854327158	-11.8248080059	56421.5705411	r.MP9601
274938	1625937p	287	242.671114519	-11.7729134133	56422.575739	r.MP9601
274938	1630541p	287	237.833955437	-10.7087100638	56447.3931871	r.MP9601
274938	1630867p	287	237.460584629	-10.6500536249	56449.3842272	r.MP9601
274972	1756819p	387	45.9927633608	14.5693340743	56978.271391	r.MP9601
274972	1756841p	387	45.9713400492	14.5557161553	56978.3800928	r.MP9601
274972	1756866p	387	45.94891525	14.5414616318	56978.4938761	r.MP9601
274972	1757105p	500	45.5961046594	14.3164881323	56980.3003207	r.MP9601
275026	1681942p	387	11.2238775309	1.70934212548	56659.2206159	r.MP9601
275028	1722364p	287	13.4790989997	4.63033118496	56833.5927872	r.MP9601
275028	1722511p	287	13.7642054727	4.74521041623	56834.5916444	r.MP9601
275028	1751785p	287	17.7703468175	6.17425490514	56953.348487	r.MP9601
275028	1752200p	287	17.1998599401	5.97024857369	56956.4439354	r.MP9601
275028	1752370p	287	17.0317567823	5.91052249962	56957.3871956	r.MP9601
275028	1768991p	287	15.3668660718	5.82486548896	57008.2745351	r.MP9601
275029	1722735p	287	17.7159900595	4.29145604794	56835.5939185	r.MP9601
275029	1722898p	287	17.9500141433	4.38068784682	56836.5989819	r.MP9601
275029	1734912p	287	24.9343300675	6.7881467905	56891.5759797	r.MP9601
275029	1734916p	387	24.9342554977	6.7880100791	56891.5983507	r.MP9601
275029	1736290p	287	24.8141470879	6.71831146287	56897.4387302	r.MP9601
275029	1751790p	287	16.3589734261	3.81486616694	56953.3679279	r.MP9601
275029	1752062p	387	16.0067968074	3.71230204782	56955.2803863	r.MP9601
275029	1752075p	387	15.9962560984	3.70925803353	56955.338676	r.MP9601
275029	1752354p	387	15.6434839284	3.60875659575	56957.3134252	r.MP9601
275029	1757895p	287	12.3957584322	2.97197521701	56985.2633623	r.MP9601
275029	1757903p	287	12.3943210323	2.9722170226	56985.295603	r.MP9601
275029	1757983p	287	12.3515712179	2.98039671033	56986.289671	r.MP9601
275029	1769000p	287	12.7653736175	3.70179970606	57008.3273043	r.MP9601
275067	1722513p	287	12.1887767766	3.45124741914	56834.5994251	r.MP9601
275117	1667736p	287	16.6696145089	5.79562172014	56596.2663076	r.MP9601
275117	1667747p	287	16.6625901444	5.79215113731	56596.3090956	r.MP9601
275117	1667758p	287	16.6555761005	5.78868565369	56596.3518207	r.MP9601
275117	1667867p	287	16.5026696914	5.71308636219	56597.2928943	r.MP9601
275117	1667896p	387	16.4818856793	5.70279436672	56597.4238172	r.MP9601
275117	1668262p	287	15.8833068542	5.40450064934	56601.4666572	r.MP9601
275117	1668266p	387	15.8808392182	5.40326683134	56601.484713	r.MP9601
275117	1668617p	287	15.6254020827	5.27489568389	56603.4397148	r.MP9601
275117	1668619p	287	15.6244387061	5.27440860756	56603.4474735	r.MP9601
275117	1668621p	287	15.6234755797	5.27392165772	56603.4552302	r.MP9601
275117	1668631p	387	15.6205724713	5.27245386692	56603.478611	r.MP9601
275117	1671921p	287	14.4793503084	4.62668713052	56625.3171044	r.MP9601
275117	1672378p	287	14.6670121779	4.68345816057	56630.2673823	r.MP9601
275117	1672391p	287	14.6699256194	4.68445829721	56630.3195633	r.MP9601
275125	1769003p	287	11.099611784	1.9863702264	57008.3392145	r.MP9601
275125	1769004p	287	11.1001035664	1.98686145318	57008.3432155	r.MP9601
275127	1729480p	287	26.2676798719	13.2738736821	56864.5138912	r.MP9601
275127	1729491p	287	26.2766747029	13.2781517848	56864.5571529	r.MP9601
275127	1729502p	287	26.2856766961	13.2824332939	56864.600449	r.MP9601
275127	1751518p	287	24.2414633024	14.3471974883	56952.2741028	r.MP9601
275127	1751529p	287	24.2323341427	14.3439107409	56952.3190925	r.MP9601
275127	1751540p	287	24.223240277	14.3406367002	56952.3639083	r.MP9601
275127	1751808p	387	24.001966064	14.2604548312	56953.4562504	r.MP9601
275127	1752110p	387	23.5970089436	14.110828099	56955.472189	r.MP9601
275127	1778096p	387	26.1600301832	13.6890321414	57046.2509323	r.MP9601
275127	1778105p	387	26.1768606791	13.6942402753	57046.3167193	r.MP9601
275130	1778096p	387	25.7403050022	12.8311170286	57046.2509323	r.MP9601
275130	1778105p	387	25.7544766087	12.8364348074	57046.3167193	r.MP9601
275132	1667734p	287	15.809393323	3.58954712561	56596.2583657	r.MP9601
275132	1667745p	287	15.8014648796	3.58757843762	56596.3013189	r.MP9601
275132	1667756p	287	15.7935787768	3.58562026311	56596.3440427	r.MP9601
275132	1667862p	287	15.6230293068	3.54357644516	56597.2729418	r.MP9601
275132	1667891p	387	15.6003359057	3.53808133808	56597.3981467	r.MP9601
275132	1668258p	287	14.8962210686	3.37346126123	56601.4510565	r.MP9601
275132	1671656p	287	12.4497814674	3.0670576226	56623.3001958	r.MP9601
275132	1671666p	287	12.4473731121	3.06754571596	56623.3464362	r.MP9601
275132	1671894p	287	12.3578434407	3.09052342922	56625.216079	r.MP9601
275132	1672593p	287	12.2051878364	3.21773553536	56631.2218245	r.MP9601
275140	1729012p	287	16.7356533358	3.97309874318	56862.5452878	r.MP9601
275140	1729713p	287	17.2341211329	4.09604550224	56865.5760282	r.MP9601
275157	1722363p	287	14.0451201778	4.0966027131	56833.5888678	r.MP9601
275157	1722507p	287	14.2694950728	4.20016388055	56834.5760372	r.MP9601
275157	1729019p	287	19.4403418842	6.65377312836	56862.5726235	r.MP9601
275163	1672382p	287	15.657221346	5.35468021218	56630.2829213	r.MP9601
275163	1672395p	287	15.6590909405	5.35472369112	56630.335096	r.MP9601
275163	1672602p	287	15.6940061098	5.35629249806	56631.2609281	r.MP9601
275184	1667727p	287	13.3180119306	4.37879812515	56596.2309579	r.MP9601
275184	1667738p	287	13.310486004	4.37758870814	56596.2740658	r.MP9601
275184	1667749p	287	13.3030163224	4.37638832973	56596.3168516	r.MP9601
275184	1667858p	287	13.1402206153	4.35057487776	56597.2573166	r.MP9601
275184	1667887p	387	13.1198222774	4.34745986064	56597.3778979	r.MP9601
275200	1774992p	387	11.2738637372	2.63756185375	57040.2355185	r.MP9601
275202	1757446p	387	26.1300642476	13.5882382982	56981.2388769	r.MP9601
275202	1757468p	387	26.1095400268	13.5806757174	56981.3792135	r.MP9601
275202	1757557p	287	25.9789744715	13.5323162056	56982.2824298	r.MP9601
275202	1757597p	287	25.9571359998	13.524132163	56982.4374959	r.MP9601
275234	1671650p	287	10.7619300967	1.37695853697	56623.2712651	r.MP9601
275234	1671660p	287	10.7631354595	1.37960415393	56623.3157708	r.MP9601
275234	1672595p	287	11.1960414451	1.93491332129	56631.2328405	r.MP9601
275236	1778104p	387	27.4154822941	16.080492651	57046.3091844	r.MP9601
275280	1645960p	287	244.264675046	-13.9409193349	56511.2798505	r.MP9601
275307	1735262p	287	12.7107906095	2.23627423856	56893.4976696	r.MP9601
275307	1736300p	287	12.7229881197	1.92849580762	56897.4783391	r.MP9601
275307	1736301p	287	12.7228840688	1.9278155607	56897.4863947	r.MP9601
275307	1736314p	287	12.7223566382	1.92436741256	56897.527228	r.MP9601
275326	1692347p	387	247.513286537	-17.9294178924	56716.5829108	r.MP9601
275346	1616941p	287	242.37896805	-12.4267203094	56392.6012463	r.MP9601
275346	1617913p	287	241.33755828	-11.9991669269	56401.4640832	r.MP9601
275346	1617926p	287	241.330106597	-11.9965066614	56401.5169946	r.MP9601
275346	1625240p	287	238.096639168	-11.0860015929	56419.4598546	r.MP9601
275346	1625250p	287	238.087183115	-11.0838094233	56419.5044411	r.MP9601
275346	1625260p	287	238.078738263	-11.0818516777	56419.5442597	r.MP9601
275346	1625627p	287	237.660775177	-10.986884537	56421.4925761	r.MP9601
275346	1625902p	287	237.441525087	-10.9386256911	56422.4996948	r.MP9601
275369	1681687p	387	19.0834676244	13.012254584	56655.3120749	r.MP9601
275413	1729480p	287	25.7624076656	12.7684106888	56864.5138912	r.MP9601
275413	1729491p	287	25.7673106597	12.7721119686	56864.5571529	r.MP9601
275413	1729502p	287	25.7722175578	12.7758161956	56864.600449	r.MP9601
275413	1735255p	287	27.2324310981	14.7270634404	56893.4703414	r.MP9601
275413	1735271p	287	27.2311197536	14.7303855131	56893.5402798	r.MP9601
275413	1736563p	287	27.0293853455	14.9812792204	56899.4456264	r.MP9601
275413	1736592p	287	27.0240554661	14.9853062404	56899.552224	r.MP9601
275413	1741574p	287	25.1682519053	15.3820783044	56918.4629926	r.MP9601
275413	1741585p	287	25.1620935303	15.3822444263	56918.5057096	r.MP9601
275419	1651845p	287	11.7629313368	4.64773244106	56540.4221784	r.MP9601
275419	1651855p	287	11.7581375248	4.6441478789	56540.4610471	r.MP9601
275434	1671655p	287	9.57279343406	2.93435159317	56623.296317	r.MP9601
275434	1671665p	287	9.57329435465	2.93377360788	56623.3425558	r.MP9601
275434	1672598p	287	9.83709901331	2.92105986161	56631.244875	r.MP9601
275450	1657309p	287	12.8181550968	3.81845834801	56567.4059613	r.MP9601
275450	1657360p	287	12.5888041214	3.74935645024	56568.361367	r.MP9601
275450	1657386p	287	12.5742035035	3.7449611085	56568.4219924	r.MP9601
275450	1657386p	287	12.5742035035	3.7449611085	56568.4219924	r.MP9601
275450	1657476p	287	12.3179031618	3.66798696717	56569.4837047	r.MP9601
275450	1657478p	287	12.3153964517	3.66723624848	56569.4940594	r.MP9601
275450	1657480p	287	12.313277932	3.66660178648	56569.5028106	r.MP9601
275450	1657484p	287	12.3093540973	3.66542666215	56569.5190192	r.MP9601
275450	1658278p	287	11.1025389011	3.30650766005	56574.4963908	r.MP9601
275464	1667562p	287	21.7884069071	14.3397265351	56595.4077822	r.MP9601
275464	1667589p	287	21.7714685709	14.3341568694	56595.4864128	r.MP9601
275465	1645235p	287	14.6222548282	4.45740651738	56506.5046741	r.MP9601
275465	1645246p	287	14.627632449	4.45655179619	56506.5474102	r.MP9601
275469	1751785p	287	17.11296047	5.90189795731	56953.348487	r.MP9601
275469	1757088p	387	13.4636996061	4.0815422498	56980.2073796	r.MP9601
275469	1757101p	387	13.458683831	4.07888958662	56980.2746302	r.MP9601
275469	1757970p	387	13.1026601633	3.88508203105	56986.2239169	r.MP9601
275469	1768999p	287	13.4711790558	3.92971403062	57008.3232403	r.MP9601
275486	1778101p	387	27.5063426373	13.3687991177	57046.2929294	r.MP9601
275486	1778111p	387	27.5273826518	13.376107918	57046.3489117	r.MP9601
275486	1778112p	387	27.5306882769	13.3772562135	57046.3577072	r.MP9601
275563	1630860p	287	242.351431095	-12.4394095383	56449.3556494	r.MP9601
275563	1630881p	287	242.330890185	-12.435737288	56449.4409404	r.MP9601
275563	1631376p	287	240.935432118	-12.2102463718	56455.4611775	r.MP9601
275563	1631658p	287	240.718132567	-12.1799428018	56456.4547728	r.MP9601
275563	1635435p	287	237.626301999	-12.0155215584	56475.3451654	r.MP9601
275563	1635596p	287	237.524175181	-12.0297270075	56476.3821314	r.MP9601
275571	1691673p	287	213.546280364	-13.3541197545	56712.5662232	r.MP9601
275571	1691906p	287	213.538168525	-13.3545733829	56713.5358216	r.MP9601
275571	1692180p	287	213.504982863	-13.350344366	56715.6466902	r.MP9601
275583	1778496p	387	215.002361523	-13.0895328455	57048.6327179	r.MP9601
275633	1645237p	287	15.5576198157	3.95540360426	56506.5124324	r.MP9601
275633	1645248p	287	15.5608963817	3.95488125316	56506.5551702	r.MP9601
275636	1651343p	287	25.8286089072	14.9410848271	56537.4488197	r.MP9601
275636	1651354p	287	25.8276805784	14.9390139399	56537.4916656	r.MP9601
275636	1651497p	287	25.8041067054	14.8907415432	56538.4637524	r.MP9601
275636	1651509p	287	25.8028446904	14.8883598944	56538.5103499	r.MP9601
275636	1658257p	287	21.6574936747	11.3105453816	56574.3891867	r.MP9601
275636	1672381p	287	15.5497085219	5.12781779629	56630.2790396	r.MP9601
275636	1672394p	287	15.5510564919	5.125643651	56630.331219	r.MP9601
275636	1672601p	287	15.5764712834	5.08778380403	56631.2569879	r.MP9601
275636	1672603p	387	15.576739997	5.0874538049	56631.2654736	r.MP9601
275654	1667916p	387	25.6506258064	13.685466602	56597.525605	r.MP9601
275654	1671722p	387	22.1103235289	11.2851949442	56624.2307323	r.MP9601
275696	1723396p	287	242.30332413	-14.6806491707	56839.3988753	r.MP9601
275706	1671906p	387	24.8054308444	15.2193287913	56625.2745747	r.MP9601
275706	1672416p	287	24.723058983	14.7248405864	56630.4176949	r.MP9601
275706	1672417p	287	24.723073797	14.7244517189	56630.4221391	r.MP9601
275706	1672611p	387	24.7283505201	14.6478579252	56631.3092788	r.MP9601
275894	1778494p	387	216.663495635	-14.9635412539	57048.6225432	r.MP9601
275910	1645184p	287	242.523997581	-11.8346850503	56506.3419448	r.MP9601
275910	1645710p	287	242.629381638	-11.9855728607	56509.3318839	r.MP9601
276066	1672416p	287	25.0308565278	15.108866066	56630.4176949	r.MP9601
276066	1672417p	287	25.030506547	15.108567317	56630.4221391	r.MP9601
276066	1672611p	387	24.9625772887	15.0496191018	56631.3092788	r.MP9601
276102	1672380p	287	15.6579866934	4.23499229414	56630.2751613	r.MP9601
276102	1672393p	287	15.6570521648	4.23699175086	56630.327321	r.MP9601
276173	1657654p	287	13.6849529512	3.87834778107	56570.3712279	r.MP9601
276173	1657655p	287	13.6840312691	3.87757758897	56570.3763248	r.MP9601
276173	1657922p	287	13.5025837917	3.72626971018	56571.379721	r.MP9601
276173	1657938p	287	13.4909416663	3.71659476413	56571.4441014	r.MP9601
276173	1658271p	287	12.9479956003	3.2655176486	56574.4691835	r.MP9601
276212	1778494p	387	216.190590509	-14.5061920141	57048.6225432	r.MP9601
276249	1778099p	387	26.0587682885	16.4100628892	57046.2827095	r.MP9601
276249	1778108p	387	26.0721785358	16.4142514457	57046.3321482	r.MP9601
276249	1778109p	387	26.0738834777	16.4147839673	57046.3384337	r.MP9601
276265	1645245p	287	17.5561175389	6.78382684983	56506.5435278	r.MP9601
276265	1645256p	287	17.5590539699	6.78240312572	56506.5862396	r.MP9601
276265	1650816p	287	17.6085167075	4.87622861515	56534.4529108	r.MP9601
276265	1650817p	287	17.6082043306	4.875740938	56534.4576557	r.MP9601
276265	1651033p	287	17.540229624	4.77216391322	56535.4555818	r.MP9601
276265	1651049p	287	17.535579931	4.76527142711	56535.5212245	r.MP9601
276265	1651680p	287	17.2228427224	4.33680067343	56539.4354087	r.MP9601
276265	1651697p	287	17.2161662785	4.32827312834	56539.5102847	r.MP9601
276276	1774672p	387	10.6221046116	2.31773332746	57039.233382	r.MP9601
276340	1656879p	287	12.692841603	2.68650348916	56564.3234299	r.MP9601
276340	1656891p	287	12.6814958472	2.68639426407	56564.3725812	r.MP9601
276340	1656901p	287	12.6724793276	2.68630746244	56564.4116419	r.MP9601
276340	1657313p	287	11.9717873013	2.67989339471	56567.4229724	r.MP9601
276340	1657483p	287	11.480120296	2.67566618534	56569.5145333	r.MP9601
276340	1657485p	287	11.478132583	2.67564976765	56569.5229766	r.MP9601
276340	1657486p	287	11.476988818	2.67564032062	56569.5278351	r.MP9601
276340	1657919p	287	11.0436353112	2.67292446947	56571.3679775	r.MP9601
276340	1657935p	287	11.0284322088	2.67285284119	56571.4324429	r.MP9601
276340	1658017p	287	10.8112072616	2.67192656239	56572.3547918	r.MP9601
276340	1658277p	287	10.3100853791	2.67111111111	56574.4924912	r.MP9601
276352	1681666p	287	22.561694623	11.9599500288	56655.2469916	r.MP9601
276352	1681667p	287	22.5621528447	11.9602541642	56655.2518362	r.MP9601
276352	1681850p	287	22.6667290429	12.0291063435	56656.3381238	r.MP9601
276352	1681851p	287	22.6671967951	12.0294090831	56656.3428013	r.MP9601
276352	1681945p	287	22.974801183	12.2217252284	56659.2337784	r.MP9601
276352	1681957p	287	22.9802174678	12.224982849	56659.2808765	r.MP9601
276352	1681973p	387	22.9895719108	12.2306090719	56659.3622195	r.MP9601
276352	1682234p	387	23.0919234513	12.2917771372	56660.2417232	r.MP9601
276564	1751560p	287	24.1280577222	12.0312251991	56952.4449162	r.MP9601
276564	1751570p	287	24.1205067242	12.0278655522	56952.4843127	r.MP9601
276564	1751580p	287	24.1130531216	12.0245492391	56952.5232011	r.MP9601
276619	1616944p	287	243.05903177	-12.949975093	56392.6132786	r.MP9601
276619	1617915p	287	242.198758326	-12.7716989955	56401.4721528	r.MP9601
276619	1617928p	287	242.192415006	-12.7705830411	56401.5250138	r.MP9601
276619	1625346p	287	239.135551434	-12.3749274558	56420.4303112	r.MP9601
276619	1625358p	287	239.125921045	-12.3740005394	56420.4793832	r.MP9601
276619	1625369p	287	239.117314129	-12.3731721313	56420.5232401	r.MP9601
276619	1625629p	287	238.924059394	-12.354851087	56421.5005386	r.MP9601
276619	1625904p	287	238.722412872	-12.3363891236	56422.5076793	r.MP9601
276637	1722738p	287	18.8126131133	4.50760893497	56835.6055923	r.MP9601
276637	1722901p	287	19.0558167229	4.61637088255	56836.6106577	r.MP9601
276637	1729021p	287	24.3628517139	7.02451083639	56862.5805761	r.MP9601
276637	1775270p	387	19.9517339818	11.0462311518	57041.2529777	r.MP9601
276637	1775279p	387	19.9624336049	11.0513061224	57041.2989976	r.MP9601
276637	1778894p	287	22.183051491	12.0770239786	57050.2477537	r.MP9601
276648	1671725p	387	23.0727119228	11.7032923039	56624.2458999	r.MP9601
276648	1671727p	387	23.0707667843	11.7038036276	56624.2648769	r.MP9601
276648	1672408p	287	22.5620156956	11.8974319675	56630.386232	r.MP9601
276648	1681857p	387	23.220534684	13.4497235823	56656.3741663	r.MP9601
276648	1681949p	287	23.5542961871	13.6900849551	56659.2493737	r.MP9601
276648	1681961p	287	23.5602157017	13.6941358371	56659.2964162	r.MP9601
276648	1681962p	387	23.561027604	13.6946914435	56659.3028684	r.MP9601
276648	1682229p	287	23.6776342672	13.7739174631	56660.2193742	r.MP9601
276648	1682239p	287	23.6832210075	13.7776301703	56660.2618051	r.MP9601
276648	1682252p	387	23.6922946341	13.783660112	56660.3307187	r.MP9601
276648	1682253p	387	23.6930764276	13.7841796583	56660.3366564	r.MP9601
276648	1682254p	387	23.6938809388	13.7847143018	56660.3427666	r.MP9601
276648	1682255p	387	23.6946919847	13.785253288	56660.3489265	r.MP9601
276699	1728790p	287	15.1541038739	3.61769480376	56861.5480517	r.MP9601
276699	1729701p	287	15.5413324063	3.62618249082	56865.5270037	r.MP9601
276713	1722736p	287	17.4378627378	5.88930268324	56835.5978274	r.MP9601
276713	1722899p	287	17.7699426496	6.00560748665	56836.6028601	r.MP9601
276716	1645251p	287	16.0563379189	3.59304464049	56506.5668078	r.MP9601
276716	1650811p	287	14.9218892575	4.51626844746	56534.431777	r.MP9601
276716	1651028p	287	14.8027949505	4.52777815129	56535.4359319	r.MP9601
276716	1651039p	287	14.7975587901	4.52824438475	56535.4789688	r.MP9601
276716	1651672p	287	14.2811368323	4.5589659591	56539.4043029	r.MP9601
276716	1651683p	287	14.2750421718	4.55917980684	56539.4470725	r.MP9601
276740	1646291p	287	19.9149161043	11.1087929307	56512.5673114	r.MP9601
276740	1646303p	287	19.9180272411	11.1113414873	56512.6161136	r.MP9601
276740	1651193p	287	19.6661674155	11.6981043127	56536.5412237	r.MP9601
276740	1651203p	287	19.662750425	11.6978883892	56536.58009	r.MP9601
276792	1778498p	387	217.005755732	-14.0545270479	57048.642903	r.MP9601
276829	1667915p	387	24.831229009	12.9992301885	56597.520566	r.MP9601
276829	1671667p	387	21.1670546123	11.8019463083	56623.3512607	r.MP9601
276829	1672211p	287	20.9539961443	11.7210625492	56629.2940392	r.MP9601
276829	1672396p	287	20.9424638497	11.7157198539	56630.3391174	r.MP9601
276829	1681666p	287	22.7767400018	12.3394965086	56655.2469916	r.MP9601
276829	1681667p	287	22.7774606412	12.3397481604	56655.2518362	r.MP9601
276829	1681850p	287	22.9405956436	12.396832225	56656.3381238	r.MP9601
276829	1681851p	287	22.9413128635	12.3970842914	56656.3428013	r.MP9601
276829	1681948p	287	23.406522886	12.5601465204	56659.2454555	r.MP9601
276829	1681960p	287	23.4144872696	12.5629451708	56659.2925356	r.MP9601
276829	1682228p	287	23.5716087666	12.6181092244	56660.2154941	r.MP9601
276829	1682238p	287	23.5789810641	12.6206904125	56660.2579246	r.MP9601
276829	1682251p	387	23.5903574717	12.6246735193	56660.3234003	r.MP9601
276855	1728417p	287	213.947150682	-14.6196525146	56856.3012217	r.MP9601
276862	1723123p	287	31.5741410566	18.5716231096	56837.5931655	r.MP9601
276864	1651190p	287	21.2902008466	12.5209788265	56536.5295826	r.MP9601
276864	1651200p	287	21.2912852662	12.5206227484	56536.5684274	r.MP9601
276864	1651360p	287	21.3143163609	12.5103496312	56537.5168484	r.MP9601
276864	1651372p	287	21.3153694787	12.5097439164	56537.5664068	r.MP9601
276864	1671919p	287	13.3458566791	4.84291173609	56625.3093456	r.MP9601
276864	1672376p	287	13.8884466923	4.84099351227	56630.2588282	r.MP9601
276864	1672389p	287	13.8952618535	4.84152888587	56630.3109186	r.MP9601
276864	1672747p	387	14.1551315101	4.86639646257	56632.2158041	r.MP9601
276909	1671725p	387	22.3827460036	11.6158151684	56624.2458999	r.MP9601
276909	1671725p	387	22.3827460036	11.6158151684	56624.2458999	r.MP9601
276909	1671727p	387	22.3816073859	11.6152564024	56624.2648769	r.MP9601
276909	1671727p	387	22.3816073859	11.6152564024	56624.2648769	r.MP9601
276909	1672405p	287	22.1364707783	11.4772669381	56630.3743212	r.MP9601
276909	1681856p	387	23.8720554946	11.9213199509	56656.3691284	r.MP9601
276918	1657930p	287	16.1100558646	6.0137412988	56571.4127785	r.MP9601
276918	1657951p	287	16.0916365495	6.00665508007	56571.5001428	r.MP9601
276918	1657952p	287	16.0904986273	6.00621730236	56571.5055401	r.MP9601
276918	1657953p	287	16.0893408324	6.00577187929	56571.5110316	r.MP9601
276918	1657954p	287	16.0883271108	6.00538188366	56571.5158398	r.MP9601
276918	1658289p	287	15.4478093601	5.75900910525	56574.5427456	r.MP9601
276918	1672598p	287	9.43198844046	3.68858201553	56631.244875	r.MP9601
276924	1757795p	500	46.1463789432	15.9312549653	56984.3910349	r.MP9601
276937	1645244p	287	17.6983967272	5.06666547252	56506.5396484	r.MP9601
276937	1645255p	287	17.7018291838	5.06815939146	56506.5823318	r.MP9601
276937	1650818p	287	17.7468474961	5.22578716666	56534.4616805	r.MP9601
276937	1650819p	287	17.7464687544	5.22567393459	56534.4663659	r.MP9601
276937	1650820p	287	17.7460881368	5.2255601417	56534.4710746	r.MP9601
276937	1650821p	287	17.7457029455	5.2254449814	56534.4758398	r.MP9601
276937	1651034p	287	17.6635089425	5.20077940361	56535.4595122	r.MP9601
276937	1651050p	287	17.6578244203	5.19906675911	56535.5251028	r.MP9601
276937	1651681p	287	17.2733448984	5.08014671904	56539.4392888	r.MP9601
276937	1651698p	287	17.2651053543	5.07756665978	56539.5141937	r.MP9601
276937	1656880p	287	13.0894600822	3.73253730701	56564.3273184	r.MP9601
276937	1656881p	287	13.0884321352	3.73220619274	56564.3322037	r.MP9601
276937	1656892p	287	13.0791195019	3.72920647982	56564.3764618	r.MP9601
276937	1656902p	287	13.0708993906	3.72655868161	56564.4155276	r.MP9601
276937	1657309p	287	12.4353874635	3.52297987506	56567.4059613	r.MP9601
276937	1657483p	287	11.981863239	3.37845133863	56569.5145333	r.MP9601
276937	1657485p	287	11.9800408755	3.37787437415	56569.5229766	r.MP9601
276937	1657486p	287	11.9789922555	3.37754237863	56569.5278351	r.MP9601
276937	1658277p	287	10.9080695897	3.04036378137	56574.4924912	r.MP9601
276941	1646439p	287	26.1550732274	14.0991140786	56513.5269875	r.MP9601
276941	1646450p	287	26.1611205505	14.1032049149	56513.5696745	r.MP9601
