183351
183352
183353
183354
183355
183357
183359
183360
183364
183365
183366
183369
183371
183372
183373
183374
183375
183376
183377
183379
183381
183382
183383
183384
183386
183389
183390
183391
183392
183393
183394
183395
183397
183399
183401
183402
183404
183406
183408
183411
183412
183414
183416
183417
183419
183420
183422
183423
183424
183425
183427
183428
183429
183432
183434
183435
183437
183438
183439
183440
183441
183443
183445
183446
183447
183448
183449
183453
183454
183455
183456
183457
183458
183459
183461
183462
183463
183464
183465
183466
183467
183469
183470
183471
183472
183474
183475
183476
183477
183478
183479
183480
183481
183483
183484
183485
183486
183488
183491
183492
183493
183494
183495
183496
183497
183498
183501
183504
183505
183507
183508
183509
183510
183512
183513
183515
183516
183517
183518
183519
183520
183521
183522
183524
183525
183526
183527
183528
183529
183531
183532
183533
183534
183537
183538
183541
183545
183546
183547
183549
183550
183551
183552
183553
183554
183555
183556
183557
183558
183560
183561
183563
183564
183565
183566
183567
183569
183571
183572
183574
183575
183576
183577
183579
183583
183584
183585
183587
183590
183591
183592
183593
183594
183596
183597
183598
183599
183601
183603
183604
183605
183606
183607
183608
183609
183610
183611
183612
183613
183614
183615
183617
183618
183619
183621
183622
183623
183624
183627
183628
183629
183631
183632
183636
183637
183638
183639
183640
183641
183642
183643
183645
183646
183649
183650
183651
183653
183654
183655
183656
183657
183658
183659
183660
183661
183663
183664
183665
183666
183667
183668
183669
183670
183671
183672
183673
183674
183676
183677
183679
183681
183682
183683
183685
183686
183687
183688
183690
183691
183692
183695
183696
183698
183699
183700
183701
183703
183705
183709
183710
183712
183714
183718
183720
183721
183722
183724
183725
183726
183727
183729
183730
183731
183732
183733
183734
183735
183736
183737
183738
183739
183740
183742
183743
183744
183745
183746
183747
183748
183750
183751
183752
183754
183755
183756
183757
183758
183759
183761
183762
183763
183764
183765
183766
183767
183770
183771
183773
183775
183776
183777
183778
183779
183780
183781
183782
183783
183784
183785
183787
183788
183789
183790
183797
183798
183799
183805
183806
183807
183808
183809
183812
183814
183815
183817
183819
183821
183824
183825
183826
183827
183828
183831
183832
183833
183834
183837
183838
183842
183843
183844
183845
183847
183848
183849
183851
183852
183853
183854
183855
183856
183858
183860
183863
183864
183868
183869
183871
183872
183873
183874
183875
183876
183877
183878
183880
183881
183883
183884
183886
183887
183888
183889
183890
183891
183892
183894
183896
183897
183898
183900
183901
183902
183903
183905
183906
183908
183909
183910
183911
183913
183914
183915
183916
183917
183918
183919
183921
183923
183924
183925
183928
183929
183930
183932
183933
183934
183935
183936
183937
183939
183940
183941
183942
183943
183944
183945
183947
183949
183953
183955
183956
183958
183959
183960
183961
183962
183969
183970
183972
183973
183974
183976
183977
183978
183979
183981
183982
183983
183985
183987
183988
183989
183990
183991
183992
183993
183995
183997
183999
184000
184001
184002
184003
184005
184007
184010
184012
184016
184017
184019
184020
184021
184023
184024
184025
184026
184027
184028
184030
184031
184033
184034
184035
184036
184037
184040
184043
184044
184046
184047
184049
184050
184051
184052
184053
184054
184055
184056
184057
184058
184059
184060
184061
184062
184063
184064
184065
184066
184067
184068
184070
184071
184072
184073
184074
184075
184077
184078
184079
184080
184082
184083
184084
184085
184086
184087
184088
184089
184090
184091
184092
184093
184094
184095
184096
184099
184100
184101
184102
184103
184104
184105
184106
184107
184109
184110
184111
184112
184113
184114
184116
184117
184118
184120
184122
184124
184125
184126
184128
184129
184130
184131
184133
184134
184135
184136
184137
184138
184139
184140
184143
184144
184145
184146
184147
184148
184149
184150
184152
184153
184154
184155
184156
184157
184158
184161
184162
184163
184164
184165
184166
184167
184168
184169
184170
184171
184172
184173
184174
184175
184177
184179
184180
184183
184184
184186
184187
184188
184189
184190
184191
184192
184193
184194
184195
184197
184198
184199
184200
184201
184202
184203
184204
184207
184209
184211
184214
184215
184216
184217
184218
184219
184220
184222
184223
184224
184226
184229
184230
184231
184232
184233
184234
184237
184238
184239
184240
184241
184242
184244
184245
184246
184247
184248
184250
184251
184254
184255
184256
184257
184258
184259
184260
184261
184262
184263
184264
184265
184271
184272
184273
184277
184281
184288
184289
184291
184292
184294
184295
184297
184299
184300
184302
184303
184304
184305
184307
184310
184313
184317
184318
184319
184320
184321
184322
184324
184325
184326
184327
184328
184329
184330
184331
184332
184333
184335
184336
184337
184338
184339
184340
184341
184342
184343
184345
184347
184348
184349
184350
184351
184352
184353
184354
184355
184356
184357
184358
184359
184360
184361
184362
184363
184364
184365
184366
184367
184368
184369
184371
184373
184374
184375
184376
184377
184378
184379
184380
184381
184382
184383
184384
184385
184386
184387
184391
184394
184395
184396
184397
184398
184399
184400
184401
184403
184404
184407
184408
184409
184410
184411
184414
184416
184418
184419
184420
184421
184422
184423
184424
184425
184427
184429
184430
184431
184433
184434
184435
184438
184439
184441
184442
184443
184444
184445
184446
184447
184448
184449
184451
184453
184454
184455
184458
184459
184461
184462
184463
184465
184466
184467
184468
184469
184470
184472
184473
184474
184475
184476
184477
184478
184479
184480
184483
184484
184486
184487
184488
184489
184490
184491
184492
184493
184494
184496
184500
184502
184503
184504
184506
184508
184510
184513
184514
184517
184518
184519
184520
184521
184522
184526
184527
184528
184529
184530
184532
184534
184535
184536
184537
184539
184540
184542
184544
184545
184547
184548
184549
184550
184552
184553
184554
184555
184558
184559
184560
184562
184564
184565
184566
184567
184569
184570
184571
184572
184574
184575
184576
184577
184578
184579
184580
184581
184583
184584
184588
184589
184590
184591
184592
184593
184594
184595
184596
184597
184598
184599
184600
184602
184603
184605
184606
184607
184609
184610
184613
184614
184615
184618
184619
184620
184623
184624
184625
184626
184627
184628
184629
184630
184632
184634
184635
184636
184638
184642
184643
184644
184646
184647
184652
184653
184655
184657
184660
184662
184663
184664
184666
184668
184669
184672
184673
184675
184676
184680
184682
184687
184688
184689
184691
184692
184694
184695
184697
184698
184699
184700
184701
184702
184704
184705
184707
184708
184709
184711
184712
184713
184714
184716
184717
184718
184719
184720
184721
184722
184723
184724
184725
184726
184728
184729
184730
184731
184732
184733
184734
184735
184742
184743
184744
184745
184747
184749
184751
184752
184753
184755
184756
184757
184758
184759
184760
184762
184763
184765
184766
184768
184769
184770
184771
184772
184776
184778
184779
184780
184781
184782
184783
184784
184787
184788
184789
184790
184791
184792
184794
184795
184796
184797
184798
184799
184800
184801
184803
184807
184808
184810
184813
184814
184815
184816
184817
184819
184820
184821
184822
184823
184825
184827
184828
184832
184834
184835
184836
184837
184838
184839
184840
184841
184843
184844
184845
184846
184848
184849
184850
184851
184852
184853
184854
184855
184856
184857
184858
184859
184860
184861
184862
184864
184865
184866
184867
184869
184870
184871
184872
184873
184874
184877
184878
184880
184881
184882
184883
184884
184885
184888
184889
184890
184891
184892
184894
184895
184899
184903
184904
184906
184907
184908
184910
184911
184912
184917
184918
184921
184922
184925
184926
184928
184930
184931
184934
184935
184936
184938
184939
184941
184944
184945
184946
184947
184949
184950
184951
184952
184953
184954
184956
184957
184958
184960
184962
184963
184964
184966
184967
184969
184970
184971
184972
184973
184974
184987
184989
184992
184993
184994
184995
184997
184998
185000
185002
185003
185004
185006
185007
185008
185013
185014
185015
185016
185018
185020
185022
185023
185024
185026
185028
185029
185031
185032
185033
185034
185035
185036
185037
185038
185039
185042
185044
185045
185046
185047
185049
185050
185052
185053
185055
185056
185057
185058
185059
185060
185061
185062
185063
185064
185065
185066
185069
185072
185077
185079
185080
185081
185082
185083
185084
185085
185086
185087
185088
185089
185090
185091
185094
185095
185096
185097
185098
185100
185101
185103
185104
185105
185106
185107
185108
185109
185110
185111
185112
185113
185115
185117
185118
185119
185120
185121
185122
185123
185125
185126
185128
185129
185130
185132
185133
185134
185135
185136
185137
185138
185139
185140
185141
185142
185144
185146
185147
185148
185149
185150
185151
185152
185153
185154
185155
185157
185158
185160
185161
185163
185166
185168
185169
185170
185171
185173
185175
185176
185178
185179
185180
185181
185182
185183
185184
185185
185186
185188
185189
185190
185191
185192
185194
185195
185196
185197
185198
185199
185201
185203
185205
185206
185207
185208
185210
185214
185215
185216
185217
185218
185219
185220
185222
185223
185224
185225
185226
185227
185228
185229
185230
185232
185233
185234
185235
185236
185237
185239
185240
185241
185242
185244
185245
185246
185248
185250
185251
185253
185254
185255
185258
185260
185261
185263
185264
185265
185266
185268
185269
185270
185271
185273
185275
185276
185277
185278
185279
185280
185281
185282
185284
185285
185286
185287
185288
185291
185294
185295
185297
185298
185299
185300
185301
185303
185306
185307
185308
185309
185310
185311
185312
185314
185315
185317
185318
185319
185320
185321
185323
185326
185327
185328
185329
185331
185332
185333
185335
185336
185337
185338
185339
185340
185341
185342
185343
185344
185345
185346
185347
185349
185350
185351
185352
185353
185354
185355
185356
185357
185359
185360
185361
185362
185363
185364
185365
185366
185372
185374
185377
185378
185381
185383
185384
185386
185387
185389
185390
185391
185392
185393
185394
185395
185397
185399
185401
185402
185403
185404
185407
185408
185409
185411
185413
185414
185415
185417
185418
185419
185420
185421
185422
185424
185426
185428
185429
185430
185431
185433
185434
185435
185436
185437
185438
185440
185441
185443
185445
185449
185453
185455
185457
185458
185459
185460
185461
185464
185465
185466
185467
185468
185469
185470
185473
185474
185475
185476
185477
185479
185483
185493
185494
185498
185501
185503
185504
185505
185506
185508
185509
185510
185511
185512
185513
185514
185515
185516
185517
185519
185520
185521
185522
185523
185524
185526
185527
185528
185534
185535
185537
185538
185541
185542
185543
185547
185548
185549
185550
185551
185552
185558
185559
185560
185561
185562
185563
185564
185565
185566
185567
185569
185570
185572
185573
185574
185575
185577
185578
185580
185581
185582
185584
185585
185587
185588
185589
185590
185591
185592
185593
185594
185595
185597
185599
185600
185601
185602
185603
185604
185605
185607
185608
185609
185610
185611
185612
185613
185614
185616
185619
185620
185621
185622
185623
185624
185625
185627
185630
185632
185633
185634
185635
185637
185639
185640
185641
185642
185643
185645
185646
185648
185650
185652
185653
185654
185659
185660
185661
185662
185663
185664
185665
185667
185668
185669
185670
185673
185674
185678
185679
185681
185682
185683
185684
185686
185687
185688
185690
185694
185696
185697
185698
185699
185701
185703
185704
185705
185706
185707
185709
185710
185711
185713
185714
185715
185717
185718
185719
185722
185724
185727
185728
185729
185730
185731
185732
185733
185734
185735
185737
185738
185739
185740
185741
185743
185744
185745
185747
185748
185749
185750
185751
185752
185753
185756
185757
185758
185759
185760
185761
185762
185763
185764
185765
185766
185768
185769
185770
185771
185772
185774
185775
185777
185778
185779
185781
185782
185783
185784
185785
185787
185788
185790
185791
185792
185793
185794
185795
185797
185798
185799
185800
185801
185802
185803
185804
185805
185806
185807
185808
185809
185811
185814
185815
185817
185819
185821
185822
185824
185825
185826
185827
185828
185829
185830
185832
185835
185836
185839
185840
185841
185845
185846
185847
185849
185852
185856
185857
185858
185859
185860
185861
185862
185864
185865
185867
185869
185871
185872
185875
185876
185878
185880
185883
185884
185885
185886
185887
185888
185890
185891
185892
185894
185895
185896
185898
185900
185901
185902
185903
185904
185905
185907
185909
185910
185911
185912
185913
185916
185917
185918
185920
185921
185922
185923
185924
185925
185926
185928
185929
185931
185933
185934
185935
185936
185937
185940
185941
185943
185944
185946
185948
185949
185950
185951
185953
185954
185955
185956
185957
185958
185959
185961
185962
185963
185964
185965
185967
185968
185969
185970
185972
185973
185974
185975
185978
185979
185980
185981
185982
185983
185985
185987
185988
185989
185990
185991
185992
185993
185994
185995
185996
185998
185999
186001
186003
186004
186005
186008
186009
186012
186013
186014
186015
186017
186019
186020
186025
186027
186028
186029
186030
186031
186033
186034
186036
186037
186039
186040
186041
186042
186043
186046
186048
186049
186051
186052
186053
186054
186055
186057
186058
186059
186060
186061
186062
186063
186064
186065
186066
186068
186070
186072
186073
186074
186075
186076
186077
186078
186079
186080
186081
186082
186083
186084
186085
186086
186090
186091
186092
186093
186094
186095
186097
186098
186099
186100
186101
186102
186105
186107
186109
186110
186111
186112
186113
186114
186115
186116
186118
186119
186122
186123
186124
186126
186127
186129
186130
186131
186133
186135
186136
186137
186139
186140
186141
186142
186143
186145
186146
186147
186148
186149
186150
186151
186152
186154
186155
186156
186159
186160
186161
186162
186163
186164
186166
186167
186168
186169
186170
186171
186172
186173
186174
186175
186176
186177
186178
186179
186180
186181
186182
186183
186184
186185
186187
186189
186190
186191
186192
186193
186195
186197
186200
186203
186205
186207
186208
186209
186210
186212
186213
186215
186216
186218
186219
186220
186221
186223
186224
186225
186226
186228
186230
186231
186233
186234
186236
186237
186238
186239
186240
186241
186244
186245
186246
186247
186249
186250
186252
186254
186256
186257
186258
186259
186260
186262
186263
186264
186265
186266
186267
186268
186270
186271
186273
186274
186275
186276
186277
186279
186280
186282
186284
186285
186286
186287
186288
186289
186291
186292
186293
186294
186295
186296
186297
186299
186300
186301
186302
186303
186304
186306
186307
186308
186310
186313
186314
186316
186317
186318
186319
186320
186321
186322
186323
186326
186327
186328
186330
186331
186335
186340
186342
186343
186345
186347
186349
186350
186351
186352
186353
186354
186355
186358
186359
186360
186361
186362
186363
186365
186367
186368
186370
186371
186372
186375
186376
186377
186378
186379
186380
186381
186382
186383
186385
186386
186387
186388
186390
186391
186392
186394
186395
186396
186397
186398
186399
186400
186401
186402
186403
186405
186406
186407
186408
186409
186410
186411
186412
186413
186414
186415
186416
186417
186418
186419
186420
186421
186422
186423
186425
186426
186427
186428
186429
186431
186433
186434
186435
186436
186437
186438
186439
186440
186441
186442
186443
186446
186447
186450
186454
186455
186456
186459
186460
186461
186463
186465
186466
186467
186468
186469
186470
186471
186472
186473
186476
186477
186478
186479
186480
186481
186482
186483
186485
186488
186490
186491
186492
186493
186496
186497
186498
186499
186501
186502
186503
186504
186505
186506
186508
186509
186510
186516
186517
186518
186519
186520
186521
186522
186523
186524
186526
186528
186533
186534
186535
186536
186537
186538
186541
186542
186545
186547
186549
186550
186551
186554
186555
186556
186557
186560
186561
186562
186563
186564
186565
186566
186567
186569
186570
186571
186573
186574
186575
186576
186577
186578
186579
186580
186581
186582
186583
186584
186585
186586
186587
186588
186589
186590
186593
186594
186595
186596
186597
186598
186599
186600
186602
186603
186605
186606
186607
186608
186609
186611
186612
186613
186614
186615
186617
186621
186622
186624
186626
186627
186628
186629
186630
186633
186636
186639
186640
186641
186642
186643
186644
186645
186646
186647
186649
186650
186651
186652
186654
186655
186656
186657
186658
186659
186660
186661
186663
186664
186665
186666
186667
186668
186669
186671
186672
186673
186674
186675
186676
186677
186678
186679
186680
186681
186682
186683
186684
186685
186686
186687
186688
186689
186690
186691
186692
186693
186694
186695
186696
186697
186698
186699
186701
186702
186704
186705
186706
186707
186709
186711
186712
186713
186714
186715
186716
186717
186718
186719
186720
186721
186724
186725
186726
186728
186729
186730
186731
186733
186738
186739
186740
186742
186743
186746
186747
186748
186750
186751
186752
186753
186754
186756
186757
186758
186759
186760
186762
186763
186764
186765
186766
186768
186769
186772
186773
186774
186775
186776
186777
186779
186780
186781
186782
186784
186786
186789
186790
186791
186793
186794
186795
186796
186798
186799
186801
186802
186803
186804
186805
186807
186809
186810
186814
186817
186818
186819
186820
186821
186824
186826
186827
186831
186833
186834
186836
186837
186838
186839
186840
186847
186849
186850
186851
186852
186853
186854
186855
186856
186858
186859
186860
186861
186862
186863
186864
186866
186868
186869
186870
186871
186872
186873
186874
186875
186876
186877
186878
186880
186881
186883
186884
186885
186886
186887
186888
186889
186892
186893
186894
186895
186897
186899
186900
186901
186902
186903
186904
186908
186909
186910
186912
186913
186914
186917
186918
186920
186921
186922
186925
186926
186927
186928
186929
186930
186932
186934
186935
186936
186937
186938
186941
186943
186944
186945
186946
186947
186948
186949
186952
186956
186958
186959
186960
186961
186962
186963
186964
186966
186967
186968
186969
186970
186972
186974
186975
186976
186977
186978
186979
186981
186982
186983
186985
186986
186987
186988
186990
186991
186992
186993
186994
186995
186996
186997
186998
186999
187000
187001
187003
187004
187005
187006
187007
187008
187009
187010
187012
187014
187015
187016
187017
187027
187028
187029
187032
187035
187036
187037
187038
187039
187041
187042
187045
187046
187047
187048
187049
187050
187051
187053
187054
187055
187057
187058
187059
187060
187061
187062
187063
187064
187067
187068
187069
187071
187072
187073
187074
187076
187077
187079
187080
187081
187083
187086
187088
187090
187091
187092
187093
187094
187095
187096
187097
187098
187099
187101
187102
187104
187105
187108
187109
187111
187112
187113
187114
187117
187119
187120
187121
187122
187123
187124
187125
187127
187128
187129
187130
187131
187133
187134
187135
187137
187139
187140
187141
187143
187144
187146
187147
187148
187149
187152
187153
187154
187157
187158
187159
187160
187162
187164
187165
187166
187168
187171
187174
187178
187179
187180
187182
187183
187184
187185
187186
187187
187188
187189
187194
187195
187196
187198
187199
187200
187201
187202
187203
187204
187205
187206
187207
187208
187209
187210
187211
187212
187213
187214
187215
187216
187217
187221
187222
187224
187226
187228
187229
187231
187232
187233
187234
187236
187237
187238
187239
187240
187243
187244
187245
187246
187247
187248
187249
187250
187251
187253
187254
187257
187258
187259
187261
187263
187265
187266
187268
187269
187271
187272
187273
187274
187275
187279
187280
187281
187282
187284
187285
187287
187288
187289
187290
187291
187293
187295
187298
187301
187302
187303
187304
187305
187306
187309
187312
187313
187314
187316
187318
187319
187322
187323
187325
187326
187330
187331
187332
187333
187335
187336
187338
187340
187341
187343
187344
187347
187348
187349
187350
187351
187352
187353
187355
187357
187358
187360
187361
187362
187363
187364
187366
187367
187368
187369
187370
187371
187372
187375
187376
187378
187379
187382
187384
187387
187389
187390
187391
187392
187393
187394
187395
187396
187397
187398
187399
187401
187402
187404
187405
187406
187408
187409
187412
187413
187414
187416
187417
187418
187421
187422
187424
187425
187426
187427
187428
187430
187431
187432
187434
187435
187437
187438
187439
187440
187441
187442
187443
187444
187445
187446
187447
187448
187449
187454
187457
187458
187462
187464
187465
187477
187481
187482
187484
187485
187488
187491
187493
187495
187496
187499
187500
187501
187502
187503
187504
187505
187506
187507
187508
187512
187514
187515
187517
187519
187520
187521
187523
187524
187525
187526
187528
187530
187531
187533
187534
187535
187536
187537
187538
187539
187540
187542
187543
187544
187545
187546
187547
187549
187550
187551
187553
187554
187556
187558
187559
187560
187561
187562
187563
187564
187565
187566
187567
187569
187570
187571
187572
187573
187575
187576
187577
187578
187579
187580
187581
187582
187583
187584
187585
187586
187587
187588
187589
187590
187591
187592
187594
187595
187598
187601
187602
187603
187604
187606
187608
187610
187611
187612
187616
187617
187618
187619
187620
187621
187622
187623
187624
187625
187626
187628
187631
187632
187634
187635
187636
187637
187638
187639
187642
187645
187647
187648
187649
187650
187651
187652
187653
187654
187658
187662
187663
187664
187665
187666
187668
187669
187670
187672
187673
187674
187676
187677
187678
187679
187680
187681
187682
187683
187684
187685
187687
187689
187691
187694
187695
187696
187697
187698
187699
187700
187701
187702
187704
187705
187706
187707
187710
187711
187713
187714
187715
187716
187718
187720
187721
187722
187723
187725
187727
187729
187731
187733
187734
187735
187736
187737
187738
187739
187740
187744
187745
187747
187750
187751
187752
187753
187754
187756
187757
187758
187760
187761
187762
187763
187765
187767
187768
187769
187770
187771
187775
187776
187777
187778
187780
187781
187782
187783
187786
187787
187794
187795
187796
187797
187798
187800
187801
187803
187804
187805
187806
187807
187808
187809
187810
187811
187812
187813
187814
187816
187817
187818
187819
187820
187821
187822
187823
187824
187826
187827
187828
187829
187830
187831
187832
187833
187834
187836
187837
187838
187839
187840
187841
187842
187843
187844
187845
187846
187848
187849
187850
187851
187853
187858
187862
187864
187865
187866
187867
187868
187869
187870
187871
187872
187874
187875
187876
187877
187878
187879
187880
187882
187883
187884
187885
187887
187888
187889
187890
187891
187892
187893
187894
187895
187896
187897
187898
187899
187900
187902
187904
187906
187907
187908
187909
187910
187911
187912
187913
187914
187915
187916
187918
187920
187921
187923
187924
187925
187926
187927
187928
187930
187931
187932
187933
187934
187935
187936
187937
187938
187939
187940
187942
187943
187944
187945
187946
187947
187948
187950
187951
187952
187953
187955
187956
187960
187962
187963
187964
187965
187968
187969
187970
187971
187972
187973
187974
187975
187976
187978
187979
187981
187983
187985
187986
187987
187988
187990
187991
187994
187998
187999
188000
188001
188002
188003
188004
188005
188007
188010
188012
188015
188016
188017
188019
188021
188022
188024
188025
188027
188028
188030
188031
188032
188034
188035
188038
188039
188040
188041
188042
188043
188044
188045
188047
188049
188050
188052
188054
188055
188056
188057
188058
188059
188061
188062
188064
188065
188066
188067
188068
188069
188070
188072
188073
188074
188075
188076
188078
188080
188081
188082
188084
188085
188086
188087
188088
188089
188090
188092
188094
188095
188096
188097
188099
188100
188101
188102
188103
188104
188105
188106
188107
188108
188110
188111
188112
188114
188115
188117
188119
188120
188121
188122
188123
188124
188126
188127
188128
188130
188131
188133
188135
188136
188137
188138
188139
188140
188142
188144
188145
188146
188148
188150
188151
188152
188153
188155
188156
188158
188159
188160
188161
188162
188167
188169
188171
188172
188173
188175
188176
188177
188178
188180
188181
188182
188184
188185
188188
188189
188190
188191
188192
188193
188194
188195
188196
188197
188198
188199
188200
188201
188202
188203
188204
188205
188206
188207
188208
188210
188211
188212
188213
188214
188215
188216
188218
188219
188220
188221
188222
188223
188224
188225
188226
188227
188229
188230
188231
188232
188235
188236
188237
188239
188240
188241
188242
188243
188244
188245
188246
188248
188249
188250
188251
188252
188254
188256
188258
188259
188260
188261
188262
188263
188264
188265
188266
188267
188268
188270
188271
188273
188275
188276
188277
188279
188281
188282
188283
188284
188285
188286
188287
188288
188289
188290
188291
188293
188294
188295
188296
188297
188298
188299
188300
188301
188303
188306
188307
188308
188309
188310
188311
188312
188313
188314
188315
188316
188317
188319
188320
188321
188323
188324
188325
188326
188327
188328
188329
188330
188331
188332
188335
188336
188337
188342
188343
188344
188345
188346
188348
188352
188353
188354
188355
188356
188358
188359
188360
188361
188362
188363
188364
188365
188367
188368
188369
188370
188371
188374
188376
188377
188378
188380
188381
188382
188383
188384
188385
188387
188389
188390
188391
188393
188396
188398
188399
188400
188405
188406
188407
188408
188409
188410
188411
188413
188414
188416
188419
188420
188421
188422
188423
188425
188428
188429
188430
188432
188433
188436
188437
188438
188439
188440
188441
188442
188443
188444
188445
188446
188448
188449
188450
188451
188453
188454
188456
188457
188458
188459
188460
188462
188463
188464
188465
188467
188468
188470
188471
188472
188473
188474
188475
188478
188480
188481
188482
188483
188484
188486
188489
188490
188492
188494
188495
188500
188501
188504
188505
188506
188507
188508
188509
188511
188512
188515
188518
188520
188521
188522
188524
188525
188526
188527
188528
188530
188531
188532
188534
188535
188536
188537
188538
188539
188540
188542
188543
188545
188546
188547
188548
188549
188550
188552
188553
188554
188555
188556
188557
188558
188560
188561
188562
188564
188565
188566
188567
188568
188569
188570
188571
188572
188573
188578
188579
188581
188582
188583
188584
188586
188587
188588
188589
188591
188592
188593
188594
188595
188596
188597
188598
188599
188601
188603
188605
188607
188608
188609
188610
188611
188613
188615
188616
188618
188619
188620
188622
188623
188624
188625
188626
188627
188628
188629
188630
188632
188633
188634
188635
188636
188638
188639
188640
188641
188642
188644
188645
188646
188648
188649
188650
188651
188652
188653
188654
188655
188656
188657
188658
188659
188661
188663
188665
188667
188668
188670
188671
188673
188676
188679
188681
188682
188683
188684
188685
188686
188687
188688
188690
188691
188693
188694
188696
188697
188698
188699
188701
188704
188705
188706
188707
188708
188710
188711
188713
188714
188715
188716
188718
188720
188721
188722
188723
188724
188725
188726
188727
188728
188730
188731
188733
188734
188735
188737
188738
188739
188741
188743
188746
188747
188748
188749
188750
188751
188753
188756
188757
188759
188760
188762
188763
188764
188765
188766
188767
188772
188774
188775
188778
188779
188780
188781
188783
188784
188785
188787
188789
188790
188792
188795
188796
188797
188799
188802
188803
188804
188805
188806
188809
188810
188811
188813
188816
188817
188818
188819
188820
188821
188822
188824
188825
188827
188828
188829
188830
188831
188834
188838
188840
188848
188850
188852
188853
188855
188856
188857
188858
188859
188860
188861
188862
188863
188865
188866
188868
188870
188871
188873
188874
188875
188876
188878
188880
188881
188882
188883
188884
188885
188887
188889
188890
188891
188892
188893
188894
188895
188896
188897
188898
188900
188902
188903
188904
188905
188907
188908
188909
188910
188915
188916
188917
188918
188919
188920
188922
188923
188924
188926
188927
188928
188929
188930
188931
188932
188933
188934
188936
188937
188939
188940
188945
188946
188948
188949
188950
188951
188953
188954
188956
188957
188958
188959
188961
188962
188963
188964
188967
188968
188970
188972
188973
188975
188979
188980
188981
188982
188983
188985
188987
188988
188989
188990
188992
188993
188994
188995
188996
188997
188998
188999
189000
189001
189002
189003
189005
189006
189007
189009
189010
189013
189014
189015
189016
189017
189018
189019
189020
189023
189025
189026
189027
189028
189030
189031
189032
189033
189034
189036
189038
189039
189042
189043
189045
189046
189056
189057
189059
189060
189063
189065
189066
189068
189073
189074
189075
189076
189077
189078
189079
189080
189081
189082
189083
189085
189086
189087
189088
189091
189092
189094
189095
189096
189098
189099
189100
189105
189106
189107
189109
189110
189111
189112
189115
189116
189119
189120
189122
189123
189125
189126
189127
189129
189130
189131
189132
189133
189135
189138
189139
189140
189141
189142
189143
189145
189146
189147
189148
189149
189150
189151
189153
189154
189155
189156
189157
189158
189160
189163
189164
189167
189168
189169
189171
189172
189174
189175
189176
189177
189178
189179
189180
189181
189182
189183
189184
189185
189186
189187
189188
189190
189191
189192
189193
189195
189196
189198
189200
189201
189202
189204
189205
189208
189209
189210
189211
189212
189216
189218
189219
189220
189221
189222
189224
189225
189226
189227
189229
189230
189231
189232
189233
189234
189235
189236
189237
189238
189239
189240
189241
189242
189243
189244
189245
189246
189248
189249
189250
189251
189252
189256
189257
189258
189259
189260
189261
189262
189264
189266
189267
189270
189273
189274
189275
189276
189278
189279
189280
189283
189284
189285
189286
189287
189288
189291
189292
189293
189296
189297
189298
189299
189300
189302
189303
189304
189306
189308
189309
189311
189314
189315
189318
189322
189323
189324
189325
189326
189327
189328
189329
189330
189331
189332
189334
189335
189336
189337
189338
189339
189340
189341
189342
189343
189344
189345
189348
189349
189350
189351
189353
189354
189356
189357
189358
189360
189361
189362
189364
189365
189367
189368
189369
189370
189371
189374
189375
189378
189379
189381
189382
189383
189384
189385
189388
189390
189391
189392
189393
189394
189395
189396
189397
189399
189400
189403
189405
189406
189407
189413
189414
189415
189416
189417
189418
189421
189422
189423
189424
189425
189427
189428
189429
189430
189431
189432
189433
189434
189435
189437
189438
189439
189440
189441
189443
189444
189445
189446
189447
189448
189449
189450
189452
189453
189455
189456
189457
189459
189460
189461
189462
189463
189464
189465
189467
189469
189470
189471
189472
189473
189474
189475
189476
189479
189481
189482
189485
189486
189487
189488
189489
189490
189491
189492
189494
189495
189496
189497
189499
189500
189501
189502
189503
189505
189506
189507
189508
189509
189510
189512
189513
189514
189516
189519
189520
189523
189524
189526
189530
189531
189532
189533
189534
189535
189536
189537
189539
189540
189541
189542
189547
189548
189549
189551
189553
189554
189556
189557
189558
189560
189561
189563
189564
189565
189567
189568
189570
189571
189573
189574
189576
189577
189578
189580
189585
189587
189588
189590
189591
189592
189593
189594
189596
189597
189598
189599
189600
189601
189603
189604
189609
189610
189611
189612
189613
189614
189617
189618
189621
189622
189623
189624
189625
189626
189627
189628
189629
189631
189632
189633
189635
189636
189637
189638
189639
189640
189641
189643
189644
189645
189646
189647
189648
189649
189651
189653
189654
189655
189656
189657
189658
189659
189661
189662
189663
189664
189666
189667
189668
189669
189672
189673
189674
189676
189679
189680
189681
189683
189685
189688
189689
189691
189692
189693
189694
189695
189699
189702
189704
189705
189706
189707
189708
189709
189710
189712
189714
189716
189719
189720
189721
189722
189723
189724
189727
189728
189729
189730
189731
189732
189733
189734
189735
189736
189741
189742
189743
189744
189745
189746
189747
189748
189749
189751
189752
189753
189754
189755
189757
189758
189759
189760
189762
189765
189767
189769
189770
189771
189773
189774
189776
189777
189778
189779
189780
189782
189783
189786
189787
189788
189789
189790
189791
189792
189795
189796
189797
189798
189800
189801
189803
189804
189805
189807
189808
189809
189810
189811
189812
189813
189814
189815
189816
189817
189818
189819
189820
189821
189822
189825
189826
189827
189828
189830
189831
189832
189833
189834
189835
189836
189837
189838
189839
189840
189845
189846
189847
189848
189852
189854
189857
189858
189860
189861
189862
189863
189864
189867
189868
189869
189870
189871
189873
189874
189876
189878
189879
189880
189881
189882
189883
189885
189886
189888
189890
189891
189892
189894
189895
189896
189897
189899
189900
189901
189902
189903
189904
189906
189907
189908
189910
189912
189914
189918
189920
189922
189923
189926
189927
189928
189929
189930
189931
189932
189934
189935
189936
189937
189939
189940
189943
189944
189945
189946
189947
189952
189953
189954
189955
189956
189959
189962
189963
189964
189965
189966
189967
189968
189969
189970
189971
189974
189975
189976
189977
189978
189979
189980
189981
189982
189983
189984
189985
189986
189987
189988
189989
189991
189994
189995
189997
189999
190000
190001
190002
190003
190006
190008
190009
190010
190011
190012
190013
190014
190015
190016
190017
190018
190019
190021
190022
190023
190024
190025
190026
190028
190030
190031
190032
190034
190035
190036
190037
190038
190039
190041
190042
190043
190046
190048
190049
190050
190052
190053
190054
190055
190056
190057
190058
190060
190061
190062
190063
190064
190065
190066
190068
190069
190071
190073
190075
190076
190077
190078
190079
190080
190084
190085
190086
190087
190088
190089
190090
190091
190092
190093
190096
190100
190105
190109
190110
190111
190113
190114
190116
190117
190118
190120
190121
190122
190123
190124
190125
190128
190129
190130
190131
190134
190136
190137
190138
190139
190140
190141
190143
190144
190145
190146
190147
190148
190149
190150
190151
190152
190153
190154
190155
190157
190159
190160
190162
190163
190164
190165
190167
190168
190170
190171
190172
190173
190176
190177
190178
190179
190180
190181
190182
190184
190185
190187
190188
190189
190190
190191
190192
190193
190194
190195
190197
190198
190199
190200
190202
190203
190204
190207
190209
190210
190212
190213
190215
190216
190217
190219
190220
190221
190222
190223
190227
190228
190230
190231
190234
190235
190237
190238
190239
190241
190243
190244
190245
190246
190247
190248
190250
190254
190255
190256
190257
190258
190259
190261
190262
190266
190269
190270
190271
190272
190273
190274
190275
190277
190278
190279
190280
190281
190282
190283
190284
190285
190286
190290
190291
190295
190296
190298
190300
190302
190303
190305
190310
190314
190315
190316
190317
190318
190319
190320
190321
190322
190324
190325
190326
190327
190328
190330
190331
190332
190333
190334
190335
190336
190338
190340
190341
190342
190345
190346
190348
190349
190350
190355
190356
190360
190361
190365
190366
190368
190369
190370
190371
190372
190374
190375
190378
190379
190380
190381
190382
190383
190385
190386
190387
190388
190389
190390
190393
190397
190398
190400
190403
190404
190405
190406
190408
190411
190412
190415
190416
190417
190418
190420
190422
190424
190426
190429
190430
190432
190433
190435
190436
190439
190441
190443
190444
190447
190448
190449
190450
190451
190452
190453
190455
190456
190461
190462
190463
190464
190465
190466
190467
190469
190470
190471
190472
190473
190474
190475
190476
190477
190478
190479
190481
190482
190483
190484
190485
190486
190487
190488
190489
190490
190492
190493
190494
190495
190496
190497
190498
190499
190503
190505
190506
190508
190509
190512
190513
190515
190516
190517
190519
190520
190521
190522
190523
190524
190526
190527
190528
190529
190530
190531
190532
190535
190537
190539
190540
190542
190544
190545
190546
190547
190549
190551
190552
190553
190554
190555
190556
190557
190558
190559
190562
190563
190564
190565
190566
190568
190569
190570
190571
190572
190573
190575
190577
190578
190579
190581
190582
190583
190584
190586
190587
190589
190590
190591
190592
190594
190595
190596
190603
190605
190606
190607
190608
190609
190610
190611
190612
190613
190615
190616
190619
190621
190623
190625
190626
190629
190630
190631
190632
190634
190635
190636
190640
190641
190642
190644
190647
190648
190652
190653
190654
190655
190656
190657
190658
190659
190661
190662
190663
190666
190667
190668
190670
190671
190675
190676
190678
190682
190686
190687
190688
190691
190692
190693
190694
190695
190696
190697
190698
190699
190701
190703
190704
190705
190707
190709
190711
190712
190713
190714
190715
190716
190717
190718
190719
190720
190721
190724
190725
190726
190727
190728
190729
190730
190731
190732
190737
190739
190741
190742
190743
190744
190745
190746
190747
190748
190749
190750
190751
190752
190754
190755
190756
190757
190759
190762
190763
190764
190765
190767
190768
190769
190770
190771
190772
190773
190774
190775
190776
190777
190778
190779
190780
190781
190782
190783
190785
190786
190787
190789
190790
190791
190793
190794
190796
190797
190798
190799
190801
190802
190803
190804
190805
190806
190807
190808
190809
190810
190811
190812
190813
190814
190815
190816
190817
190818
190819
190820
190821
190822
190824
190825
190826
190827
190828
190829
190830
190831
190832
190834
190835
190836
190837
190838
190839
190840
190841
190843
190845
190848
190850
190851
190853
190856
190857
190858
190859
190861
190862
190864
190865
190866
190868
190870
190872
190873
190874
190875
190876
190878
190879
190880
190882
190883
190884
190889
190890
190891
190892
190893
190895
190897
190898
190902
190904
190905
190906
190907
190909
190910
190913
190914
190915
190918
190920
190922
190926
190927
190928
190929
190931
190932
190933
190934
190937
190939
190941
190944
190945
190946
190947
190948
190949
190950
190951
190953
190954
190955
190956
190957
190958
190959
190961
190962
190963
190964
190965
190968
190969
190970
190973
190974
190976
190977
190978
190979
190981
190983
190985
190986
190987
190988
190989
190990
190991
190996
190999
191001
191002
191004
191005
191006
191007
191008
191009
191010
191011
191012
191013
191014
191015
191016
191017
191018
191019
191021
191022
191024
191025
191026
191027
191029
191031
191033
191035
191036
191037
191042
191043
191047
191048
191049
191050
191051
191052
191053
191055
191056
191057
191058
191061
191062
191065
191066
191067
191069
191070
191071
191072
191073
191074
191076
191077
191079
191080
191081
191082
191083
191084
191085
191086
191087
191090
191091
191092
191093
191096
191101
191105
191106
191109
191110
191112
191117
191119
191120
191122
191123
191124
191125
191127
191128
191129
191130
191133
191135
191136
191137
191138
191139
191140
191141
191142
191144
191146
191147
191148
191150
191151
191152
191154
191155
191157
191159
191160
191161
191162
191163
191164
191165
191166
191167
191168
191169
191170
191171
191172
191173
191174
191176
191177
191178
191179
191180
191181
191182
191183
191185
191186
191187
191189
191190
191191
191193
191199
191200
191201
191202
191203
191204
191205
191206
191208
191209
191210
191211
191212
191213
191215
191216
191218
191219
191220
191221
191222
191223
191224
191225
191226
191227
191228
191229
191230
191231
191232
191233
191234
191235
191236
191237
191239
191240
191241
191243
191244
191245
191246
191247
191248
191249
191250
191251
191252
191253
191254
191255
191256
191257
191258
191259
191260
191262
191263
191265
191267
191268
191270
191271
191272
191274
191277
191278
191279
191280
191281
191282
191283
191285
191287
191288
191289
191290
191292
191293
191294
191295
191297
191299
191300
191301
191305
191306
191307
191308
191309
191310
191312
191314
191315
191317
191318
191319
191320
191321
191322
191324
191325
191326
191327
191329
191332
191333
191335
191336
191338
191339
191341
191342
191344
191347
191348
191349
191350
191351
191352
191354
191355
191356
191361
191362
191363
191365
191366
191367
191369
191371
191372
191375
191377
191378
191379
191380
191381
191382
191383
191384
191385
191386
191387
191388
191389
191390
191391
191392
191393
191394
191395
191396
191397
191399
191400
191401
191402
191403
191404
191406
191410
191411
191412
191413
191414
191416
191417
191418
191420
191421
191423
191424
191425
191427
191431
191432
191433
191434
191435
191436
191437
191438
191439
191440
191442
191445
191446
191447
191448
191449
191450
191453
191455
191456
191457
191459
191460
191464
191465
191466
191468
191469
191471
191474
191476
191477
191478
191479
191480
191481
191484
191485
191486
191487
191488
191490
191491
191492
191493
191494
191495
191496
191497
191498
191500
191501
191502
191504
191505
191507
191508
191509
191511
191512
191513
191515
191517
191518
191519
191520
191521
191524
191525
191527
191528
191529
191530
191531
191533
191534
191535
191537
191540
191541
191542
191543
191545
191546
191547
191548
191549
191550
191551
191553
191554
191555
191556
191557
191558
191559
191561
191562
191563
191565
191570
191571
191572
191573
191575
191576
191579
191580
191582
191583
191584
191587
191588
191590
191591
191592
191593
191594
191595
191597
191599
191600
191602
191603
191604
191605
191606
191607
191608
191609
191610
191611
191612
191613
191614
191615
191617
191618
191620
191623
191624
191625
191626
191628
191629
191630
191631
191632
191633
191634
191635
191636
191637
191638
191639
191640
191641
191642
191644
191648
191649
191650
191651
191652
191653
191654
191655
191656
191657
191658
191659
191660
191661
191662
191663
191664
191665
191666
191667
191669
191672
191673
191674
191675
191676
191677
191679
191680
191682
191683
191684
191685
191686
191687
191688
191689
191690
191691
191692
191693
191694
191695
191696
191697
191698
191699
191700
191701
191702
191703
191704
191705
191706
191708
191710
191711
191712
191713
191714
191716
191719
191720
191721
191722
191723
191724
191725
191726
191727
191728
191731
191733
191734
191735
191736
191738
191739
191740
191741
191743
191744
191747
191748
191749
191751
191753
191754
191755
191756
191758
191760
191761
191763
191764
191766
191767
191768
191770
191771
191773
191774
191775
191776
191777
191778
191779
191780
191781
191784
191785
191786
191787
191788
191789
191791
191792
191794
191795
191796
191797
191798
191800
191801
191802
191803
191805
191806
191808
191809
191810
191811
191813
191814
191815
191816
191817
191818
191819
191821
191822
191823
191825
191826
191828
191829
191832
191833
191834
191835
191836
191837
191838
191839
191840
191841
191843
191847
191850
191851
191852
191854
191857
191858
191860
191861
191863
191864
191865
191866
191867
191868
191869
191870
191874
191875
191876
191877
191878
191879
191880
191882
191884
191885
191887
191888
191889
191890
191891
191893
191895
191896
191897
191900
191901
191902
191903
191904
191906
191907
191909
191910
191911
191917
191918
191920
191921
191922
191923
191924
191925
191926
191927
191928
191930
191931
191932
191933
191934
191936
191937
191938
191939
191940
191941
191942
191943
191944
191945
191946
191947
191948
191950
191951
191952
191953
191954
191955
191956
191957
191958
191959
191961
191962
191963
191965
191966
191967
191968
191969
191970
191971
191973
191974
191975
191977
191978
191979
191980
191982
191984
191986
191987
191988
191990
191991
191992
191993
191994
191995
191996
191997
191998
192000
192001
192002
192003
192004
192005
192006
192007
192009
192010
192011
192012
192013
192014
192015
192016
192017
192018
192020
192021
192023
192026
192027
192029
192030
192031
192032
192033
192035
192036
192037
192038
192039
192040
192041
192042
192044
192045
192046
192047
192048
192049
192050
192051
192052
192053
192055
192056
192057
192059
192061
192062
192063
192064
192072
192073
192075
192076
192077
192079
192080
192081
192082
192084
192087
192088
192089
192091
192096
192100
192101
192103
192104
192106
192108
192109
192110
192111
192112
192113
192114
192115
192116
192117
192118
192119
192120
192121
192123
192125
192127
192128
192129
192130
192131
192132
192133
192134
192135
192136
192137
192138
192140
192141
192142
192143
192144
192146
192148
192149
192150
192151
192152
192153
192154
192155
192156
192157
192161
192162
192164
192165
192166
192167
192168
192169
192170
192171
192172
192173
192174
192175
192176
192177
192178
192179
192180
192181
192182
192183
192184
192185
192186
192187
192188
192190
192192
192193
192196
192198
192199
192200
192201
192202
192203
192204
192206
192208
192209
192210
192212
192216
192219
192225
192226
192227
192232
192233
192234
192235
192237
192238
192239
192240
192241
192242
192243
192246
192247
192249
192250
192251
192252
192253
192254
192255
192258
192260
192261
192263
192264
192265
192266
192269
192270
192271
192272
192274
192275
192276
192278
192279
192280
192281
192282
192283
192284
192285
192286
192288
192289
192291
192294
192295
192297
192298
192299
192300
192301
192302
192303
192304
192305
192306
192307
192308
192309
192310
192311
192314
192315
192316
192317
192318
192319
192320
192323
192324
192325
192327
192328
192329
192331
192332
192333
192335
192336
192337
192338
192339
192340
192341
192342
192344
192346
192348
192349
192350
192351
192353
192354
192355
192356
192357
192358
192359
192360
192361
192363
192364
192365
192366
192369
192371
192372
192373
192374
192376
192378
192379
192383
192385
192387
192391
192392
192395
192396
192398
192399
192400
192401
192402
192403
192404
192405
192407
192408
192409
192410
192411
192412
192413
192414
192415
192417
192418
192419
192420
192421
192422
192424
192425
192428
192429
192431
192433
192434
192435
192436
192437
192438
192440
192441
192443
192446
192450
192452
192453
192456
192458
192462
192464
192465
192466
192467
192468
192469
192470
192473
192474
192475
192476
192477
192479
192480
192481
192482
192483
192484
192485
192487
192488
192489
192490
192491
192492
192493
192495
192496
192497
192498
192499
192501
192502
192503
192504
192505
192506
192508
192509
192511
192513
192514
192515
192516
192518
192519
192520
192521
192522
192523
192524
192525
192527
192528
192529
192530
192531
192532
192533
192534
192535
192536
192537
192538
192539
192540
192541
192542
192544
192545
192546
192548
192549
192550
192551
192552
192553
192556
192557
192561
192562
192564
192565
192568
192569
192571
192572
192573
192574
192575
192576
192577
192578
192580
192582
192584
192586
192587
192588
192590
192593
192594
192595
192596
192597
192598
192603
192606
192607
192608
192610
192612
192613
192614
192615
192616
192617
192622
192623
192624
192625
192626
192627
192628
192629
192630
192631
192632
192634
192635
192636
192637
192638
192640
192641
192644
192646
192647
192648
192650
192652
192654
192655
192657
192658
192659
192661
192662
192663
192664
192669
192670
192671
192672
192674
192675
192676
192677
192678
192679
192681
192683
192684
192685
192687
192688
192689
192691
192692
192693
192695
192699
192701
192704
192705
192706
192707
192708
192709
192711
192712
192713
192714
192715
192716
192717
192718
192719
192720
192721
192722
192723
192724
192725
192726
192727
192728
192729
192730
192731
192732
192733
192734
192735
192736
192738
192739
192741
192742
192743
192744
192745
192746
192747
192748
192749
192752
192753
192754
192755
192757
192758
192759
192761
192762
192764
192765
192766
192767
192770
192771
192774
192775
192776
192778
192782
192784
192785
192788
192789
192790
192791
192792
192794
192795
192797
192798
192799
192800
192804
192805
192806
192807
192809
192810
192811
192812
192813
192814
192815
192816
192817
192818
192820
192824
192825
192826
192827
192828
192829
192830
192831
192832
192833
192834
192835
192837
192838
192839
192841
192842
192843
192848
192849
192850
192851
192853
192856
192857
192860
192861
192862
192863
192864
192865
192866
192867
192869
192870
192871
192872
192873
192876
192878
192879
192880
192881
192883
192884
192885
192886
192887
192888
192889
192890
192891
192892
192893
192894
192895
192896
192897
192898
192899
192900
192901
192902
192903
192904
192905
192906
192907
192909
192910
192911
192912
192916
192917
192919
192921
192922
192923
192924
192925
192926
192927
192928
192931
192932
192933
192934
192935
192936
192937
192939
192941
192943
192944
192945
192947
192948
192949
192950
192953
192954
192955
192957
192958
192959
192960
192961
192962
192963
192965
192967
192969
192970
192973
192974
192975
192976
192977
192978
192980
192981
192982
192983
192984
192985
192986
192987
192988
192989
192991
192992
192995
192996
192997
192998
192999
193001
193002
193003
193004
193005
193006
193007
193008
193009
193012
193013
193014
193015
193017
193018
193019
193021
193022
193023
193024
193025
193026
193027
193028
193029
193031
193032
193033
193034
193035
193036
193037
193038
193040
193041
193042
193043
193044
193045
193046
193047
193049
193050
193051
193053
193054
193058
193059
193060
193061
193062
193063
193064
193068
193070
193071
193073
193074
193075
193077
193078
193079
193080
193081
193083
193084
193085
193086
193087
193088
193089
193091
193092
193093
193094
193095
193096
193097
193098
193099
193100
193101
193102
193103
193104
193105
193106
193107
193108
193109
193110
193111
193114
193115
193116
193118
193119
193121
193122
193123
193124
193125
193126
193127
193128
193129
193131
193133
193134
193135
193136
193137
193138
193142
193144
193146
193147
193148
193149
193152
193153
193154
193155
193156
193157
193158
193159
193163
193164
193165
193166
193170
193171
193172
193173
193174
193175
193176
193177
193181
193185
193186
193188
193191
193192
193193
193194
193195
193196
193198
193199
193200
193202
193203
193204
193205
193206
193207
193208
193209
193212
193214
193215
193218
193219
193220
193223
193224
193225
193226
193228
193229
193230
193231
193232
193233
193234
193236
193241
193242
193244
193246
193247
193248
193249
193250
193251
193252
193254
193255
193256
193257
193258
193259
193260
193261
193262
193263
193264
193265
193267
193268
193270
193271
193272
193273
193274
193276
193277
193278
193280
193281
193282
193283
193284
193285
193286
193289
193291
193292
193296
193299
193300
193301
193302
193303
193304
193305
193306
193307
193308
193309
193310
193311
193312
193313
193314
193315
193316
193317
193318
193319
193320
193321
193322
193323
193324
193326
193327
193328
193329
193332
193333
193334
193335
193336
193337
193338
193339
193340
193341
193342
193343
193344
193345
193346
193348
193349
193350
193351
193353
193354
193355
193357
193358
193359
193360
193362
193363
193364
193365
193366
193367
193368
193369
193370
193371
193372
193373
193374
193375
193376
193377
193380
193381
193382
193386
193388
193390
193391
193392
193394
193395
193397
193398
193399
193400
193401
193402
193405
193406
193407
193411
193412
193413
193414
193416
193417
193418
193419
193420
193421
193422
193423
193425
193426
193428
193430
193432
193433
193435
193436
193437
193438
193440
193441
193443
193444
193445
193446
193448
193449
193451
193452
193454
193455
193457
193458
193461
193462
193464
193465
193466
193467
193468
193471
193472
193474
193475
193476
193477
193478
193479
193480
193481
193482
193483
193485
193486
193487
193489
193490
193492
193494
193495
193496
193498
193500
193501
193502
193505
193506
193507
193509
193512
193514
193515
193516
193518
193519
193520
193521
193523
193524
193525
193526
193527
193528
193529
193530
193531
193534
193536
193537
193540
193541
193542
193544
193545
193548
193549
193550
193551
193552
193553
193554
193555
193556
193557
193558
193559
193560
193561
193562
193564
193566
193567
193568
193569
193573
193576
193577
193578
193580
193581
193583
193584
193585
193586
193587
193588
193589
193591
193594
193596
193597
193598
193599
193600
193603
193606
193607
193609
193610
193611
193612
193613
193615
193617
193618
193619
193621
193623
193624
193625
193626
193627
193628
193629
193631
193633
193634
193635
193636
193637
193640
193642
193643
193644
193646
193647
193648
193649
193650
193651
193652
193653
193654
193655
193657
193658
193659
193662
193665
193666
193667
193668
193671
193672
193673
193674
193676
193677
193679
193681
193682
193683
193684
193685
193686
193687
193688
193689
193690
193691
193693
193694
193695
193696
193697
193699
193700
193701
193704
193706
193707
193708
193709
193710
193711
193712
193714
193715
193716
193718
193720
193721
193723
193724
193725
193726
193727
193728
193729
193730
193731
193732
193733
193734
193736
193737
193738
193740
193741
193742
193743
193744
193745
193746
193747
193750
193751
193752
193753
193754
193755
193756
193757
193758
193759
193760
193762
193763
193765
193766
193767
193768
193769
193770
193771
193772
193773
193774
193775
193776
193777
193778
193779
193780
193781
193782
193783
193784
193785
193786
193787
193789
193790
193791
193792
193793
193794
193795
193796
193797
193798
193799
193800
193801
193802
193803
193804
193805
193806
193807
193808
193809
193810
193811
193812
193813
193814
193815
193816
193817
193818
193819
193820
193821
193822
193823
193824
193825
193827
193828
193829
193830
193831
193832
193833
193834
193835
193836
193837
193838
193839
193842
193843
193844
193845
193847
193848
193849
193850
193851
193852
193853
193855
193856
193857
193858
193859
193860
193861
193863
193864
193867
193868
193869
193870
193871
193872
193873
193874
193876
193877
193878
193879
193880
193881
193882
193883
193884
193885
193886
193887
193888
193889
193890
193891
193893
193894
193896
193898
193899
193900
193901
193902
193903
193904
193905
193906
193907
193908
193910
193911
193912
193914
193915
193916
193917
193919
193920
193921
193923
193924
193925
193926
193927
193928
193929
193931
193933
193934
193935
193936
193937
193940
193941
193942
193943
193944
193945
193946
193947
193948
193949
193950
193951
193952
193953
193954
193955
193956
193958
193959
193960
193961
193962
193963
193964
193965
193966
193967
193968
193970
193971
193972
193973
193974
193975
193976
193977
193978
193979
193980
193981
193982
193983
193984
193985
193986
193987
193988
193989
193990
193991
193992
193993
193994
193995
193996
193997
193998
193999
194000
194001
194002
194003
194004
194005
194007
194008
194009
194011
194012
194013
194014
194015
194016
194017
194018
194019
194021
194022
194023
194024
194027
194028
194029
194030
194031
194033
194034
194035
194036
194037
194038
194039
194040
194041
194042
194044
194046
194047
194048
194049
194050
194052
194053
194054
194055
194056
194057
194058
194059
194060
194061
194062
194063
194064
194065
194066
194068
194069
194070
194071
194072
194073
194074
194075
194076
194077
194080
194081
194082
194083
194084
194085
194087
194088
194089
194090
194091
194092
194093
194094
194095
194096
194097
194098
194099
194100
194101
194102
194103
194104
194105
194106
194107
194109
194110
194111
194112
194113
194114
194115
194117
194120
194123
194124
194125
194127
194128
194129
194130
194131
194132
194133
194134
194135
194136
194137
194138
194140
194142
194145
194146
194148
194149
194150
194151
194152
194153
194154
194155
194156
194158
194159
194160
194161
194163
194165
194166
194167
194168
194169
194170
194171
194172
194173
194174
194175
194176
194179
194180
194181
194183
194184
194185
194186
194187
194188
194189
194191
194192
194194
194197
194198
194199
194200
194201
194202
194203
194204
194206
194207
194208
194210
194211
194212
194214
194215
194216
194217
194219
194220
194223
194225
194226
194227
194228
194230
194231
194233
194234
194236
194237
194238
194239
194241
194242
194243
194244
194246
194247
194249
194250
194251
194252
194253
194254
194255
194256
194257
194258
194259
194261
194262
194264
194265
194267
194269
194272
194273
194274
194275
194276
194277
194278
194279
194280
194281
194282
194283
194284
194285
194286
194287
194288
194290
194291
194292
194293
194296
194297
194298
194299
194300
194301
194303
194304
194305
194306
194308
194313
194314
194315
194317
194318
194321
194322
194323
194328
194329
194330
194331
194333
194334
194335
194336
194337
194338
194339
194342
194343
194344
194346
194347
194348
194349
194351
194352
194353
194354
194355
194358
194360
194362
194363
194365
194366
194367
194368
194369
194371
194372
194373
194374
194376
194377
194379
194381
194385
194387
194389
194390
194391
194392
194393
194394
194395
194398
194399
194401
194402
194404
194406
194407
194408
194409
194410
194411
194412
194413
194414
194415
194416
194417
194419
194420
194421
194422
194423
194424
194425
194427
194428
194429
194430
194431
194432
194433
194435
194439
194440
194443
194444
194445
194448
194450
194453
194454
194455
194456
194457
194460
194461
194463
194464
194465
194466
194467
194468
194469
194470
194471
194473
194474
194475
194476
194477
194478
194479
194480
194481
194482
194483
194484
194486
194488
194489
194490
194491
194492
194493
194496
194497
194500
194501
194502
194504
194505
194507
194508
194510
194511
194512
194517
194518
194519
194521
194522
194523
194524
194525
194526
194528
194530
194531
194532
194533
194534
194535
194536
194539
194540
194541
194543
194545
194546
194548
194549
194550
194551
194553
194554
194556
194559
194560
194563
194568
194570
194573
194576
194578
194579
194580
194581
194584
194585
194586
194587
194589
194590
194591
194592
194593
194594
194595
194596
194597
194598
194602
194603
194604
194606
194608
194611
194612
194614
194618
194620
194621
194622
194623
194628
194631
194635
194640
194642
194643
194645
194651
194652
194653
194654
194655
194656
194657
194658
194659
194660
194662
194663
194664
194666
194667
194668
194669
194670
194672
194673
194674
194675
194676
194677
194678
194680
194681
194682
194683
194685
194687
194688
194689
194690
194691
194692
194694
194695
194696
194697
194698
194702
194703
194706
194707
194709
194712
194715
194716
194717
194718
194719
194720
194721
194722
194724
194725
194726
194727
194728
194729
194732
194733
194734
194735
194736
194740
194744
194746
194748
194751
194752
194754
194755
194756
194757
194758
194760
194761
194762
194763
194766
194772
194773
194774
194775
194777
194778
194781
194782
194784
194785
194786
194789
194792
194796
194798
194799
194801
194802
194803
194804
194805
194807
194808
194809
194810
194812
194817
194820
194821
194822
194823
194824
194826
194827
194828
194829
194831
194832
194833
194834
194835
194836
194837
194838
194839
194840
194841
194842
194845
194847
194848
194849
194851
194852
194853
194854
194855
194856
194857
194862
194864
194865
194866
194867
194869
194870
194874
194875
194876
194878
194879
194883
194886
194887
194889
194890
194891
194892
194894
194895
194896
194897
194899
194901
194902
194906
194907
194908
194910
194914
194917
194918
194919
194920
194921
194924
194925
194926
194929
194931
194932
194933
194937
194938
194941
194942
194943
194944
194945
194946
194947
194948
194949
194950
194951
194952
194954
194956
194958
194961
194965
194966
194967
194968
194969
194970
194971
194973
194974
194977
194979
194980
194981
194982
194983
194984
194987
194989
194990
194994
194995
194996
194998
194999
195000
195001
195002
195003
195004
195005
195006
195008
195009
195010
195011
195014
195015
195017
195018
195019
195020
195021
195023
195024
195025
195026
195027
195028
195029
195031
195033
195035
195036
195042
195043
195044
195046
195048
195050
195051
195052
195055
195057
195058
195059
195061
195062
195063
195064
195065
195066
195068
195069
195071
195072
195073
195074
195075
195076
195077
195079
195082
195083
195085
195086
195088
195089
195090
195091
195093
195094
195095
195096
195098
195099
195100
195101
195102
195105
195106
195108
195109
195110
195111
195113
195114
195115
195116
195119
195120
195121
195123
195124
195127
195129
195130
195131
195132
195133
195134
195135
195136
195138
195141
195142
195143
195144
195147
195148
195149
195151
195154
195155
195156
195158
195159
195161
195163
195164
195166
195168
195169
195170
195171
195173
195174
195178
195179
195180
195181
195182
195183
195184
195186
195187
195189
195190
195193
195194
195195
195196
195197
195198
195200
195201
195202
195203
195204
195206
195208
195210
195211
195212
195213
195214
195215
195216
195219
195220
195222
195223
195227
195229
195233
195234
195235
195236
195237
195238
195239
195241
195242
195243
195244
195247
195248
195249
195250
195251
195252
195253
195254
195255
195257
195260
195262
195263
195264
195265
195266
195267
195268
195270
195271
195272
195274
195275
195276
195277
195278
195279
195280
195283
195285
195288
195289
195291
195292
195293
195294
195295
195296
195298
195299
195300
195301
195302
195303
195304
195307
195311
195313
195314
195316
195317
195319
195320
195321
195322
195323
195326
195327
195329
195331
195332
195333
195334
195335
195336
195338
195339
195340
195341
195342
195343
195344
195345
195347
195348
195349
195350
195352
195353
195356
195357
195358
195359
195360
195361
195362
195363
195365
195368
195369
195371
195372
195373
195374
195375
195376
195377
195379
195380
195381
195382
195385
195386
195388
195390
195392
195393
195395
195396
195398
195400
195401
195402
195403
195404
195405
195406
195407
195409
195410
195411
195413
195414
195416
195417
195418
195419
195420
195421
195422
195423
195424
195425
195426
195427
195428
195429
195431
195432
195434
195435
195436
195437
195438
195439
195440
195442
195443
195444
195446
195448
195449
195450
195454
195455
195457
195458
195459
195460
195462
195463
195464
195465
195466
195468
195469
195470
195472
195473
195474
195475
195476
195478
195479
195480
195482
195483
195484
195486
195487
195488
195491
195492
195493
195494
195496
195497
195498
195499
195500
195501
195502
195503
195507
195508
195512
195513
195514
195515
195516
195518
195519
195521
195522
195523
195524
195526
195527
195528
195529
195530
195531
195533
195534
195535
195536
195537
195538
195539
195540
195541
195542
195543
195545
195546
195547
195548
195549
195550
195551
195552
195555
195556
195557
195558
195559
195560
195561
195562
195563
195564
195565
195566
195567
195569
195570
195571
195572
195574
195575
195577
195578
195579
195580
195581
195582
195583
195584
195585
195586
195587
195588
195589
195591
195592
195593
195594
195596
195597
195598
195599
195600
195602
195603
195604
195605
195607
195609
195610
195611
195612
195613
195614
195615
195616
195617
195618
195619
195620
195621
195622
195623
195626
195627
195628
195629
195630
195631
195632
195633
195634
195635
195636
195638
195639
195641
195643
195644
195645
195646
195648
195649
195650
195651
195653
195654
195655
195656
195658
195659
195661
195663
195664
195665
195667
195668
195670
195672
195673
195674
195675
195676
195677
195678
195679
195680
195681
195682
195683
195684
195685
195686
195689
195691
195692
195695
195696
195698
195699
195701
195702
195704
195706
195707
195709
195711
195713
195714
195715
195716
195717
195718
195720
195721
195723
195724
195725
195726
195727
195728
195729
195730
195731
195732
195734
195735
195736
195737
195738
195739
195741
195744
195745
195746
195747
195748
195749
195752
195753
195757
195761
195762
195764
195766
195767
195768
195770
195771
195773
195775
195776
195778
195781
195782
195783
195784
195785
195786
195788
195789
195790
195792
195793
195794
195797
195798
195799
195800
195804
195806
195809
195810
195811
195812
195813
195814
195817
195818
195820
195821
195824
195825
195826
195827
195828
195829
195832
195833
195834
195835
195836
195837
195838
195841
195843
195844
195845
195847
195848
195849
195851
195852
195854
195856
195857
195858
195859
195860
195862
195863
195864
195865
195869
195870
195871
195872
195873
195874
195875
195878
195880
195881
195884
195885
195886
195890
195891
195893
195894
195895
195896
195897
195898
195900
195903
195904
195905
195906
195908
195914
195915
195916
195917
195919
195920
195922
195923
195924
195925
195926
195927
195928
195930
195932
195934
195935
195936
195937
195938
195939
195942
195943
195945
195946
195948
195950
195952
195953
195955
195956
195958
195959
195961
195962
195963
195964
195965
195967
195968
195970
195971
195972
195973
195974
195975
195979
195980
195982
195983
195986
195987
195990
195993
195994
195995
195996
195997
195998
195999
196000
196001
196002
196004
196005
196006
196007
196009
196010
196011
196013
196014
196015
196017
196018
196019
196022
196025
196026
196028
196029
196030
196032
196034
196037
196038
196039
196040
196041
196042
196043
196044
196045
196046
196047
196048
196049
196050
196051
196052
196053
196054
196055
196056
196057
196058
196059
196060
196061
196062
196063
196064
196065
196069
196070
196071
196073
196074
196075
196076
196078
196079
196081
196082
196083
196084
196085
196086
196087
196088
196089
196091
196092
196093
196094
196096
196097
196098
196099
196101
196102
196103
196104
196105
196107
196108
196109
196110
196111
196112
196113
196114
196116
196117
196118
196120
196121
196122
196123
196124
196126
196127
196128
196129
196130
196132
196133
196135
196136
196137
196138
196140
196141
196142
196144
196146
196147
196149
196150
196152
196154
196155
196157
196160
196161
196162
196164
196165
196166
196167
196168
196169
196170
196171
196175
196176
196177
196178
196180
196181
196182
196183
196184
196185
196187
196188
196189
196190
196191
196192
196193
196194
196195
196196
196197
196198
196199
196200
196201
196202
196203
196204
196205
196206
196207
196208
196209
196210
196211
196212
196213
196214
196215
196216
196217
196218
196219
196220
196221
196222
196223
196224
196225
196226
196227
196228
196229
196231
196233
196234
196235
196236
196237
196238
196239
196240
196242
196243
196244
196245
196247
196248
196250
196252
196254
196255
196257
196259
196260
196261
196262
196263
196264
196265
196266
196267
196268
196269
196270
196271
196272
196273
196274
196275
196276
196277
196278
196279
196280
196281
196285
196286
196287
196289
196290
196291
196292
196293
196294
196295
196296
196297
196298
196299
196302
196303
196304
196306
196307
196309
196310
196311
196312
196313
196314
196315
196317
196320
196321
196323
196326
196327
196328
196329
196330
196332
196333
196334
196335
196336
196337
196338
196340
196341
196343
196344
196345
196346
196347
196348
196349
196350
196351
196352
196353
196354
196355
196356
196357
196358
196359
196363
196365
196366
196367
196368
196369
196370
196371
196373
196376
196377
196379
196380
196385
196386
196389
196390
196391
196392
196393
196394
196397
196399
196400
196401
196402
196403
196404
196405
196407
196409
196410
196411
196412
196413
196414
196416
196419
196420
196422
196423
196424
196425
196426
196427
196431
196433
196434
196435
196437
196439
196442
196443
196444
196445
196446
196447
196448
196452
196453
196454
196456
196457
196458
196460
196461
196462
196463
196465
196467
196469
196470
196473
196474
196476
196477
196478
196479
196480
196481
196482
196483
196485
196487
196490
196493
196494
196495
196496
196499
196500
196502
196503
196504
196505
196506
196507
196508
196510
196512
196513
196514
196515
196516
196517
196519
196520
196522
196523
196524
196525
196527
196528
196529
196530
196531
196532
196533
196535
196536
196537
196538
196539
196540
196542
196544
196545
196546
196547
196548
196550
196551
196552
196553
196555
196558
196560
196561
196562
196563
196564
196565
196567
196568
196570
196571
196572
196574
196576
196577
196578
196579
196580
196581
196582
196584
196585
196589
196592
196594
196597
196598
196599
196602
196603
196604
196605
196607
196608
196610
196611
196612
196613
196614
196615
196617
196620
196624
196626
196627
196629
196630
196631
196632
196634
196635
196640
196641
196643
196644
196645
196647
196648
196649
196651
196652
196653
196654
196656
196658
196659
196660
196661
196662
196663
196665
196666
196667
196668
196669
196670
196672
196673
196674
196675
196676
196677
196680
196681
196683
196684
196686
196687
196688
196689
196690
196692
196693
196695
196696
196697
196698
196699
196700
196701
196702
196703
196704
196707
196708
196709
196710
196712
196713
196715
196716
196717
196718
196719
196720
196721
196723
196724
196725
196726
196727
196728
196730
196731
196732
196733
196734
196735
196736
196738
196740
196741
196742
196743
196746
196747
196748
196749
196750
196751
196753
196754
196755
196758
196760
196761
196762
196765
196767
196768
196769
196773
196775
196777
196779
196781
196783
196784
196786
196787
196788
196789
196790
196791
196792
196793
196795
196799
196800
196801
196802
196803
196805
196807
196808
196810
196811
196812
196813
196814
196815
196816
196817
196818
196819
196821
196822
196824
196825
196826
196827
196828
196829
196833
196838
196839
196841
196842
196843
196844
196845
196846
196847
196848
196849
196850
196851
196853
196854
196857
196858
196859
196860
196861
196864
196865
196867
196868
196871
196872
196873
196875
196876
196877
196878
196879
196880
196881
196882
196883
196885
196887
196888
196889
196891
196892
196894
196895
196897
196898
196900
196902
196903
196906
196907
196909
196910
196911
196912
196915
196916
196917
196919
196920
196921
196924
196925
196926
196928
196929
196930
196931
196932
196934
196935
196937
196938
196939
196943
196944
196945
196946
196947
196948
196949
196950
196952
196953
196954
196955
196956
196958
196959
196963
196965
196967
196968
196969
196970
196971
196972
196973
196974
196975
196977
196978
196979
196982
196983
196984
196985
196987
