196988
196989
196992
196993
196994
196995
196996
196997
196998
196999
197001
197003
197004
197005
197007
197008
197009
197011
197012
197013
197014
197016
197017
197018
197019
197022
197024
197025
197026
197028
197029
197030
197031
197034
197035
197036
197037
197039
197041
197042
197043
197044
197045
197047
197048
197050
197051
197052
197053
197054
197056
197057
197059
197060
197063
197064
197065
197066
197067
197068
197069
197071
197072
197073
197074
197075
197078
197079
197081
197082
197084
197085
197086
197088
197089
197090
197092
197097
197098
197099
197101
197102
197103
197105
197107
197108
197109
197110
197111
197112
197114
197116
197117
197118
197119
197120
197122
197123
197124
197125
197126
197127
197128
197129
197130
197131
197132
197133
197134
197136
197138
197139
197140
197141
197142
197144
197145
197146
197147
197149
197150
197151
197153
197154
197156
197158
197159
197160
197163
197164
197165
197167
197168
197169
197171
197172
197173
197175
197176
197177
197180
197183
197184
197185
197186
197187
197189
197193
197194
197195
197196
197197
197198
197200
197201
197202
197203
197206
197207
197208
197211
197212
197213
197214
197217
197223
197224
197225
197226
197227
197228
197231
197232
197233
197234
197235
197236
197237
197238
197239
197240
197241
197242
197243
197245
197246
197247
197248
197249
197251
197252
197253
197254
197255
197257
197259
197260
197261
197262
197263
197264
197265
197268
197269
197270
197271
197272
197273
197275
197277
197279
197280
197281
197282
197283
197284
197285
197286
197287
197288
197289
197290
197291
197292
197294
197296
197297
197298
197299
197300
197301
197302
197303
197304
197306
197307
197308
197309
197311
197312
197313
197315
197316
197318
197319
197320
197321
197323
197324
197326
197327
197328
197334
197335
197336
197337
197338
197339
197341
197342
197344
197345
197346
197347
197348
197349
197350
197351
197352
197353
197354
197355
197356
197357
197362
197363
197365
197366
197367
197368
197369
197370
197371
197375
197376
197377
197378
197379
197384
197385
197386
197387
197388
197389
197390
197391
197392
197393
197394
197396
197397
197398
197399
197400
197401
197403
197406
197407
197408
197411
197412
197413
197415
197417
197418
197419
197420
197421
197422
197423
197424
197426
197427
197428
197429
197430
197431
197432
197433
197435
197436
197438
197439
197441
197444
197448
197449
197450
197451
197455
197456
197458
197460
197461
197462
197464
197466
197467
197468
197469
197470
197471
197472
197473
197475
197476
197477
197483
197484
197486
197487
197488
197489
197490
197492
197494
197495
197496
197500
197501
197504
197506
197507
197508
197509
197512
197513
197515
197516
197518
197519
197520
197522
197524
197526
197527
197528
197529
197530
197531
197533
197534
197535
197536
197537
197538
197539
197540
197541
197545
197546
197547
197548
197549
197550
197551
197553
197554
197555
197556
197557
197558
197559
197560
197561
197562
197565
197567
197568
197569
197570
197571
197572
197573
197574
197576
197578
197579
197580
197581
197582
197583
197584
197585
197589
197590
197591
197592
197594
197595
197596
197597
197598
197599
197600
197601
197602
197603
197604
197605
197606
197607
197608
197609
197610
197611
197612
197613
197614
197615
197616
197617
197618
197621
197622
197623
197625
197626
197627
197629
197631
197632
197633
197634
197635
197637
197638
197639
197640
197641
197642
197643
197644
197645
197646
197647
197648
197649
197650
197651
197653
197655
197656
197657
197658
197659
197661
197664
197665
197666
197667
197668
197669
197670
197671
197672
197673
197676
197679
197680
197681
197682
197684
197685
197686
197687
197688
197689
197692
197693
197695
197697
197698
197699
197700
197701
197703
197704
197705
197706
197707
197709
197711
197713
197714
197715
197719
197720
197723
197724
197725
197726
197727
197730
197731
197732
197737
197738
197740
197741
197742
197743
197744
197745
197747
197749
197750
197751
197753
197756
197757
197758
197759
197762
197763
197764
197765
197766
197767
197768
197769
197770
197771
197772
197774
197775
197776
197777
197778
197779
197780
197781
197782
197783
197784
197785
197786
197787
197788
197789
197790
197792
197793
197795
197797
197798
197799
197800
197801
197803
197804
197806
197807
197811
197812
197813
197814
197815
197816
197817
197818
197819
197820
197822
197823
197824
197826
197827
197829
197830
197832
197833
197834
197837
197838
197839
197841
197842
197843
197844
197845
197846
197847
197848
197849
197850
197852
197853
197854
197855
197856
197858
197861
197862
197863
197864
197865
197868
197869
197871
197872
197873
197874
197877
197879
197883
197884
197887
197888
197889
197890
197892
197894
197895
197896
197897
197898
197900
197901
197902
197903
197904
197905
197906
197907
197912
197914
197916
197917
197918
197919
197920
197921
197922
197923
197924
197925
197926
197927
197928
197930
197931
197932
197933
197935
197936
197937
197938
197939
197941
197942
197943
197944
197945
197946
197947
197951
197952
197953
197954
197957
197958
197959
197960
197961
197962
197964
197965
197966
197967
197969
197972
197973
197974
197975
197976
197978
197979
197980
197981
197984
197985
197986
197987
197988
197989
197990
197991
197992
197994
197995
197997
198001
198003
198004
198006
198007
198008
198009
198012
198013
198014
198015
198016
198017
198018
198019
198021
198022
198023
198024
198025
198027
198028
198029
198030
198031
198032
198034
198035
198036
198037
198038
198039
198040
198041
198042
198043
198044
198045
198046
198047
198048
198049
198050
198051
198052
198054
198055
198057
198058
198060
198061
198062
198063
198064
198065
198066
198067
198068
198069
198070
198071
198072
198074
198075
198077
198078
198079
198080
198081
198082
198083
198084
198087
198088
198089
198091
198094
198095
198096
198098
198099
198101
198103
198105
198106
198108
198110
198111
198112
198114
198115
198116
198118
198120
198121
198123
198125
198126
198127
198128
198129
198130
198131
198132
198133
198134
198135
198136
198137
198138
198139
198142
198143
198144
198145
198146
198147
198148
198149
198150
198151
198152
198153
198154
198157
198158
198159
198160
198162
198163
198164
198165
198166
198167
198168
198169
198170
198171
198173
198174
198175
198177
198178
198179
198181
198182
198183
198186
198187
198188
198189
198190
198191
198192
198193
198194
198195
198196
198197
198198
198200
198201
198205
198207
198208
198210
198212
198213
198214
198215
198216
198217
198218
198220
198221
198224
198225
198226
198227
198228
198232
198233
198235
198237
198238
198239
198240
198241
198242
198243
198244
198245
198246
198249
198250
198251
198252
198253
198254
198255
198256
198257
198258
198259
198263
198265
198266
198267
198268
198269
198270
198271
198273
198275
198276
198279
198281
198282
198283
198284
198285
198286
198287
198288
198290
198291
198293
198296
198297
198298
198299
198300
198302
198303
198304
198305
198306
198307
198308
198309
198310
198311
198312
198313
198314
198315
198316
198317
198318
198319
198320
198321
198322
198323
198325
198326
198327
198328
198329
198330
198331
198332
198333
198334
198335
198336
198337
198339
198340
198341
198342
198344
198345
198346
198347
198350
198351
198352
198353
198354
198355
198356
198357
198358
198359
198360
198361
198362
198363
198365
198367
198368
198370
198371
198372
198377
198379
198380
198381
198382
198383
198384
198385
198386
198387
198388
198389
198390
198391
198393
198394
198395
198396
198397
198398
198399
198400
198401
198402
198403
198404
198406
198407
198408
198409
198410
198411
198412
198414
198415
198416
198417
198419
198420
198421
198424
198425
198427
198428
198429
198430
198431
198432
198433
198434
198435
198436
198437
198438
198439
198440
198441
198442
198443
198444
198446
198447
198448
198451
198452
198453
198455
198456
198458
198459
198460
198461
198462
198464
198466
198467
198468
198469
198473
198474
198475
198477
198480
198481
198483
198484
198485
198487
198490
198491
198492
198493
198494
198495
198496
198497
198498
198499
198501
198502
198503
198504
198505
198506
198507
198508
198509
198510
198512
198513
198514
198516
198518
198520
198522
198525
198526
198527
198529
198530
198531
198532
198534
198535
198537
198539
198540
198541
198542
198543
198544
198545
198546
198547
198548
198549
198550
198551
198552
198553
198554
198556
198560
198563
198564
198565
198566
198569
198570
198571
198572
198576
198577
198578
198579
198581
198583
198584
198585
198586
198587
198588
198589
198590
198591
198592
198594
198597
198598
198599
198601
198602
198603
198604
198606
198607
198608
198609
198610
198611
198613
198614
198615
198616
198617
198618
198619
198622
198623
198625
198626
198627
198628
198630
198631
198632
198633
198635
198636
198637
198638
198640
198642
198644
198646
198649
198650
198651
198652
198653
198655
198658
198659
198660
198661
198662
198663
198665
198666
198667
198668
198669
198670
198671
198673
198674
198676
198678
198680
198681
198682
198683
198684
198687
198688
198689
198690
198691
198692
198693
198694
198696
198697
198699
198700
198701
198702
198704
198706
198708
198709
198710
198711
198712
198713
198714
198715
198716
198717
198718
198720
198723
198724
198725
198726
198727
198728
198729
198730
198732
198734
198735
198737
198738
198739
198740
198741
198742
198743
198744
198747
198748
198749
198750
198753
198754
198755
198756
198758
198759
198761
198762
198763
198764
198765
198768
198769
198770
198771
198772
198773
198774
198776
198777
198779
198782
198784
198786
198787
198788
198789
198790
198792
198795
198797
198799
198800
198802
198803
198805
198806
198807
198808
198809
198812
198813
198815
198817
198820
198821
198822
198825
198826
198828
198829
198830
198831
198832
198833
198834
198836
198837
198838
198840
198841
198842
198843
198845
198846
198848
198849
198850
198851
198852
198853
198854
198857
198863
198864
198865
198867
198869
198870
198871
198872
198873
198874
198875
198876
198878
198879
198880
198881
198882
198883
198884
198886
198887
198889
198890
198891
198892
198893
198894
198895
198896
198897
198898
198899
198900
198901
198902
198903
198905
198906
198908
198909
198910
198911
198912
198913
198914
198915
198916
198917
198918
198919
198920
198921
198922
198923
198924
198925
198926
198927
198928
198929
198930
198931
198933
198934
198936
198937
198938
198939
198940
198941
198942
198943
198944
198945
198947
198948
198949
198950
198952
198953
198954
198955
198956
198957
198958
198959
198960
198961
198962
198963
198964
198965
198966
198967
198968
198969
198971
198972
198973
198974
198975
198976
198977
198978
198979
198980
198981
198982
198983
198984
198985
198986
198987
198988
198989
198990
198991
198992
198993
198994
198995
198996
198997
198998
198999
199000
199001
199002
199004
199006
199008
199009
199010
199012
199013
199014
199015
199017
199018
199019
199021
199023
199024
199025
199026
199027
199028
199029
199030
199031
199032
199033
199034
199035
199036
199038
199039
199040
199041
199042
199043
199044
199045
199046
199047
199048
199049
199050
199051
199052
199053
199054
199056
199057
199058
199059
199060
199061
199063
199064
199066
199067
199068
199069
199070
199071
199072
199074
199075
199076
199077
199078
199080
199081
199082
199083
199084
199085
199086
199087
199088
199089
199091
199092
199093
199094
199095
199096
199098
199099
199100
199101
199102
199103
199104
199105
199106
199108
199110
199111
199114
199115
199116
199117
199118
199119
199120
199121
199124
199125
199126
199127
199128
199129
199130
199131
199132
199133
199134
199135
199136
199137
199138
199139
199140
199141
199142
199143
199144
199146
199147
199148
199149
199150
199151
199152
199153
199154
199155
199156
199157
199160
199161
199162
199163
199164
199165
199166
199167
199169
199170
199173
199174
199175
199176
199177
199178
199179
199180
199182
199183
199184
199186
199187
199188
199189
199190
199191
199192
199193
199194
199195
199196
199197
199198
199199
199200
199201
199202
199203
199204
199205
199206
199208
199209
199210
199212
199213
199214
199216
199217
199218
199219
199220
199221
199222
199223
199224
199225
199227
199228
199229
199230
199231
199233
199234
199236
199238
199239
199240
199241
199242
199244
199245
199246
199249
199251
199253
199254
199257
199258
199259
199260
199261
199262
199263
199264
199265
199266
199268
199271
199272
199275
199276
199277
199278
199281
199282
199283
199284
199285
199287
199288
199289
199291
199292
199293
199295
199296
199297
199298
199299
199300
199301
199302
199303
199304
199306
199307
199309
199311
199312
199313
199316
199317
199318
199319
199320
199321
199322
199323
199324
199325
199327
199328
199329
199331
199332
199333
199334
199335
199338
199339
199340
199341
199342
199343
199344
199345
199346
199347
199348
199349
199350
199351
199352
199354
199356
199357
199358
199359
199360
199363
199364
199365
199366
199367
199368
199369
199370
199373
199374
199375
199378
199379
199380
199381
199382
199384
199385
199387
199388
199389
199390
199391
199392
199395
199397
199398
199399
199401
199402
199404
199406
199407
199408
199410
199411
199412
199413
199414
199419
199420
199422
199424
199427
199428
199429
199434
199435
199436
199437
199438
199439
199440
199441
199442
199443
199444
199447
199448
199449
199452
199455
199456
199457
199458
199459
199460
199461
199462
199463
199464
199467
199468
199469
199470
199471
199473
199474
199475
199477
199482
199483
199484
199486
199487
199488
199492
199493
199497
199498
199500
199501
199502
199503
199504
199505
199506
199507
199508
199510
199513
199514
199517
199520
199523
199524
199525
199528
199529
199530
199531
199533
199535
199536
199537
199538
199539
199540
199541
199542
199543
199544
199546
199547
199548
199549
199552
199554
199556
199557
199558
199560
199561
199562
199563
199564
199565
199567
199568
199569
199570
199572
199573
199574
199575
199577
199578
199579
199581
199583
199584
199585
199586
199588
199589
199591
199594
199595
199596
199597
199598
199599
199601
199602
199603
199604
199605
199606
199607
199608
199609
199610
199613
199615
199619
199620
199621
199622
199623
199624
199625
199626
199628
199630
199632
199634
199635
199637
199639
199641
199642
199643
199644
199645
199646
199647
199648
199650
199654
199655
199656
199657
199659
199661
199662
199663
199664
199665
199667
199668
199670
199671
199672
199673
199674
199675
199676
199677
199678
199679
199680
199682
199683
199684
199685
199686
199689
199692
199693
199694
199695
199696
199697
199700
199702
199703
199704
199706
199707
199708
199709
199710
199711
199712
199713
199714
199715
199716
199718
199719
199721
199722
199723
199724
199725
199727
199728
199731
199732
199734
199735
199736
199737
199739
199741
199743
199745
199747
199748
199750
199751
199752
199754
199756
199757
199758
199759
199761
199762
199763
199764
199765
199766
199767
199769
199770
199771
199772
199773
199776
199778
199779
199780
199781
199782
199783
199784
199785
199787
199789
199790
199794
199795
199797
199802
199804
199807
199810
199811
199812
199813
199816
199818
199820
199821
199822
199823
199824
199825
199826
199827
199828
199829
199830
199831
199834
199836
199837
199838
199839
199842
199843
199844
199845
199846
199848
199851
199853
199854
199857
199860
199861
199862
199863
199865
199866
199868
199871
199872
199873
199874
199876
199878
199880
199881
199883
199884
199885
199887
199888
199890
199891
199893
199894
199895
199897
199898
199899
199900
199901
199903
199904
199907
199908
199911
199914
199915
199917
199918
199920
199921
199922
199923
199924
199926
199928
199932
199933
199934
199936
199940
199941
199942
199943
199944
199945
199946
199947
199949
199950
199951
199952
199953
199955
199956
199957
199958
199959
199960
199961
199962
199964
199965
199966
199967
199968
199971
199974
199976
199977
199978
199979
199980
199981
199982
199985
199986
199988
199990
199991
199992
199993
199994
199995
199996
199998
199999
200000
200001
200002
200003
200004
200005
200006
200007
200008
200010
200011
200013
200014
200015
200016
200018
200019
200021
200025
200026
200030
200034
200039
200040
200041
200043
200044
200047
200048
200050
200052
200053
200055
200059
200063
200064
200066
200070
200071
200072
200073
200074
200075
200077
200078
200079
200080
200082
200083
200084
200085
200086
200088
200089
200090
200091
200092
200093
200095
200097
200099
200102
200103
200104
200105
200106
200107
200108
200109
200110
200111
200112
200113
200114
200115
200116
200118
200119
200120
200122
200125
200126
200127
200128
200129
200132
200133
200134
200135
200136
200137
200139
200140
200141
200142
200143
200144
200145
200146
200148
200149
200150
200151
200152
200153
200154
200155
200156
200157
200158
200160
200162
200164
200165
200167
200168
200169
200170
200171
200172
200174
200175
200176
200178
200179
200180
200183
200184
200186
200187
200188
200189
200190
200191
200193
200194
200196
200198
200199
200200
200201
200202
200204
200205
200206
200207
200210
200212
200213
200214
200215
200217
200218
200219
200220
200221
200224
200225
200226
200227
200228
200229
200230
200231
200232
200233
200235
200236
200237
200238
200240
200241
200242
200243
200244
200245
200246
200247
200248
200249
200251
200252
200253
200254
200255
200257
200258
200259
200261
200262
200264
200265
200267
200269
200270
200271
200273
200274
200276
200278
200279
200280
200281
200282
200283
200285
200286
200287
200291
200292
200293
200294
200295
200296
200298
200299
200300
200301
200302
200303
200304
200305
200307
200308
200309
200310
200311
200312
200313
200314
200315
200317
200318
200319
200320
200321
200322
200323
200324
200325
200326
200327
200328
200330
200331
200332
200333
200334
200335
200336
200337
200338
200339
200341
200342
200343
200344
200345
200346
200347
200348
200349
200350
200352
200354
200355
200356
200357
200358
200360
200361
200364
200367
200368
200370
200371
200373
200374
200375
200376
200378
200379
200380
200382
200383
200384
200385
200386
200389
200390
200391
200393
200394
200395
200398
200399
200400
200406
200407
200408
200409
200410
200411
200413
200414
200415
200416
200417
200418
200419
200420
200421
200422
200423
200425
200427
200428
200429
200430
200433
200434
200435
200436
200437
200438
200439
200441
200442
200444
200449
200451
200452
200453
200454
200457
200459
200460
200461
200462
200463
200466
200467
200468
200470
200471
200479
200481
200482
200486
200487
200488
200490
200492
200493
200495
200496
200498
200499
200500
200501
200502
200505
200506
200508
200511
200512
200513
200514
200515
200517
200518
200520
200521
200522
200523
200524
200525
200529
200530
200531
200532
200533
200535
200538
200539
200540
200542
200543
200545
200546
200547
200549
200550
200551
200552
200553
200554
200555
200556
200557
200558
200559
200560
200561
200562
200563
200564
200565
200566
200567
200568
200569
200570
200571
200572
200573
200574
200575
200576
200577
200578
200579
200581
200582
200583
200584
200585
200586
200587
200589
200590
200591
200592
200593
200594
200595
200596
200597
200598
200599
200600
200601
200602
200603
200604
200605
200608
200609
200610
200612
200613
200614
200615
200616
200618
200619
200621
200622
200623
200624
200625
200626
200627
200629
200630
200631
200632
200633
200634
200635
200636
200637
200638
200639
200640
200641
200642
200643
200644
200645
200646
200647
200648
200649
200650
200651
200653
200654
200655
200656
200657
200658
200659
200660
200661
200662
200663
200664
200665
200666
200667
200669
200670
200672
200673
200674
200675
200676
200677
200678
200679
200680
200681
200682
200683
200684
200685
200686
200687
200688
200690
200693
200694
200695
200696
200697
200698
200699
200700
200702
200704
200706
200707
200708
200709
200710
200711
200712
200714
200715
200716
200717
200718
200719
200720
200722
200723
200724
200725
200726
200727
200728
200729
200730
200731
200732
200733
200734
200735
200736
200737
200738
200739
200742
200743
200744
200745
200746
200749
200750
200751
200752
200753
200755
200756
200757
200758
200759
200760
200761
200762
200763
200766
200767
200768
200769
200771
200773
200774
200776
200778
200779
200780
200781
200786
200787
200788
200789
200790
200791
200792
200793
200794
200795
200796
200798
200799
200800
200802
200803
200805
200806
200807
200808
200811
200812
200813
200814
200816
200817
200820
200822
200823
200825
200828
200830
200832
200833
200834
200835
200836
200838
200839
200841
200844
200845
200846
200847
200848
200849
200852
200854
200856
200857
200863
200865
200866
200867
200868
200869
200871
200874
200875
200876
200877
200878
200881
200883
200884
200885
200890
200891
200893
200894
200895
200896
200897
200898
200899
200900
200901
200904
200905
200907
200909
200910
200912
200913
200914
200915
200916
200918
200919
200922
200923
200925
200926
200928
200930
200932
200934
200935
200937
200938
200939
200942
200943
200944
200946
200947
200948
200949
200950
200951
200952
200954
200956
200957
200958
200959
200960
200962
200964
200966
200968
200969
200970
200972
200973
200975
200978
200979
200980
200981
200985
200988
200989
200990
200993
200995
200997
200999
201000
201001
201003
201004
201009
201011
201012
201013
201014
201015
201016
201017
201018
201020
201021
201023
201024
201025
201026
201029
201030
201031
201032
201033
201034
201035
201037
201038
201041
201042
201043
201044
201048
201049
201050
201051
201052
201053
201054
201055
201059
201060
201062
201063
201064
201065
201066
201070
201071
201073
201074
201077
201078
201079
201081
201082
201083
201084
201086
201087
201088
201089
201090
201091
201093
201094
201096
201097
201099
201100
201101
201102
201103
201104
201105
201106
201108
201109
201111
201112
201113
201115
201117
201118
201119
201120
201122
201123
201124
201126
201127
201129
201130
201131
201132
201134
201135
201136
201137
201138
201139
201140
201141
201142
201143
201147
201148
201149
201150
201151
201152
201153
201154
201155
201157
201159
201160
201161
201162
201163
201165
201166
201167
201168
201169
201170
201171
201173
201175
201176
201177
201178
201179
201180
201182
201183
201185
201186
201187
201188
201189
201190
201192
201193
201194
201195
201196
201197
201198
201199
201200
201201
201204
201206
201207
201208
201210
201212
201214
201215
201217
201220
201221
201222
201223
201224
201225
201226
201227
201229
201230
201232
201233
201234
201235
201236
201237
201238
201240
201241
201243
201244
201245
201248
201249
201250
201251
201252
201253
201254
201256
201258
201260
201261
201262
201263
201264
201265
201267
201268
201269
201270
201271
201272
201273
201275
201276
201278
201279
201280
201282
201283
201284
201286
201287
201288
201289
201291
201292
201293
201294
201295
201296
201298
201299
201300
201301
201302
201303
201304
201305
201306
201307
201308
201310
201311
201312
201317
201320
201324
201325
201328
201331
201333
201335
201336
201337
201338
201340
201341
201344
201345
201346
201347
201348
201349
201350
201351
201352
201353
201354
201355
201357
201358
201359
201360
201362
201363
201364
201366
201367
201370
201371
201372
201373
201375
201376
201377
201379
201381
201383
201384
201385
201386
201387
201388
201390
201393
201394
201395
201396
201398
201399
201400
201401
201402
201403
201404
201405
201406
201407
201410
201411
201412
201414
201416
201417
201418
201421
201422
201423
201424
201425
201426
201427
201428
201429
201430
201431
201432
201433
201434
201435
201437
201438
201439
201440
201441
201442
201443
201444
201445
201446
201447
201448
201450
201451
201452
201453
201454
201457
201458
201459
201460
201461
201463
201464
201465
201466
201467
201468
201470
201474
201475
201476
201478
201479
201482
201485
201487
201488
201489
201490
201491
201495
201497
201498
201499
201500
201501
201502
201503
201504
201505
201506
201507
201508
201510
201511
201513
201516
201517
201518
201520
201522
201524
201525
201526
201527
201528
201529
201530
201531
201532
201533
201535
201536
201538
201540
201541
201542
201543
201545
201546
201547
201548
201550
201551
201552
201553
201554
201555
201557
201558
201559
201560
201562
201563
201565
201566
201567
201569
201570
201572
201573
201574
201575
201576
201577
201579
201581
201582
201583
201584
201585
201586
201588
201589
201591
201592
201593
201595
201596
201597
201599
201600
201601
201602
201604
201605
201606
201607
201608
201609
201610
201611
201612
201614
201615
201616
201618
201619
201620
201621
201622
201623
201627
201628
201631
201632
201634
201635
201637
201638
201639
201640
201641
201642
201643
201644
201648
201650
201651
201652
201653
201654
201655
201657
201661
201665
201666
201667
201669
201670
201673
201674
201675
201679
201680
201681
201684
201687
201688
201689
201691
201692
201693
201694
201695
201696
201698
201699
201700
201701
201702
201704
201705
201706
201707
201708
201709
201710
201711
201712
201713
201714
201716
201719
201720
201721
201722
201725
201726
201727
201728
201729
201730
201732
201733
201734
201735
201736
201737
201738
201739
201741
201743
201744
201746
201747
201750
201751
201752
201754
201755
201756
201757
201758
201760
201761
201763
201764
201766
201771
201772
201773
201774
201777
201778
201780
201781
201783
201784
201785
201786
201787
201788
201790
201791
201792
201793
201794
201795
201796
201797
201798
201799
201800
201801
201803
201804
201805
201807
201808
201809
201810
201811
201812
201813
201814
201816
201817
201819
201820
201821
201822
201823
201824
201825
201826
201827
201829
201830
201832
201834
201835
201836
201837
201838
201839
201841
201842
201843
201845
201847
201850
201851
201853
201854
201857
201858
201859
201862
201863
201864
201865
201866
201867
201868
201869
201870
201871
201873
201875
201877
201880
201881
201882
201883
201884
201887
201888
201889
201890
201891
201892
201893
201894
201896
201897
201898
201900
201902
201903
201905
201909
201912
201914
201915
201916
201918
201919
201920
201922
201923
201925
201926
201927
201928
201929
201930
201932
201934
201936
201937
201939
201940
201941
201944
201945
201947
201951
201952
201953
201954
201955
201956
201957
201959
201960
201961
201963
201964
201965
201966
201967
201968
201969
201970
201971
201972
201973
201974
201975
201976
201978
201980
201981
201982
201984
201986
201987
201990
201991
201993
201995
201996
201997
201999
202001
202002
202003
202004
202005
202006
202008
202009
202011
202012
202013
202014
202021
202022
202023
202024
202026
202028
202029
202030
202031
202032
202034
202035
202038
202039
202040
202041
202044
202045
202047
202048
202049
202050
202052
202053
202054
202055
202056
202057
202062
202063
202064
202066
202067
202069
202070
202071
202072
202073
202074
202075
202076
202077
202079
202080
202081
202082
202083
202084
202085
202086
202087
202088
202089
202090
202091
202092
202093
202096
202099
202100
202101
202104
202105
202110
202113
202114
202115
202116
202117
202118
202119
202120
202121
202122
202124
202126
202128
202129
202130
202131
202134
202135
202136
202137
202138
202139
202140
202141
202144
202145
202147
202148
202149
202150
202152
202153
202156
202157
202159
202160
202161
202162
202163
202164
202165
202167
202169
202170
202171
202172
202173
202174
202175
202176
202177
202179
202181
202184
202185
202186
202187
202190
202191
202192
202193
202194
202195
202197
202201
202202
202204
202207
202208
202209
202210
202211
202212
202213
202214
202215
202216
202217
202218
202219
202220
202222
202223
202224
202225
202226
202227
202228
202229
202230
202232
202234
202236
202237
202238
202239
202240
202241
202242
202243
202244
202245
202246
202247
202248
202249
202250
202251
202253
202254
202255
202256
202257
202258
202260
202261
202262
202264
202267
202268
202270
202271
202272
202273
202274
202276
202277
202278
202280
202281
202282
202284
202285
202286
202287
202288
202289
202291
202292
202293
202294
202295
202296
202297
202298
202299
202300
202301
202302
202306
202307
202308
202309
202310
202311
202312
202313
202314
202315
202317
202320
202322
202323
202324
202326
202327
202329
202330
202331
202332
202333
202334
202335
202337
202338
202342
202344
202345
202346
202347
202349
202350
202351
202352
202353
202354
202355
202356
202357
202358
202359
202361
202362
202363
202364
202366
202367
202369
202370
202371
202372
202373
202374
202376
202377
202378
202379
202380
202381
202382
202383
202386
202387
202388
202389
202390
202391
202392
202393
202394
202395
202396
202398
202400
202401
202405
202407
202408
202410
202412
202413
202414
202415
202416
202417
202418
202419
202420
202422
202424
202425
202426
202427
202428
202429
202430
202431
202434
202436
202437
202438
202439
202440
202441
202442
202443
202444
202445
202446
202448
202449
202450
202451
202452
202453
202454
202455
202456
202457
202459
202460
202461
202462
202464
202465
202469
202470
202472
202473
202474
202475
202476
202477
202478
202481
202482
202483
202484
202485
202486
202487
202491
202492
202493
202495
202496
202497
202500
202502
202503
202504
202506
202507
202508
202509
202510
202511
202513
202515
202521
202522
202523
202524
202525
202526
202527
202528
202529
202530
202531
202532
202533
202535
202536
202538
202539
202541
202542
202543
202544
202545
202546
202547
202548
202549
202551
202552
202553
202555
202556
202557
202558
202561
202562
202564
202565
202566
202568
202569
202570
202571
202573
202575
202576
202577
202578
202579
202580
202583
202584
202587
202588
202590
202591
202592
202593
202594
202596
202599
202602
202604
202605
202606
202607
202608
202609
202610
202611
202612
202613
202614
202615
202616
202617
202618
202619
202620
202621
202623
202624
202625
202627
202629
202630
202634
202635
202637
202638
202639
202640
202642
202643
202646
202647
202648
202649
202651
202652
202653
202654
202656
202658
202659
202660
202661
202662
202663
202664
202665
202666
202667
202668
202669
202670
202671
202673
202674
202675
202676
202677
202678
202679
202680
202681
202682
202684
202685
202686
202687
202688
202689
202690
202691
202692
202694
202695
202696
202698
202699
202700
202703
202704
202705
202706
202709
202710
202711
202712
202713
202716
202717
202718
202719
202720
202725
202726
202727
202728
202729
202730
202731
202732
202733
202736
202738
202739
202740
202741
202742
202743
202744
202745
202746
202747
202748
202749
202751
202753
202754
202755
202757
202759
202760
202762
202764
202766
202767
202768
202769
202771
202772
202773
202774
202776
202777
202779
202780
202781
202782
202784
202785
202786
202787
202788
202789
202790
202793
202796
202800
202801
202803
202804
202805
202806
202807
202808
202810
202811
202812
202813
202814
202815
202816
202817
202818
202820
202821
202822
202823
202826
202828
202829
202830
202831
202832
202836
202837
202838
202839
202840
202843
202844
202845
202847
202848
202852
202856
202858
202859
202860
202861
202862
202863
202864
202865
202866
202867
202868
202869
202870
202871
202872
202873
202874
202875
202877
202878
202879
202880
202881
202882
202883
202884
202885
202886
202887
202888
202889
202892
202893
202894
202895
202896
202898
202901
202902
202903
202904
202905
202906
202907
202908
202909
202911
202913
202914
202915
202916
202917
202918
202920
202921
202922
202923
202925
202926
202927
202928
202929
202931
202932
202934
202935
202936
202937
202938
202939
202940
202941
202942
202943
202944
202945
202946
202947
202949
202952
202953
202954
202955
202956
202957
202958
202959
202960
202962
202963
202964
202965
202967
202968
202969
202970
202971
202972
202973
202974
202975
202976
202978
202979
202980
202981
202983
202984
202985
202986
202987
202988
202989
202990
202991
202992
202993
202995
202996
202997
202998
202999
203002
203003
203004
203005
203006
203007
203008
203009
203011
203012
203013
203014
203016
203017
203018
203019
203022
203023
203024
203025
203027
203028
203030
203032
203034
203035
203036
203040
203041
203043
203045
203046
203047
203048
203050
203051
203054
203055
203056
203057
203058
203059
203060
203062
203063
203064
203066
203067
203068
203070
203072
203073
203077
203081
203083
203084
203085
203086
203087
203089
203090
203092
203093
203095
203097
203099
203102
203103
203106
203107
203109
203110
203113
203114
203115
203116
203117
203118
203119
203120
203123
203124
203125
203127
203128
203129
203130
203131
203132
203133
203134
203138
203140
203142
203145
203150
203152
203153
203154
203158
203160
203161
203162
203163
203164
203165
203169
203170
203171
203172
203173
203174
203176
203177
203178
203180
203181
203182
203183
203185
203188
203190
203191
203192
203193
203195
203198
203200
203201
203203
203204
203205
203206
203207
203208
203209
203211
203212
203213
203214
203216
203218
203219
203220
203221
203222
203223
203224
203225
203226
203227
203228
203230
203231
203233
203234
203236
203237
203238
203240
203241
203242
203244
203246
203248
203249
203250
203251
203252
203253
203254
203255
203256
203257
203258
203259
203260
203261
203262
203263
203264
203265
203267
203268
203269
203271
203272
203273
203274
203275
203276
203277
203278
203280
203281
203282
203283
203285
203286
203287
203288
203289
203290
203291
203292
203293
203294
203295
203296
203297
203298
203299
203300
203301
203302
203303
203304
203305
203306
203307
203309
203310
203311
203312
203313
203314
203315
203316
203317
203318
203319
203320
203321
203322
203323
203324
203325
203326
203327
203328
203329
203330
203331
203332
203334
203335
203336
203337
203338
203339
203340
203341
203343
203344
203345
203347
203348
203349
203350
203351
203352
203353
203354
203355
203357
203358
203359
203360
203361
203362
203363
203364
203366
203367
203368
203369
203370
203371
203372
203373
203374
203375
203376
203378
203379
203380
203381
203382
203383
203384
203385
203386
203387
203388
203389
203390
203391
203392
203393
203394
203395
203396
203397
203398
203399
203400
203401
203402
203403
203404
203405
203406
203408
203409
203410
203412
203413
203414
203415
203416
203418
203420
203421
203422
203423
203428
203429
203430
203434
203435
203436
203438
203440
203441
203442
203443
203445
203446
203448
203450
203451
203452
203453
203454
203455
203456
203457
203458
203459
203460
203461
203463
203465
203467
203468
203472
203474
203476
203477
203478
203479
203480
203483
203484
203485
203487
203489
203490
203491
203492
203493
203494
203495
203497
203498
203499
203500
203502
203503
203504
203505
203506
203508
203510
203511
203512
203513
203514
203515
203516
203517
203518
203519
203520
203523
203524
203525
203526
203527
203528
203530
203531
203532
203533
203539
203540
203541
203542
203544
203545
203546
203547
203549
203550
203553
203557
203559
203560
203561
203562
203563
203564
203566
203567
203568
203571
203572
203573
203577
203579
203580
203583
203585
203586
203587
203588
203589
203590
203591
203592
203593
203594
203595
203596
203598
203599
203600
203602
203603
203604
203606
203607
203608
203609
203610
203611
203612
203613
203615
203616
203617
203618
203622
203623
203624
203626
203627
203628
203629
203630
203631
203632
203633
203635
203639
203640
203641
203642
203643
203645
203646
203647
203650
203652
203654
203656
203658
203660
203661
203662
203663
203664
203665
203668
203669
203670
203671
203674
203675
203676
203677
203678
203680
203682
203685
203686
203687
203688
203689
203691
203693
203694
203695
203697
203698
203699
203700
203701
203702
203703
203704
203706
203707
203708
203709
203710
203713
203715
203716
203717
203718
203719
203720
203721
203723
203725
203726
203728
203729
203730
203732
203733
203734
203737
203738
203739
203741
203742
203743
203745
203746
203747
203748
203749
203751
203752
203753
203754
203755
203756
203757
203761
203762
203765
203766
203767
203768
203772
203773
203774
203775
203776
203777
203778
203779
203781
203782
203783
203784
203785
203787
203788
203789
203791
203794
203795
203799
203800
203802
203804
203805
203807
203808
203809
203810
203811
203812
203813
203814
203815
203817
203818
203820
203821
203822
203823
203824
203826
203827
203828
203829
203830
203831
203833
203835
203836
203837
203838
203839
203840
203843
203844
203846
203847
203848
203849
203850
203853
203854
203855
203856
203857
203858
203860
203861
203862
203863
203866
203867
203868
203869
203871
203872
203873
203875
203876
203878
203880
203881
203882
203885
203886
203887
203888
203890
203892
203893
203894
203897
203898
203899
203902
203904
203905
203906
203907
203908
203909
203910
203911
203912
203914
203915
203916
203917
203918
203920
203921
203922
203924
203928
203931
203932
203933
203935
203936
203937
203941
203942
203943
203944
203946
203947
203948
203949
203950
203951
203954
203955
203957
203958
203959
203960
203961
203962
203963
203964
203966
203967
203968
203969
203970
203971
203972
203973
203975
203976
203977
203978
203979
203981
203983
203985
203987
203988
203989
203992
203993
203994
203996
203997
203998
204000
204001
204003
204004
204006
204007
204008
204009
204010
204012
204014
204015
204016
204017
204018
204019
204020
204021
204022
204024
204025
204026
204027
204028
204029
204030
204031
204032
204036
204037
204038
204039
204040
204041
204042
204043
204044
204045
204046
204049
204050
204051
204052
204053
204054
204055
204056
204057
204058
204059
204060
204061
204062
204063
204067
204068
204069
204070
204073
204074
204076
204077
204078
204079
204080
204081
204083
204085
204086
204087
204088
204092
204093
204094
204095
204096
204097
204098
204099
204100
204101
204102
204103
204104
204105
204106
204107
204108
204109
204110
204111
204112
204116
204117
204118
204119
204121
204122
204125
204126
204128
204130
204132
204134
204135
204136
204137
204139
204141
204142
204145
204146
204148
204150
204152
204154
204156
204158
204160
204162
204164
204165
204166
204168
204171
204173
204176
204177
204178
204179
204181
204182
204183
204184
204185
204186
204189
204190
204192
204193
204194
204196
204197
204198
204199
204203
204204
204207
204208
204209
204210
204211
204213
204214
204215
204216
204219
204220
204222
204224
204225
204226
204227
204228
204229
204230
204231
204233
204234
204236
204237
204242
204243
204244
204245
204246
204250
204251
204252
204253
204255
204258
204259
204260
204261
204262
204263
204265
204266
204267
204268
204269
204271
204273
204274
204275
204276
204279
204280
204281
204282
204283
204284
204285
204286
204287
204288
204289
204290
204291
204292
204293
204294
204296
204297
204299
204300
204302
204306
204307
204309
204313
204314
204315
204318
204320
204321
204322
204323
204324
204325
204327
204328
204329
204330
204331
204332
204333
204334
204335
204336
204337
204338
204339
204340
204342
204343
204344
204345
204347
204348
204349
204350
204351
204353
204354
204355
204356
204357
204358
204360
204361
204362
204363
204364
204365
204369
204370
204372
204374
204375
204376
204378
204379
204381
204384
204385
204386
204387
204389
204390
204391
204393
204394
204395
204396
204397
204398
204400
204401
204402
204403
204404
204405
204406
204407
204408
204409
204413
204414
204415
204416
204417
204418
204419
204420
204421
204422
204426
204427
204429
204430
204431
204432
204433
204434
204435
204436
204437
204439
204440
204441
204442
204443
204444
204445
204447
204449
204451
204453
204454
204455
204457
204459
204460
204461
204462
204463
204464
204465
204467
204468
204469
204470
204471
204472
204473
204474
204475
204477
204479
204482
204483
204484
204485
204486
204487
204488
204490
204491
204492
204493
204494
204495
204496
204497
204498
204499
204500
204501
204503
204504
204505
204507
204508
204510
204511
204512
204513
204514
204521
204522
204523
204524
204525
204526
204529
204534
204535
204536
204537
204538
204539
204540
204541
204542
204543
204544
204545
204546
204547
204548
204549
204551
204554
204555
204556
204557
204559
204560
204561
204562
204563
204564
204566
204567
204568
204569
204570
204571
204572
204573
204574
204575
204576
204577
204578
204579
204580
204581
204583
204585
204586
204588
204590
204591
204593
204594
204595
204596
204597
204598
204600
204601
204603
204605
204606
204607
204608
204609
204611
204612
204613
204614
204615
204618
204620
204621
204623
204628
204630
204631
204633
204634
204635
204636
204637
204638
204639
204640
204641
204643
204644
204645
204647
204648
204649
204650
204651
204652
204653
204654
204655
204657
204658
204659
204661
204662
204663
204664
204665
204666
204667
204668
204670
204673
204676
204677
204678
204679
204680
204681
204683
204684
204686
204687
204688
204690
204691
204692
204693
204694
204697
204698
204699
204700
204703
204704
204705
204706
204707
204708
204709
204710
204711
204714
204715
204716
204719
204720
204722
204723
204724
204725
204727
204728
204730
204731
204732
204733
204734
204736
204737
204738
204739
204740
204741
204742
204743
204744
204746
204747
204748
204750
204751
204752
204753
204755
204756
204760
204761
204762
204763
204764
204765
204766
204767
204768
204769
204770
204771
204772
204773
204774
204776
204777
204778
204779
204780
204782
204783
204784
204785
204786
204788
204789
204790
204791
204793
204796
204797
204798
204799
204800
204801
204803
204804
204805
204806
204807
204808
204809
204810
204811
204812
204813
204815
204820
204821
204822
204823
204824
204825
204826
204828
204830
204831
204832
204833
204834
204835
204836
204838
204839
204840
204844
204845
204848
204850
204852
204854
204857
204858
204859
204860
204861
204862
204863
204864
204865
204868
204870
204871
204872
204873
204874
204875
204877
204878
204879
204881
204884
204885
204886
204887
204888
204889
204892
204893
204894
204895
204896
204899
204902
204903
204904
204905
204906
204907
204910
204912
204913
204914
204915
204917
204919
204920
204921
204922
204923
204924
204925
204926
204928
204930
204931
204932
204933
204934
204935
204936
204937
204940
204943
204945
204946
204947
204948
204949
204950
204951
204952
204953
204955
204956
204957
204958
204959
204960
204961
204962
204964
204965
204966
204967
204968
204969
204970
204972
204973
204974
204975
204976
204977
204978
204979
204980
204981
204982
204983
204984
204985
204986
204987
204988
204989
204990
204991
204993
204995
204996
204998
204999
205000
205004
205005
205007
205008
205010
205011
205012
205014
205018
205019
205020
205024
205025
205026
205028
205030
205033
205035
205036
205037
205038
205041
205042
205044
205045
205046
205047
205049
205050
205051
205053
205054
205055
205057
205058
205059
205060
205061
205062
205063
205064
205065
205066
205067
205068
205070
205071
205074
205076
205077
205078
205079
205080
205081
205082
205083
205084
205085
205086
205089
205090
205091
205092
205093
205094
205095
205096
205097
205098
205099
205100
205101
205102
205103
205104
205105
205106
205108
205109
205110
205112
205113
205114
205115
205116
205117
205118
205119
205120
205121
205122
205123
205124
205125
205127
205128
205129
205130
205131
205132
205133
205135
205136
205137
205138
205140
205142
205143
205144
205145
205146
205147
205149
205150
205152
205154
205155
205156
205157
205159
205160
205163
205164
205165
205166
205167
205168
205169
205170
205171
205172
205173
205174
205175
205176
205177
205178
205180
205181
205182
205183
205184
205185
205188
205189
205190
205192
205193
205194
205195
205198
205199
205200
205201
205202
205203
205204
205206
205207
205208
205209
205210
205211
205212
205213
205214
205215
205216
205218
205219
205220
205221
205222
205223
205224
205226
205227
205228
205229
205232
205233
205234
205236
205237
205238
205239
205240
205241
205242
205243
205244
205245
205248
205249
205251
205252
205253
205254
205255
205256
205257
205258
205259
205260
205261
205263
205264
205265
205266
205267
205271
205273
205274
205275
205276
205278
205279
205280
205281
205286
205287
205288
205289
205290
205291
205292
205293
205294
205296
205297
205298
205300
205302
205303
205304
205305
205306
205307
205309
205313
205314
205315
205316
205317
205319
205320
205323
205325
205326
205327
205328
205329
205330
205331
205332
205333
205334
205335
205336
205337
205339
205340
205341
205342
205346
205347
205349
205353
205354
205355
205356
205357
205358
205359
205360
205361
205362
205367
205368
205370
205373
205376
205377
205382
205384
205385
205390
205393
205394
205395
205397
205399
205400
205401
205403
205406
205407
205408
205409
205410
205411
205412
205413
205414
205415
205416
205417
205418
205420
205422
205423
205424
205425
205427
205428
205429
205430
205431
205432
205434
205435
205436
205437
205438
205439
205440
205441
205442
205443
205445
205446
205447
205451
205452
205454
205457
205458
205459
205460
205461
205462
205463
205464
205465
205466
205467
205470
205471
205472
205473
205474
205476
205477
205478
205480
205481
205482
205483
205487
205488
205489
205490
205491
205492
205493
205494
205495
205497
205501
205502
205503
205505
205506
205507
205508
205511
205513
205515
205517
205518
205520
205522
205523
205525
205526
205527
205528
205531
205532
205533
205534
205536
205538
205540
205541
205542
205543
205546
205547
205549
205550
205551
205553
205554
205555
205556
205558
205559
205560
205561
205564
205566
205567
205569
205570
205571
205572
205573
205574
205575
205576
205577
205579
205581
205582
205583
205585
205586
205587
205588
205589
205590
205591
205592
205593
205594
205595
205596
205598
205599
205600
205601
205602
205603
205604
205606
205609
205610
205611
205612
205613
205614
205615
205616
205617
205618
205619
205621
205622
205623
205625
205626
205627
205628
205629
205630
205631
205632
205634
205635
205636
205637
205638
205639
205641
205642
205643
205644
205645
205646
205647
205648
205649
205650
205651
205652
205653
205654
205655
205657
205658
205659
205660
205661
205662
205663
205664
205665
205666
205667
205668
205669
205670
205671
205672
205673
205674
205675
205676
205677
205678
205679
205680
205681
205682
205683
205684
205685
205686
205687
205688
205689
205691
205692
205693
205694
205695
205697
205698
205699
205700
205701
205702
205703
205704
205705
205706
205707
205708
205710
205711
205712
205713
205714
205715
205717
205719
205720
205721
205722
205724
205725
205727
205728
205729
205730
205731
205733
205734
205735
205736
205737
205739
205740
205741
205742
205743
205745
205746
205747
205748
205750
205751
205752
205753
205754
205756
205757
205758
205759
205760
205761
205762
205763
205764
205766
205767
205768
205769
205770
205771
205772
205773
205774
205775
205777
205779
205780
205781
205783
205784
205786
205787
205788
205789
205791
205792
205794
205797
205798
205799
205801
205802
205804
205805
205806
205807
205808
205809
205810
205811
205813
205814
205815
205816
205817
205818
205819
205820
205821
205822
205824
205825
205826
205827
205828
205829
205830
205832
205833
205834
205835
205836
205837
205839
205841
205843
205845
205846
205847
205849
205850
205852
205853
205855
205856
205857
205858
205859
205861
205862
205865
205867
205868
205870
205871
205872
205873
205874
205875
205877
205879
205880
205881
205883
205884
205885
205887
205888
205890
205892
205893
205894
205897
205898
205899
205900
205901
205904
205905
205906
205907
205908
205909
205910
205912
205913
205914
205915
205916
205917
205918
205919
205921
205922
205924
205925
205926
205931
205932
205934
205935
205936
205937
205938
205941
205942
205943
205945
205947
205948
205950
205952
205953
205955
205956
205957
205958
205960
205961
205964
205965
205966
205968
205970
205971
205972
205973
205974
205975
205976
205977
205979
205980
205981
205982
205983
205984
205985
205986
205987
205988
205989
205990
205992
205993
205994
205995
205996
205997
205998
206001
206004
206005
206006
206007
206008
206009
206010
206011
206012
206013
206014
206015
206016
206017
206018
206019
206021
206022
206024
206025
206026
206028
206029
206030
206032
206033
206034
206035
206037
206038
206040
206041
206042
206043
206044
206046
206048
206050
206051
206052
206053
206055
206056
206057
206058
206059
206060
206062
206063
206064
206065
206066
206067
206069
206070
206074
206075
206076
206077
206078
206079
206080
206081
206085
206086
206087
206092
206093
206094
206097
206099
206100
206101
206103
206104
206107
206108
206109
206110
206112
206113
206115
206120
206121
206122
206123
206127
206128
206129
206131
206135
206136
206137
206138
206140
206142
206143
206144
206145
206147
206148
206149
206150
206151
206153
206154
206155
206156
206158
206159
206160
206161
206162
206163
206164
206165
206166
206167
206168
206169
206170
206171
206173
206175
206177
206178
206179
206180
206181
206182
206183
206184
206185
206188
206189
206191
206193
206194
206195
206196
206201
206202
206204
206206
206207
206208
206209
206210
206211
206215
206216
206217
206218
206219
206220
206221
206224
206225
206226
206227
206228
206229
206230
206231
206232
206235
206236
206237
206240
206241
206242
206244
206245
206247
206248
206251
206252
206254
206255
206256
206257
206258
206259
206260
206264
206265
206267
206268
206269
206270
206271
206274
206276
206277
206279
206280
206281
206283
206284
206285
206286
206287
206290
206291
206292
206294
206295
206297
206298
206299
206300
206301
206302
206303
206304
206305
206306
206307
206308
206309
206311
206312
206313
206314
206315
206316
206317
206318
206319
206320
206321
206323
206324
206326
206329
206330
206331
206332
206333
206334
206336
206337
206338
206339
206340
206343
206346
206347
206348
206350
206351
206353
206358
206360
206361
206363
206365
206366
206367
206368
206369
206372
206374
206376
206377
206380
206381
206382
206383
206384
206385
206386
206388
206389
206391
206392
206393
206394
206395
206396
206397
206398
206399
206400
206401
206402
206404
206405
206406
206407
206408
206409
206410
206412
206413
206414
206416
206421
206422
206424
206425
206426
206428
206429
206430
206431
206433
206434
206435
206436
206438
206439
206440
206441
206442
206443
206446
206447
206448
206449
206450
206451
206452
206454
206455
206456
206458
206459
206462
206463
206464
206466
206467
206468
206469
206472
206473
206475
206476
206477
206478
206479
206481
206482
206483
206484
206485
206487
206488
206489
206491
206492
206493
206494
206495
206496
206497
206498
206499
206500
206502
206504
206505
206506
206508
206509
206510
206511
206512
206516
206518
206519
206520
206521
206522
206523
206524
206526
206527
206528
206529
206530
206531
206532
206533
206534
206535
206536
206537
206538
206539
206540
206541
206542
206543
206544
206545
206546
206548
206549
206550
206551
206552
206555
206556
206557
206558
206560
206561
206562
206563
206564
206565
206566
206567
206568
206569
206570
206571
206573
206574
206577
206579
206580
206582
206583
206584
206585
206586
206587
206588
206589
206591
206592
206593
206594
206595
206596
206597
206598
206599
206600
206601
206602
206603
206604
206605
206606
206608
206609
206610
206611
206612
206613
206614
206615
206617
206618
206619
206620
206621
206622
206623
206624
206625
206626
206627
206629
206630
206631
206632
206633
206634
206635
206636
206637
206638
206640
206641
206642
206643
206644
206645
206646
206647
206648
206650
206651
206652
206653
206655
206657
206658
206660
206661
206662
206663
206664
206665
206666
206667
206668
206669
206670
206671
206672
206673
206675
206676
206678
206679
206680
206682
206683
206685
206688
206690
206691
206692
206693
206694
206697
206698
206699
206700
206701
206702
206703
206705
206706
206707
206709
206710
206711
206713
206715
206716
206717
206718
206719
206720
206721
206722
206723
206724
206725
206726
206728
206729
206730
206731
206734
206735
206737
206738
206739
206740
206741
206743
206745
206750
206751
206753
206756
206758
206760
206762
206763
206765
206766
206769
206770
206771
206772
206774
206775
206776
206778
206779
206780
206781
206784
206785
206786
206787
206790
206791
206792
206793
206796
206797
206798
206803
206805
206806
206808
206809
206810
206811
206813
206815
206816
206817
206818
206819
206820
206821
206822
206823
206825
206826
206829
206831
206832
206833
206834
206835
206837
206839
206840
206841
206842
206843
206847
206848
206849
206850
206852
206856
206857
206858
206859
206860
206861
206862
206863
206865
206866
206867
206868
206869
206870
206871
206872
206873
206874
206875
206876
206877
206878
206879
206880
206881
206882
206883
206884
206888
206889
206890
206891
206892
206893
206894
206895
206897
206898
206901
206902
206903
206904
206905
206907
206908
206909
206911
206912
206914
206915
206916
206918
206919
206920
206921
206922
206923
206924
206925
206926
206927
206928
206929
206930
206932
206934
206935
206936
206937
206938
206939
206940
206941
206942
206943
206944
206945
206947
206948
206949
206950
206951
206952
206953
206954
206955
206959
206960
206961
206962
206963
206964
206965
206966
206967
206968
206969
206970
206971
206973
206974
206975
206977
206979
206980
206981
206982
206983
206984
206985
206987
206988
206989
206990
206991
206992
206993
206994
206996
206997
206998
206999
207001
207003
207004
207005
207008
207009
207010
207011
207012
207013
207015
207017
207018
207019
207021
207022
207023
207025
207026
207030
207031
207032
207033
207035
207037
207038
207040
207041
207042
207043
207044
207046
207049
207050
207051
207052
207053
207054
207056
207057
207058
207060
207061
207062
207063
207065
207066
207067
207068
207069
207070
207072
207073
207074
207076
207079
207081
207082
207084
207085
207086
207090
207091
207092
207093
207094
207095
207096
207097
207099
207100
207101
207105
207106
207108
207109
207112
207113
207114
207115
207118
207119
207121
207123
207125
207129
207130
207131
207132
207133
207135
207136
207137
207138
207141
207142
207143
207146
207148
207149
207150
207151
207152
207153
207155
207156
207157
207159
207160
207161
207163
207164
207165
207166
207167
207168
207169
207170
207171
207172
207173
207174
207175
207176
207177
207178
207179
207180
207181
207182
207183
207184
207185
207186
207187
207188
207189
207190
207191
207192
207193
207194
207195
207197
207198
207199
207200
207201
207202
207203
207204
207205
207206
207208
207209
207210
207212
207213
207214
207215
207216
207218
207220
207224
207225
207226
207227
207228
207229
207230
207231
207232
207233
207235
207236
207237
207239
207241
207242
207245
207247
207248
207249
207250
207251
207252
207253
207255
207256
207257
207258
207259
207261
207262
207264
207265
207266
207267
207268
207269
207270
207272
207273
207274
207275
207276
207277
207280
207281
207282
207283
207284
207285
207286
207288
207289
207290
207291
207292
207294
207295
207296
207298
207299
207300
207302
207303
207304
207305
207306
207307
207309
207310
207311
207312
207313
207314
207316
207321
207322
207323
207324
207325
207326
207327
207329
207330
207331
207332
207333
207334
207336
207337
207339
207341
207342
207343
207344
207345
207347
207350
207352
207353
207354
207355
207356
207358
207359
207362
207363
207364
207365
207366
207367
207368
207369
207370
207373
207375
207376
207379
207381
207382
207383
207384
207388
207394
207395
207396
207397
207399
207400
207401
207402
207403
207405
207406
207407
207408
207409
207410
207411
207413
207415
207416
207417
207419
207421
207423
207425
207427
207428
207429
207430
207431
207432
207433
207434
207435
207436
207437
207441
207442
207444
207445
207446
207447
207449
207450
207452
207453
207454
207455
207456
207458
207459
207460
207461
207462
207463
207464
207465
207466
207467
207468
207469
207471
207472
207473
207474
207475
207476
207477
207479
207480
207481
207482
207483
207484
207485
207486
207487
207488
207489
207490
207491
207494
207495
207496
207497
207498
207499
207500
207501
207502
207503
207504
207507
207508
207509
207512
207513
207515
207516
207517
207518
207520
207523
207524
207525
207526
207527
207528
207530
207531
207532
207535
207536
207537
207538
207539
207540
207541
207542
207547
207548
207552
207553
207554
207555
207556
207558
207560
207561
207563
207564
207565
207566
207567
207568
207570
207571
207572
207573
207574
207575
207579
207580
207581
207582
207583
207584
207586
207587
207588
207592
207593
207596
207597
207598
207599
207601
207602
207603
207604
207607
207608
207609
207610
207611
207612
207614
207616
207618
207620
207622
207625
207626
207628
207629
207630
207631
207632
207633
207634
207635
207636
207637
207638
207639
207640
207641
207642
207643
207644
207645
207646
207647
207649
207650
207651
207652
207653
207655
207656
207659
207660
207661
207663
207668
207669
207670
207671
207672
207673
207674
207677
207678
207679
207681
207684
207685
207687
207688
207689
207692
207693
207694
207695
207696
207697
207700
207703
207704
207705
207706
207707
207708
207709
207710
207711
207712
207713
207714
207715
207718
207720
207722
207723
207724
207725
207726
207728
207729
207731
207732
207733
207735
207736
207737
207738
207739
207740
207741
207742
207743
207744
207745
207746
207747
207748
207752
207753
207754
207755
207756
207757
207759
207761
207762
207763
207764
207766
207767
207769
207770
207771
207773
207774
207780
207782
207783
207784
207785
207787
207788
207790
207791
207792
207793
207794
207795
207796
207797
207798
207799
207800
207801
207803
207805
207806
207807
207808
207811
207812
207813
207815
207817
207818
207819
207821
207822
207824
207825
207826
207827
207828
207829
207830
207832
207833
207834
207835
207837
207838
207840
207841
207842
207843
207846
207848
207850
207851
207852
207853
207854
207855
207856
207857
207858
207860
207861
207862
207863
207866
207867
207868
207869
207870
207871
207873
207874
207875
207877
207878
207880
207881
207885
207886
207889
207890
207893
207894
207895
207896
207897
207898
207899
207900
207902
207903
207904
207905
207907
207910
207912
207913
207914
207915
207918
207919
207920
207921
207924
207925
207926
207927
207928
207929
207930
207931
207932
207933
207935
207936
207937
207938
207939
207940
207942
207944
207946
207947
207948
207949
207951
207953
207954
207955
207958
207959
207961
207962
207963
207964
207966
207967
207968
207969
207971
207972
207975
207976
207977
207978
207979
207982
207983
207984
207985
207986
207987
207988
207990
207991
207992
207995
207996
207998
207999
208000
208001
208003
208004
208005
208006
208007
208008
208009
208010
208012
208013
208014
208015
208017
208018
208019
208020
208021
208022
208024
208025
208026
208028
208029
208030
208031
208032
208033
208035
208036
208038
208039
208040
208041
208044
208045
208046
208050
208052
208053
208055
208056
208057
208058
208060
208061
208062
208063
208064
208065
208066
208067
208070
208071
208072
208074
208075
208077
208078
208079
208080
208081
208082
208085
208087
208088
208089
208090
208092
208093
208094
208095
208097
208098
208099
208101
208102
208104
208106
208107
208109
208110
208112
208114
208117
208118
208119
208120
208122
208123
208125
208126
208127
208128
208129
208131
208132
208133
208134
208135
208137
208138
208139
208141
208142
208144
208145
208146
208149
208150
208152
208155
208156
208157
208159
208160
208161
208162
208163
208164
208168
208169
208170
208171
208172
208176
208177
208178
208179
208180
208181
208182
208183
208184
208185
208187
208188
208189
208191
208194
208195
208198
208199
208200
208201
208202
208204
208205
208206
208208
208209
208211
208214
208215
208216
208217
208219
208221
208222
208223
208224
208225
208226
208227
208228
208229
208231
208232
208235
208236
208237
208238
208240
208241
208242
208244
208245
208246
208249
208250
208251
208253
208254
208256
208257
208258
208261
208262
208263
208264
208265
208266
208267
208268
208270
208272
208274
208276
208278
208280
208282
208286
208288
208289
208290
208292
208294
208295
208296
208299
208300
208301
208302
208305
208307
208308
208309
208311
208312
208313
208314
208315
208316
208317
208318
208319
208320
208321
208322
208323
208324
208325
208326
208327
208328
208329
208330
208332
208333
208335
208337
208338
208340
208341
208342
208344
208346
208347
208349
208352
208353
208354
208356
208357
208358
208359
208360
208361
208366
208368
208369
208370
208371
208372
208373
208375
208377
208378
208381
208382
208383
208384
208385
208387
208388
208389
208390
208391
208392
208393
208394
208396
208401
208403
208404
208405
208406
208408
208410
208411
208412
208415
208417
208418
208419
208421
208422
208423
208426
208428
208429
208430
208431
208432
208433
208435
208437
208440
208445
208446
208447
208448
208449
208450
208451
208452
208454
208455
208456
208457
208458
208459
208461
208462
208464
208466
208468
208469
208471
208472
208473
208474
208476
208477
208478
208479
208480
208481
208482
208484
208485
208486
208487
208488
208489
208490
208492
208493
208494
208495
208496
208497
208498
208499
208500
208501
208502
208503
208504
208505
208506
208507
208508
208509
208510
208512
208513
208514
208515
208517
208518
208519
208520
208521
208522
208523
208524
208525
208526
208529
208530
208531
208532
208533
208534
208535
208537
208538
208539
208540
208541
208542
208543
208544
208545
208546
208547
208548
208549
208550
208551
208552
208553
208554
208555
208557
208558
208559
208560
208562
208563
208564
208566
208567
208569
208570
208571
208572
208573
208574
208575
208576
208577
208578
208579
208580
208581
208582
208583
208584
208585
208586
208587
208589
208590
208591
208592
208593
208594
208595
208596
208598
208599
208600
208602
208603
208604
208605
208607
208608
208609
208610
208611
208612
208613
208618
208619
208620
208621
208622
208623
208624
208625
208626
208627
208628
208629
208630
208631
208633
208634
208635
208636
208637
208639
208642
208643
208644
208645
208646
208647
208648
208650
208651
208652
208653
208654
208655
208657
208658
208659
208660
208661
208662
208663
208664
208665
208666
208668
208669
208670
208671
208672
208673
208674
208676
208678
208679
208681
208682
208683
208684
208686
208687
208690
208691
208695
208697
208700
208701
208702
208703
208705
208706
208710
208711
208713
208718
208720
208721
208722
208723
208727
208728
208730
208731
208732
208733
208734
208736
208737
208738
208739
208740
208741
208742
208743
208744
208745
208746
208747
208748
208749
208750
208751
208752
208753
208755
208756
208758
208759
208760
208761
208762
208763
208764
208767
208768
208770
208771
208772
208773
208774
208776
208777
208778
208779
208780
208781
208782
208783
208785
208786
208787
208788
208789
208790
208791
208792
208793
208794
208795
208796
208797
208798
208799
208800
208801
208803
208804
208805
208806
208807
208808
208809
208810
208811
208813
208814
208816
208818
208819
208820
208821
208824
208825
208826
208828
208829
208830
208831
208832
208835
208836
208837
208838
208839
208841
208845
208847
208848
208849
208851
208852
208853
208854
208858
208859
208860
208861
208863
208864
208866
208868
208871
208875
208876
208877
208878
208880
208881
208882
208884
208885
208887
208888
208889
208890
208891
208892
208894
208895
208896
208898
208899
208900
208901
208902
208903
208906
208907
208908
208909
208910
208911
208912
208914
208915
208916
208917
208918
208921
208922
208924
208925
208926
208928
208931
208932
208933
208934
208935
208936
208937
208938
208939
208942
208943
208945
208947
208953
208954
208956
208957
208958
208959
208961
208963
208964
208965
208967
208968
208969
208971
208972
208973
208976
208977
208979
208980
208984
208985
208987
208988
208990
208991
208993
208997
208999
209000
209001
209002
209003
209004
209005
209007
209008
209009
209011
209012
209013
209014
209015
209016
209017
209018
209019
209020
209021
209022
209023
209024
209025
209026
209027
209028
209030
209031
209032
209033
209034
209036
209038
209041
209043
209044
209045
209046
209047
209048
209049
209050
209051
209052
209053
209054
209055
209058
209062
209063
209064
209065
209066
209068
209069
209071
209072
209073
209074
209079
209080
209081
209083
209084
209085
209086
209090
209092
209094
209095
209097
209098
209099
209101
209102
209103
209104
209105
209106
209107
209108
209109
209110
209112
209114
209115
209116
209117
209118
209119
209121
209122
209123
209124
209125
209126
209127
209128
209129
209130
209132
209133
209134
209135
209137
209138
209139
209141
209143
209144
209145
209146
209147
209148
209149
209150
209151
209152
209153
209154
209155
209156
209157
209158
209159
209160
209162
209164
209165
209166
209168
209169
209171
209172
209173
209175
209176
209177
209178
209179
209180
209181
209182
209183
209184
209185
209186
209187
209188
209190
209191
209192
209193
209194
209195
209197
209198
209199
209200
209202
209203
209204
209205
209206
209207
209208
209210
209211
209212
209214
209216
209218
209219
209221
209222
209223
209224
209225
209226
209228
209229
209231
209232
209233
209234
209235
209236
209238
209239
209241
209242
209244
209245
209246
209247
209248
209249
209250
209251
209252
209253
209257
209258
209259
209260
209261
209262
209265
209266
209267
209268
209269
209273
209274
209275
209276
209277
209278
209279
209280
209281
209282
209285
209288
209289
209290
209292
209294
209297
209298
209300
209301
209302
209303
209304
209305
209306
209307
209308
209309
209310
209312
209313
209314
209316
209317
209319
209320
209321
209322
209323
209324
209325
209326
209327
209328
209329
209330
209332
209333
209334
209335
209336
209337
209338
209340
209341
209342
209344
209350
209352
209353
209355
209357
209358
209359
209360
209362
209363
209364
209365
209367
209368
209370
209371
209375
209376
209380
209381
209383
209384
209387
209391
209392
209393
209394
209395
209396
209397
209398
209399
209400
209401
209402
209403
209404
209405
209406
209407
209408
209409
209412
209413
209414
209417
209418
209419
209420
209421
209422
209423
209427
209428
209429
209430
209431
209432
209433
209434
209437
209438
209439
209441
209442
209443
209444
209445
209446
209447
209448
209450
209451
209456
209457
209458
209460
209463
209464
209465
209466
209467
209468
209469
209470
209471
209472
209473
209475
209476
209477
209478
209479
209482
209483
209484
209485
209486
209488
209490
209496
209497
209499
209500
209501
209502
209505
209506
209507
209508
209509
209510
209512
209515
209516
209517
209518
209520
209521
209522
209523
209524
209526
209527
209528
209529
209530
209532
209533
209535
209536
209537
209538
209540
209541
209543
209544
209545
209547
209548
209549
209550
209551
209553
209554
209555
209556
209558
209559
209562
209563
209564
209565
209566
209567
209568
209569
209571
209573
209575
209576
209577
209578
209579
209580
209581
209582
209583
209584
209585
209586
209587
209588
209589
209591
209592
209593
209594
209596
209597
209598
209599
209600
209601
209607
209609
209610
209612
209617
209618
209619
209620
209621
209622
209623
209624
209625
209626
209627
209629
209630
209631
209632
209635
209638
209639
209640
209641
209642
209643
209644
209646
209647
209648
209651
209653
209654
209657
209659
209661
209662
209663
209664
209665
209666
209668
209671
209672
209673
209674
209676
209678
209679
209680
209681
209682
209683
209685
209686
209687
209688
209689
209691
209692
209693
209694
209695
209696
209697
209698
209699
209700
209701
209702
209703
209704
209705
209706
209708
209709
209710
209712
209713
209714
209715
209716
209717
209718
209720
209722
209724
209726
209727
209729
209730
209731
209732
209734
209737
209738
209739
209740
209741
209742
209743
209744
209745
209746
209747
209748
209749
209750
209751
209754
209756
209759
209760
209761
209762
209764
209766
209767
209768
209769
209770
209771
209772
209773
209774
209775
209776
209777
209779
209780
209781
209784
209785
209787
209788
209789
209790
209791
209792
209795
209796
209797
209798
209799
209800
209802
209803
209804
209805
209807
209809
209810
209811
209813
209814
209815
209819
209820
209821
209822
209823
209824
209825
209826
209827
209829
209831
209832
209833
209834
209836
209837
209839
209840
209842
209844
209845
209846
209847
209848
209849
209850
209852
209853
209854
209855
209856
209857
209858
209859
209860
209861
209862
209863
209868
209869
209870
209871
209872
209874
209875
209876
209878
209879
209881
209882
209883
209884
209886
209887
209888
209889
209890
209891
209892
209895
209897
209898
209900
209902
209904
209906
209907
209909
209910
209911
209913
209914
209916
209917
209918
209920
209921
209922
209923
209934
209937
209938
209939
209940
209941
209942
209943
209944
209945
209946
209947
209948
209949
209950
209951
209952
209953
209954
209955
209956
209957
209958
209959
209962
209963
209964
209965
209966
209967
209968
209970
209971
209973
209974
209975
209976
209977
209978
209981
209982
209983
209984
209985
209986
209987
209988
209989
209991
209994
209995
209996
209998
209999
210000
210001
210002
210003
210005
210006
210007
210010
210014
210015
210016
210018
210019
210020
210022
210023
210024
210025
210026
210027
210030
210031
210032
210033
210034
210035
210036
210038
210041
210042
210043
210044
210045
210046
210049
210050
210051
210052
210053
210054
210055
210056
210057
210059
210060
210061
210062
210063
210064
210065
210066
210069
210070
210071
210072
210073
210074
210075
210076
210077
210078
210080
210081
210083
210084
210085
210087
210090
210091
210093
210094
210096
210099
210100
210102
210103
210104
210105
210106
210107
210108
210109
210113
210114
210116
210120
210121
210123
210124
210125
210126
210127
210129
210130
210131
210132
210133
210134
210136
210137
210139
210140
210141
210142
210143
210145
210147
210148
210149
210150
210151
210152
210153
210154
210156
210158
210160
210162
210164
210166
210167
210169
210170
210172
210173
210175
210176
210177
210178
210180
210183
210184
210185
210186
210187
210189
210191
210192
210194
210195
210198
210200
210202
210203
210204
210205
210206
210207
210210
210211
210212
210213
210214
210215
210216
210217
210218
210219
210220
210221
210222
210223
210224
210225
210226
210227
210230
210231
210232
210234
210238
210239
210240
210241
210243
210244
210246
210247
210252
210254
210255
210258
210259
210260
210265
210266
210267
210269
210270
210271
210272
210273
210274
210275
210276
