73840
73842
73844
73845
73846
73848
73852
73853
73854
73855
73856
73857
73858
73859
73861
73864
73866
73867
73868
73870
73871
73872
73873
73874
73875
73876
73878
73879
73883
73884
73885
73888
73891
73892
73893
73895
73896
73898
73900
73901
73903
73904
73906
73907
73908
73909
73910
73914
73916
73917
73919
73920
73922
73923
73925
73927
73928
73929
73930
73931
73932
73934
73935
73936
73937
73939
73940
73942
73944
73945
73946
73948
73949
73953
73954
73955
73956
73957
73958
73960
73961
73962
73963
73964
73966
73968
73969
73970
73971
73972
73973
73975
73976
73977
73978
73979
73980
73981
73983
73984
73985
73986
73987
73988
73990
73992
73993
73994
73995
73997
73998
73999
74001
74002
74003
74004
74006
74007
74008
74012
74014
74015
74019
74020
74021
74022
74023
74025
74026
74027
74032
74033
74034
74035
74036
74037
74038
74039
74040
74041
74042
74043
74044
74045
74047
74048
74049
74050
74051
74052
74053
74054
74055
74056
74057
74058
74060
74061
74062
74064
74065
74066
74067
74068
74069
74070
74071
74072
74073
74074
74075
74076
74077
74079
74080
74082
74084
74089
74090
74091
74092
74099
74100
74101
74103
74104
74105
74108
74109
74110
74111
74112
74113
74114
74115
74116
74118
74119
74120
74121
74122
74123
74124
74125
74127
74128
74132
74133
74134
74135
74137
74138
74139
74141
74142
74144
74145
74146
74147
74148
74150
74151
74152
74153
74154
74157
74159
74162
74163
74164
74165
74166
74167
74169
74171
74172
74173
74174
74175
74176
74177
74179
74182
74183
74185
74187
74188
74189
74190
74191
74192
74193
74194
74195
74197
74198
74199
74200
74201
74202
74203
74204
74205
74206
74207
74209
74210
74211
74212
74213
74215
74216
74218
74220
74221
74222
74224
74225
74226
74227
74228
74229
74231
74233
74235
74236
74238
74239
74240
74241
74242
74243
74244
74245
74246
74248
74253
74254
74255
74257
74259
74260
74263
74264
74265
74266
74268
74269
74271
74273
74276
74277
74278
74279
74280
74281
74282
74283
74284
74286
74287
74288
74289
74291
74292
74293
74294
74295
74297
74299
74300
74301
74302
74304
74307
74308
74309
74310
74311
74313
74314
74315
74316
74317
74319
74322
74324
74327
74328
74330
74331
74333
74334
74335
74337
74338
74339
74340
74344
74345
74346
74347
74348
74349
74352
74353
74354
74355
74356
74360
74361
74363
74365
74366
74367
74369
74370
74371
74372
74374
74376
74377
74379
74382
74384
74385
74386
74387
74389
74390
74391
74392
74394
74395
74396
74397
74398
74401
74402
74403
74404
74405
74406
74407
74408
74409
74411
74412
74413
74414
74415
74416
74417
74418
74422
74423
74424
74425
74428
74429
74430
74431
74432
74433
74434
74435
74436
74437
74438
74439
74442
74446
74448
74449
74450
74451
74452
74453
74455
74456
74458
74460
74462
74464
74468
74469
74472
74474
74475
74476
74478
74479
74480
74481
74482
74483
74484
74487
74488
74489
74491
74492
74493
74494
74495
74498
74499
74500
74501
74503
74504
74505
74506
74508
74513
74514
74516
74517
74518
74519
74521
74522
74525
74526
74528
74529
74530
74532
74533
74534
74535
74536
74538
74539
74540
74541
74542
74543
74544
74545
74546
74547
74548
74549
74550
74551
74552
74553
74556
74557
74558
74559
74561
74562
74563
74565
74566
74567
74568
74569
74570
74571
74572
74573
74574
74577
74578
74579
74580
74581
74582
74583
74584
74585
74587
74588
74589
74591
74592
74593
74594
74596
74597
74598
74599
74600
74601
74602
74604
74606
74607
74608
74609
74610
74611
74612
74616
74617
74618
74619
74620
74621
74622
74623
74624
74625
74626
74627
74628
74630
74631
74632
74633
74634
74635
74637
74639
74640
74641
74642
74644
74646
74648
74649
74650
74651
74652
74654
74656
74657
74659
74660
74661
74662
74663
74665
74666
74670
74672
74673
74674
74677
74678
74679
74680
74681
74685
74686
74687
74688
74689
74690
74691
74693
74694
74695
74696
74697
74698
74700
74701
74702
74704
74705
74706
74707
74708
74709
74710
74711
74712
74713
74715
74716
74717
74718
74719
74720
74721
74722
74723
74724
74725
74726
74728
74729
74731
74732
74734
74735
74737
74738
74739
74740
74742
74743
74744
74745
74746
74747
74748
74750
74751
74753
74754
74755
74756
74757
74758
74759
74761
74762
74763
74764
74766
74767
74768
74769
74770
74771
74772
74773
74774
74775
74777
74778
74779
74780
74781
74782
74783
74784
74788
74790
74792
74793
74794
74795
74796
74797
74798
74800
74801
74802
74803
74805
74807
74808
74809
74810
74811
74812
74813
74814
74815
74817
74818
74819
74820
74821
74823
74826
74828
74832
74833
74834
74835
74836
74838
74839
74840
74841
74842
74843
74844
74845
74846
74847
74849
74852
74857
74858
74859
74860
74861
74862
74863
74864
74865
74866
74867
74868
74869
74870
74871
74875
74876
74877
74878
74879
74880
74881
74882
74884
74886
74887
74888
74889
74890
74892
74893
74894
74895
74896
74897
74899
74900
74901
74902
74904
74905
74906
74907
74908
74910
74912
74914
74915
74916
74917
74918
74919
74920
74921
74923
74925
74926
74927
74928
74929
74930
74931
74932
74933
74934
74937
74938
74939
74940
74941
74943
74945
74946
74947
74949
74950
74951
74952
74954
74955
74956
74960
74961
74962
74963
74964
74965
74966
74967
74968
74969
74970
74971
74972
74973
74975
74976
74977
74978
74979
74981
74982
74983
74986
74987
74988
74989
74990
74993
74994
74997
74998
75000
75001
75002
75003
75004
75006
75007
75009
75013
75014
75015
75016
75019
75020
75026
75027
75028
75029
75030
75031
75033
75034
75036
75037
75039
75040
75041
75042
75044
75046
75049
75050
75051
75052
75053
75056
75058
75059
75061
75062
75063
75064
75067
75068
75071
75072
75073
75075
75076
75077
75078
75080
75081
75084
75085
75089
75090
75092
75093
75094
75096
75097
75098
75099
75100
75101
75102
75103
75104
75105
75106
75107
75109
75110
75111
75112
75114
75115
75116
75117
75118
75120
75121
75122
75124
75125
75128
75129
75132
75133
75134
75135
75136
75137
75138
75139
75140
75141
75142
75143
75144
75145
75146
75147
75149
75150
75152
75153
75154
75156
75158
75162
75163
75165
75167
75168
75169
75171
75172
75174
75175
75177
75178
75179
75180
75185
75187
75188
75189
75193
75194
75195
75196
75197
75199
75200
75201
75202
75203
75206
75207
75208
75209
75211
75212
75213
75214
75217
75218
75219
75220
75221
75224
75225
75228
75229
75230
75231
75232
75233
75234
75235
75236
75237
75238
75239
75240
75241
75242
75243
75244
75245
75246
75247
75249
75250
75251
75252
75253
75254
75255
75256
75259
75260
75261
75263
75264
75265
75266
75267
75268
75269
75270
75271
75273
75274
75276
75278
75279
75280
75282
75283
75284
75286
75287
75289
75290
75291
75292
75293
75294
75296
75297
75298
75300
75301
75302
75304
75307
75308
75309
75310
75311
75312
75313
75314
75315
75316
75318
75321
75322
75323
75324
75328
75330
75331
75334
75335
75336
75337
75338
75339
75340
75341
75342
75343
75344
75345
75347
75348
75349
75350
75351
75352
75353
75356
75357
75359
75360
75361
75362
75363
75365
75367
75368
75369
75370
75371
75372
75373
75374
75375
75377
75378
75382
75383
75387
75388
75389
75394
75395
75398
75399
75401
75402
75405
75407
75408
75409
75410
75412
75413
75415
75416
75417
75418
75419
75421
75422
75424
75425
75428
75429
75430
75431
75433
75434
75435
75436
75437
75438
75440
75441
75442
75443
75445
75447
75449
75450
75451
75452
75453
75454
75455
75459
75460
75461
75464
75466
75467
75468
75469
75470
75471
75472
75474
75475
75476
75477
75478
75479
75480
75481
75482
75483
75484
75485
75486
75487
75489
75491
75492
75493
75494
75495
75496
75497
75498
75499
75500
75501
75502
75503
75504
75505
75507
75508
75509
75511
75512
75514
75518
75519
75521
75522
75524
75525
75527
75529
75530
75531
75534
75535
75536
75537
75538
75540
75541
75544
75545
75547
75548
75549
75550
75551
75554
75555
75556
75557
75558
75559
75560
75563
75564
75565
75566
75569
75570
75572
75573
75574
75575
75576
75577
75578
75582
75584
75586
75588
75589
75592
75593
75594
75596
75597
75598
75599
75601
75603
75607
75609
75610
75611
75613
75615
75616
75618
75619
75620
75621
75622
75623
75625
75626
75627
75628
75634
75635
75641
75642
75643
75644
75645
75646
75648
75649
75650
75651
75652
75653
75654
75656
75658
75659
75660
75661
75662
75663
75664
75665
75666
75667
75670
75671
75672
75673
75674
75676
75677
75678
75679
75680
75681
75682
75684
75685
75686
75687
75688
75689
75690
75693
75694
75695
75696
75697
75698
75699
75700
75701
75704
75705
75706
75708
75709
75711
75712
75713
75714
75715
75716
75717
75718
75721
75722
75723
75724
75725
75727
75728
75729
75730
75732
75733
75734
75735
75737
75741
75742
75743
75747
75748
75751
75753
75755
75756
75757
75758
75759
75762
75765
75767
75769
75771
75774
75776
75778
75779
75780
75781
75782
75784
75785
75786
75788
75789
75790
75791
75792
75793
75797
75799
75801
75802
75803
75806
75807
75808
75810
75811
75813
75815
75818
75819
75820
75821
75822
75823
75825
75826
75827
75829
75830
75831
75832
75833
75834
75835
75836
75837
75838
75842
75843
75847
75848
75849
75850
75853
75854
75855
75856
75857
75859
75860
75861
75862
75864
75865
75866
75867
75868
75869
75870
75874
75875
75876
75877
75880
75881
75882
75883
75884
75886
75887
75888
75891
75894
75895
75896
75897
75899
75900
75901
75903
75904
75905
75906
75909
75910
75911
75913
75917
75918
75919
75920
75921
75922
75923
75926
75928
75929
75930
75932
75934
75935
75936
75937
75938
75939
75942
75943
75944
75945
75947
75948
75949
75950
75951
75952
75953
75955
75956
75958
75960
75961
75962
75963
75964
75965
75966
75967
75969
75970
75971
75972
75973
75975
75976
75977
75978
75981
75983
75984
75986
75987
75988
75991
75993
75994
75995
75996
75997
75998
75999
76000
76001
76005
76006
76008
76009
76010
76011
76012
76013
76014
76018
76020
76022
76026
76027
76028
76029
76030
76031
76035
76036
76037
76039
76040
76041
76042
76043
76044
76045
76046
76047
76048
76049
76051
76052
76053
76054
76055
76057
76058
76060
76061
76062
76063
76064
76065
76066
76067
76068
76070
76071
76072
76074
76076
76077
76078
76079
76080
76081
76082
76083
76084
76085
76086
76087
76088
76089
76090
76091
76092
76093
76095
76097
76098
76099
76100
76101
76104
76105
76106
76107
76108
76109
76110
76111
76112
76113
76114
76115
76116
76117
76118
76119
76121
76123
76124
76126
76127
76128
76129
76130
76131
76132
76134
76135
76137
76139
76140
76143
76147
76148
76149
76151
76152
76153
76154
76155
76156
76157
76158
76159
76160
76161
76162
76164
76166
76167
76168
76169
76170
76171
76172
76173
76174
76177
76178
76179
76183
76184
76188
76190
76191
76192
76193
76195
76197
76198
76199
76200
76202
76203
76205
76207
76208
76209
76211
76213
76218
76219
76220
76222
76224
76225
76226
76227
76228
76229
76231
76237
76238
76241
76242
76243
76246
76247
76249
76251
76252
76253
76254
76255
76256
76257
76259
76261
76265
76266
76267
76268
76270
76272
76275
76277
76280
76281
76282
76283
76284
76285
76286
76289
76290
76291
76292
76294
76295
76296
76297
76300
76301
76302
76303
76305
76306
76310
76311
76312
76314
76315
76316
76317
76321
76322
76323
76324
76325
76326
76328
76329
76330
76332
76334
76335
76339
76340
76341
76344
76345
76348
76349
76351
76352
76355
76356
76358
76359
76361
76362
76363
76364
76367
76369
76371
76372
76373
76374
76375
76376
76379
76384
76385
76386
76387
76388
76389
76391
76392
76393
76396
76398
76399
76400
76401
76402
76403
76405
76408
76409
76410
76411
76412
76416
76417
76418
76419
76420
76424
76425
76427
76429
76430
76431
76432
76437
76438
76439
76440
76441
76442
76443
76444
76446
76447
76448
76451
76454
76455
76457
76458
76462
76464
76466
76468
76469
76472
76473
76474
76476
76477
76478
76479
76481
76482
76483
76484
76486
76487
76488
76490
76491
76492
76493
76494
76495
76496
76499
76500
76505
76509
76510
76511
76512
76513
76514
76518
76520
76522
76523
76524
76525
76526
76527
76529
76530
76531
76533
76534
76536
76537
76538
76541
76543
76544
76545
76547
76550
76551
76554
76555
76556
76557
76558
76559
76562
76563
76565
76567
76569
76570
76572
76573
76574
76576
76577
76578
76579
76580
76581
76582
76583
76586
76588
76590
76591
76592
76593
76595
76596
76597
76599
76601
76603
76604
76605
76606
76607
76612
76613
76614
76617
76618
76621
76624
76625
76626
76627
76628
76630
76634
76635
76636
76638
76639
76643
76645
76646
76647
76649
76651
76652
76655
76657
76658
76660
76662
76663
76664
76665
76668
76669
76670
76671
76672
76674
76675
76676
76677
76679
76680
76682
76683
76684
76685
76689
76690
76691
76692
76694
76695
76697
76698
76699
76700
76702
76703
76704
76705
76706
76707
76708
76709
76710
76711
76713
76714
76715
76717
76718
76719
76720
76721
76722
76723
76726
76729
76730
76733
76734
76735
76736
76737
76738
76739
76741
76742
76743
76745
76746
76749
76750
76751
76752
76753
76759
76760
76763
76764
76766
76767
76768
76770
76772
76773
76774
76775
76776
76778
76779
76781
76782
76783
76784
76785
76787
76790
76791
76792
76793
76794
76795
76796
76797
76798
76799
76801
76805
76810
76811
76813
76814
76822
76823
76825
76829
76831
76844
76845
76846
76847
76849
76850
76851
76852
76853
76854
76856
76860
76862
76863
76866
76868
76869
76870
76872
76874
76875
76876
76877
76878
76879
76880
76881
76882
76883
76884
76885
76886
76887
76888
76889
76890
76891
76893
76894
76895
76896
76897
76899
76900
76902
76903
76904
76905
76908
76910
76911
76912
76913
76916
76918
76919
76921
76923
76924
76925
76927
76930
76931
76932
76933
76934
76935
76936
76938
76939
76940
76942
76943
76944
76945
76946
76947
76948
76949
76951
76952
76953
76954
76955
76956
76959
76960
76961
76962
76963
76964
76965
76966
76967
76968
76969
76972
76973
76976
76977
76980
76981
76982
76984
76985
76986
76988
76989
76993
76994
76995
76996
76997
76998
76999
77000
77002
77003
77004
77005
77006
77007
77008
77009
77011
77012
77013
77014
77015
77016
77019
77020
77022
77023
77026
77027
77029
77030
77031
77032
77033
77034
77036
77037
77038
77039
77040
77042
77045
77046
77047
77048
77049
77050
77052
77053
77054
77055
77056
77057
77059
77060
77061
77064
77065
77066
77068
77069
77070
77071
77072
77073
77074
77075
77076
77077
77078
77079
77080
77084
77086
77087
77090
77091
77093
77095
77096
77097
77098
77099
77101
77102
77105
77108
77109
77111
77113
77114
77115
77117
77119
77120
77121
77122
77123
77125
77127
77129
77130
77131
77132
77134
77135
77137
77139
77140
77141
77142
77143
77144
77146
77148
77149
77150
77151
77154
77155
77156
77157
77160
77161
77162
77163
77165
77166
77167
77169
77170
77171
77173
77174
77176
77177
77178
77179
77181
77182
77183
77185
77187
77189
77190
77192
77193
77194
77195
77196
77197
77198
77199
77200
77201
77203
77204
77205
77206
77207
77209
77211
77212
77213
77215
77216
77217
77219
77220
77221
77222
77224
77225
77228
77229
77230
77232
77233
77234
77236
77240
77241
77242
77243
77244
77246
77247
77248
77249
77250
77252
77253
77255
77258
77259
77260
77261
77262
77263
77264
77265
77266
77267
77268
77269
77270
77272
77273
77274
77275
77276
77279
77280
77281
77282
77283
77284
77286
77287
77288
77289
77291
77292
77293
77294
77296
77298
77299
77300
77301
77302
77303
77305
77306
77307
77310
77311
77312
77314
77315
77317
77318
77320
77321
77322
77324
77325
77326
77327
77328
77329
77330
77332
77333
77334
77335
77337
77338
77339
77340
77342
77343
77345
77346
77347
77348
77349
77350
77351
77353
77354
77355
77356
77357
77358
77359
77360
77361
77363
77364
77365
77366
77367
77369
77370
77371
77372
77373
77374
77375
77376
77377
77379
77380
77381
77382
77384
77385
77386
77389
77390
77391
77393
77394
77395
77397
77398
77399
77400
77401
77402
77403
77404
77406
77407
77408
77409
77410
77411
77412
77413
77414
77416
77418
77419
77426
77427
77428
77430
77431
77432
77433
77434
77435
77437
77438
77439
77440
77441
77442
77443
77446
77447
77448
77449
77450
77451
77453
77454
77456
77457
77458
77460
77462
77463
77464
77469
77471
77472
77473
77474
77475
77477
77478
77480
77481
77482
77483
77484
77488
77490
77492
77493
77494
77497
77498
77500
77501
77502
77504
77505
77506
77507
77508
77510
77511
77512
77513
77514
77515
77516
77517
77518
77519
77520
77521
77522
77524
77526
77528
77530
77531
77533
77534
77535
77536
77537
77538
77539
77545
77546
77547
77548
77550
77553
77554
77555
77556
77558
77559
77560
77561
77562
77563
77565
77566
77567
77568
77570
77573
77575
77576
77577
77578
77579
77580
77581
77582
77584
77585
77587
77590
77591
77592
77593
77594
77595
77596
77597
77599
77600
77601
77604
77606
77608
77609
77610
77613
77614
77616
77617
77618
77619
77621
77623
77624
77626
77627
77628
77629
77631
77632
77634
77635
77636
77637
77638
77639
77640
77641
77642
77643
77644
77646
77648
77649
77651
77653
77655
77657
77658
77659
77661
77662
77663
77665
77667
77668
77669
77670
77672
77673
77674
77675
77676
77677
77678
77679
77681
77682
77683
77684
77685
77686
77689
77691
77693
77694
77695
77696
77697
77698
77700
77702
77703
77704
77710
77711
77712
77715
77718
77721
77722
77724
77725
77727
77728
77729
77730
77732
77734
77735
77736
77737
77739
77741
77742
77743
77744
77746
77747
77748
77749
77750
77751
77753
77754
77755
77757
77758
77760
77761
77766
77767
77768
77769
77771
77774
77775
77776
77778
77779
77781
77782
77783
77784
77785
77786
77788
77790
77791
77792
77793
77794
77795
77797
77798
77800
77801
77802
77803
77804
77806
77808
77810
77811
77812
77813
77814
77815
77817
77819
77820
77822
77823
77824
77826
77827
77830
77831
77832
77833
77834
77837
77838
77839
77840
77841
77843
77844
77848
77850
77851
77852
77853
77854
77855
77857
77858
77861
77863
77864
77865
77866
77867
77868
77869
77870
77871
77872
77873
77874
77876
77877
77879
77880
77881
77882
77883
77884
77885
77886
77887
77889
77890
77892
77893
77898
77899
77900
77903
77904
77905
77908
77909
77911
77912
77915
77919
77920
77921
77922
77923
77924
77926
77928
77931
77932
77933
77934
77935
77936
77937
77938
77939
77940
77941
77943
77944
77945
77946
77947
77949
77950
77951
77953
77954
77955
77956
77957
77959
77962
77963
77964
77966
77968
77969
77972
77973
77975
77976
77977
77978
77979
77980
77982
77983
77984
77985
77987
77989
77990
77991
77994
77995
77996
77998
77999
78000
78002
78004
78005
78006
78007
78008
78009
78010
78011
78013
78014
78016
78017
78018
78019
78020
78021
78022
78024
78026
78027
78028
78029
78031
78033
78034
78035
78036
78038
78039
78041
78043
78044
78046
78047
78050
78051
78052
78053
78055
78056
78057
78059
78060
78061
78062
78063
78065
78067
78068
78069
78070
78072
78073
78074
78076
78078
78079
78080
78083
78084
78085
78086
78088
78089
78090
78091
78092
78093
78094
78095
78096
78098
78100
78101
78102
78103
78104
78105
78106
78108
78109
78112
78113
78115
78116
78118
78119
78120
78121
78122
78123
78124
78125
78126
78127
78128
78129
78130
78131
78132
78133
78136
78138
78143
78144
78145
78146
78147
78148
78149
78151
78152
78153
78154
78155
78156
78157
78159
78160
78161
78162
78163
78165
78167
78170
78171
78173
78175
78176
78177
78178
78181
78182
78183
78187
78188
78190
78193
78194
78195
78196
78197
78200
78201
78203
78204
78206
78207
78209
78210
78211
78212
78213
78215
78217
78218
78220
78221
78222
78224
78225
78226
78227
78228
78229
78230
78236
78237
78238
78240
78241
78242
78243
78244
78245
78246
78247
78248
78250
78252
78253
78254
78256
78257
78258
78259
78260
78261
78262
78263
78264
78265
78266
78268
78271
78272
78273
78274
78275
78277
78279
78280
78283
78284
78286
78290
78291
78292
78293
78294
78295
78299
78300
78302
78303
78305
78306
78309
78311
78312
78314
78315
78316
78317
78318
78319
78320
78321
78323
78325
78326
78327
78328
78329
78330
78331
78332
78334
78335
78336
78339
78340
78341
78342
78343
78344
78345
78347
78351
78352
78353
78354
78355
78356
78358
78360
78362
78363
78365
78366
78369
78371
78373
78374
78375
78376
78377
78380
78381
78384
78385
78386
78388
78389
78390
78391
78392
78393
78395
78398
78400
78401
78402
78405
78406
78407
78409
78410
78411
78412
78413
78414
78415
78416
78418
78419
78420
78422
78424
78425
78427
78428
78431
78432
78433
78435
78436
78437
78438
78442
78443
78444
78445
78446
78448
78449
78450
78451
78452
78454
78456
78457
78458
78459
78460
78461
78462
78463
78464
78465
78467
78468
78469
78470
78471
78472
78474
78475
78476
78477
78480
78481
78482
78485
78489
78490
78491
78492
78493
78494
78495
78496
78497
78499
78500
78501
78503
78505
78506
78508
78509
78510
78511
78512
78514
78519
78520
78521
78522
78524
78526
78527
78529
78530
78533
78534
78536
78537
78538
78539
78541
78545
78546
78547
78548
78549
78550
78551
78552
78553
78554
78555
78556
78557
78558
78559
78561
78563
78564
78565
78567
78568
78569
78570
78571
78573
78577
78578
78579
78580
78582
78583
78584
78585
78587
78588
78590
78591
78593
78595
78599
78600
78602
78603
78605
78606
78608
78609
78610
78611
78613
78617
78620
78621
78622
78623
78624
78625
78626
78627
78628
78630
78631
78633
78634
78635
78637
78638
78639
78640
78641
78642
78643
78644
78645
78647
78648
78649
78650
78651
78652
78653
78654
78655
78658
78661
78662
78664
78665
78666
78667
78668
78669
78672
78674
78675
78678
78679
78680
78681
78682
78684
78685
78686
78688
78690
78692
78693
78695
78696
78697
78699
78704
78708
78709
78710
78712
78713
78714
78715
78716
78722
78723
78725
78727
78729
78730
78731
78732
78734
78735
78736
78737
78738
78742
78745
78746
78747
78750
78752
78753
78754
78756
78758
78761
78763
78764
78765
78766
78767
78768
78769
78770
78772
78773
78774
78777
78778
78779
78780
78781
78782
78783
78784
78785
78786
78787
78788
78790
78791
78792
78794
78795
78797
78798
78800
78801
78802
78803
78804
78805
78806
78807
78809
78810
78814
78815
78816
78818
78819
78820
78821
78824
78825
78826
78828
78831
78832
78833
78834
78835
78836
78837
78838
78839
78840
78842
78843
78845
78846
78848
78849
78851
78852
78853
78854
78855
78856
78858
78860
78861
78863
78864
78866
78867
78868
78869
78870
78871
78872
78873
78874
78875
78876
78877
78878
78879
78880
78882
78883
78884
78886
78887
78889
78891
78892
78893
78895
78897
78898
78899
78901
78902
78903
78904
78905
78906
78907
78910
78911
78912
78914
78915
78916
78918
78919
78920
78922
78924
78925
78926
78927
78928
78929
78930
78931
78932
78933
78934
78935
78939
78940
78941
78942
78944
78945
78946
78947
78948
78949
78951
78953
78954
78955
78956
78957
78958
78960
78961
78962
78963
78964
78965
78967
78968
78969
78970
78971
78972
78973
78974
78975
78976
78977
78978
78979
78980
78982
78983
78984
78987
78988
78990
78991
78992
78994
78995
78996
78997
78999
79001
79002
79003
79004
79005
79007
79008
79010
79011
79012
79013
79015
79016
79017
79021
79023
79025
79026
79028
79029
79031
79032
79038
79039
79041
79042
79043
79046
79047
79049
79052
79053
79054
79056
79057
79058
79059
79060
79061
79062
79063
79064
79068
79069
79070
79072
79076
79078
79079
79080
79082
79083
79084
79085
79089
79090
79091
79092
79093
79094
79095
79098
79099
79100
79101
79102
79104
79106
79107
79108
79111
79112
79113
79114
79115
79116
79117
79120
79121
79123
79127
79128
79130
79131
79132
79134
79140
79141
79143
79145
79146
79147
79149
79152
79155
79156
79157
79158
79160
79163
79165
79166
79167
79168
79169
79170
79171
79173
79175
79176
79179
79181
79182
79184
79185
79187
79188
79189
79190
79191
79192
79194
79195
79197
79199
79200
79201
79202
79203
79205
79206
79207
79208
79210
79212
79214
79215
79216
79217
79218
79220
79221
79223
79226
79227
79230
79231
79232
79234
79235
79236
79237
79241
79242
79244
79245
79246
79248
79249
79250
79251
79253
79254
79255
79256
79257
79258
79259
79261
79262
79263
79264
79266
79267
79269
79271
79272
79273
79277
79278
79279
79280
79281
79282
79284
79285
79286
79287
79288
79289
79290
79291
79292
79294
79296
79299
79300
79301
79302
79303
79304
79305
79306
79307
79309
79312
79314
79315
79317
79318
79319
79320
79322
79323
79324
79325
79329
79330
79333
79335
79336
79338
79339
79340
79341
79342
79343
79344
79346
79348
79349
79350
79351
79352
79354
79355
79356
79357
79358
79359
79361
79362
79363
79364
79365
79367
79368
79369
79370
79371
79372
79373
79374
79375
79377
79378
79379
79380
79382
79384
79385
79386
79387
79389
79390
79392
79393
79395
79396
79397
79398
79399
79400
79401
79402
79403
79404
79405
79410
79411
79413
79417
79418
79419
79420
79421
79422
79424
79425
79426
79428
79429
79430
79432
79433
79434
79435
79436
79437
79438
79439
79440
79441
79442
79443
79445
79446
79448
79449
79450
79452
79453
79454
79455
79456
79457
79459
79460
79461
79462
79463
79464
79465
79466
79467
79470
79476
79477
79480
79481
79482
79483
79484
79485
79487
79489
79490
79491
79492
79493
79496
79497
79498
79499
79500
79501
79502
79504
79505
79507
79508
79510
79511
79513
79514
79515
79516
79517
79518
79519
79520
79521
79522
79523
79524
79525
79526
79527
79528
79529
79530
79531
79532
79534
79535
79536
79538
79539
79540
79541
79542
79543
79544
79545
79547
79548
79549
79550
79551
79552
79553
79554
79555
79556
79557
79558
79561
79562
79563
79564
79566
79567
79568
79569
79570
79571
79572
79574
79576
79577
79578
79580
79581
79582
79583
79584
79585
79588
79591
79592
79594
79596
79598
79599
79600
79601
79603
79604
79605
79606
79607
79608
79611
79612
79613
79616
79617
79618
79619
79622
79623
79625
79626
79627
79628
79629
79630
79631
79632
79633
79634
79635
79636
79637
79638
79641
79642
79643
79644
79645
79646
79648
79649
79651
79652
79653
79654
79655
79657
79660
79661
79662
79663
79664
79666
79667
79668
79670
79671
79672
79673
79674
79675
79677
79678
79679
79680
79681
79683
79686
79688
79689
79690
79692
79693
79694
79695
79696
79698
79700
79701
79702
79706
79710
79711
79712
79713
79715
79716
79717
79719
79720
79721
79722
79723
79724
79725
79726
79727
79730
79731
79732
79733
79734
79735
79736
79737
79738
79739
79740
79741
79742
79743
79746
79747
79748
79749
79750
79751
79752
79753
79755
79758
79760
79761
79762
79763
79764
79765
79767
79768
79769
79772
79774
79775
79776
79777
79779
79780
79781
79782
79783
79785
79786
79787
79789
79790
79791
79792
79793
79794
79795
79799
79800
79801
79802
79804
79805
79806
79807
79808
79810
79811
79812
79813
79814
79816
79817
79818
79819
79820
79821
79822
79824
79825
79826
79827
79829
79830
79831
79832
79835
79836
79837
79838
79839
79841
79842
79843
79848
79849
79850
79851
79852
79853
79854
79855
79857
79860
79863
79864
79867
79868
79872
79874
79875
79876
79877
79879
79880
79881
79883
79885
79887
79890
79892
79894
79895
79897
79898
79900
79901
79902
79903
79904
79905
79906
79907
79908
79909
79910
79913
79914
79915
79916
79917
79919
79921
79922
79923
79926
79927
79928
79929
79930
79931
79932
79934
79936
79938
79939
79940
79941
79942
79943
79944
79945
79946
79947
79948
79952
79953
79954
79955
79956
79958
79959
79960
79962
79963
79965
79966
79967
79968
79970
79971
79972
79973
79974
79976
79979
79980
79982
79987
79989
79995
80001
80002
80003
80004
80005
80006
80007
80013
80015
80017
80018
80020
80021
80025
80028
80029
80030
80031
80032
80033
80034
80036
80037
80040
80041
80044
80046
80047
80048
80049
80050
80051
80053
80054
80055
80056
80058
80061
80063
80064
80065
80066
80067
80069
80071
80072
80073
80074
80075
80076
80077
80078
80079
80081
80082
80083
80084
80086
80087
80088
80090
80094
80102
80103
80104
80105
80106
80110
80111
80112
80114
80115
80116
80118
80120
80121
80122
80123
80124
80125
80126
80127
80128
80129
80131
80132
80133
80134
80135
80136
80137
80138
80139
80140
80141
80142
80143
80144
80145
80146
80149
80150
80151
80152
80153
80154
80155
80156
80157
80158
80159
80160
80161
80162
80163
80165
80166
80167
80168
80169
80170
80171
80172
80173
80174
80175
80176
80177
80179
80180
80181
80182
80183
80184
80185
80186
80187
80188
80189
80190
80191
80192
80193
80194
80195
80196
80197
80198
80199
80200
80201
80202
80204
80205
80206
80207
80208
80210
80211
80212
80213
80214
80215
80216
80217
80218
80219
80221
80222
80223
80224
80225
80226
80227
80228
80229
80231
80233
80235
80236
80237
80239
80240
80242
80243
80244
80245
80246
80247
80248
80249
80250
80252
80253
80254
80255
80256
80257
80258
80259
80260
80261
80262
80264
80265
80266
80267
80268
80269
80270
80271
80272
80273
80274
80276
80278
80279
80280
80281
80282
80283
80284
80285
80286
80287
80289
80290
80291
80292
80293
80294
80295
80296
80298
80299
80300
80301
80303
80304
80306
80307
80310
80311
80312
80313
80315
80316
80317
80319
80320
80321
80323
80324
80325
80326
80327
80328
80329
80330
80331
80332
80333
80334
80335
80339
80340
80341
80342
80344
80345
80346
80348
80349
80350
80351
80352
80353
80355
80356
80357
80358
80359
80360
80361
80362
80363
80364
80365
80367
80368
80369
80371
80374
80375
80377
80379
80380
80381
80382
80384
80385
80386
80387
80388
80389
80390
80392
80393
80394
80395
80396
80398
80399
80400
80401
80403
80404
80405
80406
80407
80408
80409
80410
80411
80413
80414
80415
80418
80420
80421
80422
80424
80425
80426
80427
80428
80429
80432
80433
80434
80435
80437
80439
80440
80441
80442
80443
80444
80445
80446
80448
80450
80451
80452
80453
80454
80455
80456
80457
80458
80459
80461
80462
80463
80464
80465
80466
80468
80469
80471
80472
80473
80474
80475
80476
80477
80480
80481
80483
80484
80485
80487
80488
80489
80490
80491
80494
80495
80496
80498
80499
80500
80501
80502
80503
80505
80506
80507
80509
80510
80511
80512
80515
80516
80517
80518
80520
80521
80522
80524
80526
80527
80529
80530
80531
80532
80535
80536
80537
80540
80541
80542
80543
80545
80546
80548
80549
80550
80551
80552
80554
80555
80557
80559
80560
80561
80562
80563
80564
80565
80566
80568
80569
80570
80571
80572
80573
80574
80575
80576
80579
80580
80581
80583
80584
80587
80589
80590
80592
80594
80595
80596
80598
80601
80602
80603
80604
80605
80607
80608
80610
80611
80613
80615
80616
80617
80618
80619
80620
80621
80623
80624
80625
80626
80627
80628
80629
80630
80631
80632
80633
80634
80635
80636
80639
80640
80641
80643
80645
80646
80648
80649
80650
80652
80654
80655
80656
80657
80658
80660
80661
80662
80664
80665
80666
80667
80668
80669
80671
80674
80675
80676
80677
80679
80680
80681
80682
80683
80685
80686
80687
80688
80689
80691
80692
80693
80694
80696
80697
80698
80699
80700
80702
80703
80704
80706
80707
80708
80709
80710
80711
80712
80714
80716
80717
80719
80720
80721
80723
80724
80727
80728
80730
80731
80732
80733
80734
80735
80736
80737
80739
80740
80741
80744
80745
80746
80749
80750
80751
80752
80753
80754
80755
80756
80757
80758
80759
80760
80763
80764
80765
80770
80771
80772
80773
80776
80777
80779
80780
80783
80784
80785
80786
80787
80788
80791
80792
80793
80795
80797
80799
80800
80801
80802
80803
80804
80807
80808
80809
80811
80813
80814
80815
80816
80818
80819
80820
80821
80822
80824
80825
80826
80827
80829
80830
80831
80832
80833
80834
80835
80836
80837
80838
80839
80840
80841
80842
80845
80846
80847
80848
80850
80853
80854
80855
80856
80857
80858
80859
80862
80863
80864
80869
80870
80871
80872
80874
80875
80876
80878
80879
80880
80882
80883
80884
80886
80887
80889
80890
80892
80893
80894
80895
80896
80897
80899
80900
80902
80903
80904
80905
80906
80907
80908
80910
80911
80912
80913
80916
80917
80918
80919
80920
80921
80922
80923
80924
80925
80926
80927
80929
80930
80931
80932
80933
80934
80938
80939
80940
80941
80942
80943
80944
80945
80946
80947
80948
80949
80950
80951
80952
80953
80954
80955
80957
80958
80959
80960
80961
80962
80963
80964
80965
80967
80969
80970
80972
80973
80974
80976
80977
80980
80982
80983
80985
80986
80989
80991
80992
80993
80997
80998
81000
81003
81004
81005
81007
81008
81009
81010
81011
81013
81014
81016
81018
81019
81020
81021
81022
81023
81024
81025
81026
81027
81028
81029
81030
81031
81032
81033
81035
81036
81037
81038
81039
81042
81043
81044
81045
81046
81047
81050
81051
81052
81053
81054
81055
81057
81058
81059
81060
81061
81063
81064
81065
81066
81067
81068
81069
81070
81072
81074
81075
81076
81077
81078
81079
81081
81082
81083
81084
81085
81086
81088
81089
81090
81091
81093
81094
81095
81096
81099
81100
81102
81104
81105
81107
81108
81109
81110
81112
81113
81114
81115
81118
81120
81122
81123
81124
81125
81126
81128
81131
81132
81134
81135
81136
81138
81139
81142
81143
81144
81146
81147
81148
81149
81150
81151
81153
81157
81158
81159
81160
81161
81164
81165
81166
81167
81168
81169
81170
81171
81172
81174
81176
81177
81178
81179
81181
81182
81183
81184
81185
81186
81187
81188
81189
81190
81191
81192
81193
81196
81197
81198
81199
81201
81202
81203
81204
81207
81209
81210
81211
81212
81213
81214
81215
81216
81218
81219
81222
81223
81224
81226
81227
81231
81232
81233
81234
81237
81238
81239
81240
81241
81242
81243
81244
81246
81248
81251
81252
81253
81254
81255
81256
81257
81258
81260
81261
81262
81265
81267
81268
81269
81270
81273
81274
81275
81276
81277
81278
81279
81280
81281
81283
81284
81285
81287
81289
81291
81292
81293
81294
81295
81296
81297
81299
81300
81302
81303
81304
81305
81306
81307
81310
81311
81312
81313
81314
81315
81316
81317
81318
81319
81320
81321
81322
81323
81324
81325
81326
81327
81328
81329
81330
81331
81332
81333
81334
81335
81336
81338
81339
81340
81343
81344
81345
81346
81347
81349
81350
81352
81353
81355
81356
81358
81361
81362
81363
81365
81366
81367
81369
81370
81372
81374
81375
81378
81379
81381
81384
81385
81387
81388
81389
81390
81391
81392
81393
81395
81397
81398
81399
81400
81404
81406
81409
81410
81411
81413
81415
81416
81417
81418
81419
81421
81422
81423
81424
81425
81426
81427
81430
81433
81434
81435
81437
81438
81439
81443
81444
81445
81446
81447
81448
81449
81450
81451
81452
81454
81455
81456
81457
81458
81459
81460
81461
81463
81464
81466
81470
81471
81472
81474
81476
81477
81478
81479
81480
81481
81482
81483
81484
81485
81486
81487
81488
81489
81490
81491
81492
81493
81494
81496
81498
81499
81501
81502
81503
81506
81507
81509
81510
81511
81512
81514
81515
81517
81518
81519
81520
81523
81524
81525
81526
81527
81529
81530
81531
81532
81533
81534
81535
81536
81538
81539
81540
81541
81542
81544
81545
81546
81547
81548
81549
81553
81554
81555
81559
81560
81561
81562
81564
81568
81571
81573
81574
81575
81576
81577
81579
81583
81584
81585
81586
81590
81591
81592
81595
81596
81597
81598
81599
81600
81601
81602
81603
81604
81605
81606
81607
81608
81610
81614
81615
81616
81617
81619
81620
81622
81623
81625
81626
81629
81630
81631
81632
81633
81635
81637
81638
81640
81643
81644
81646
81647
81648
81649
81651
81652
81653
81654
81658
81659
81661
81662
81663
81664
81668
81669
81670
81671
81673
81674
81675
81676
81677
81680
81681
81682
81683
81684
81685
81686
81688
81689
81690
81691
81695
81696
81697
81699
81701
81702
81703
81705
81706
81707
81708
81709
81711
81713
81714
81715
81716
81717
81720
81721
81722
81723
81726
81727
81729
81731
81732
81733
81734
81736
81737
81738
81739
81740
81741
81742
81743
81744
81745
81746
81747
81748
81749
81752
81753
81755
81756
81757
81758
81759
81760
81761
81763
81764
81765
81766
81767
81769
81770
81771
81772
81773
81774
81776
81777
81779
81781
81783
81785
81786
81787
81789
81790
81791
81792
81793
81794
81795
81796
81797
81798
81801
81802
81803
81804
81805
81807
81808
81809
81810
81811
81812
81814
81815
81816
81817
81818
81819
81820
81822
81824
81825
81828
81830
81831
81832
81833
81835
81838
81839
81840
81841
81842
81843
81844
81845
81846
81850
81851
81852
81854
81856
81857
81858
81859
81860
81861
81862
81863
81864
81866
81867
81868
81869
81872
81873
81874
81875
81877
81878
81879
81881
81882
81883
81884
81885
81886
81887
81888
81890
81893
81895
81896
81897
81899
81900
81901
81902
81903
81905
81906
81907
81909
81912
81913
81914
81915
81916
81918
81919
81920
81921
81922
81923
81924
81925
81926
81928
81930
81931
81932
81933
81934
81936
81937
81938
81939
81940
81941
81942
81943
81944
81945
81946
81947
81948
81949
81950
81951
81953
81955
81956
81959
81960
81961
81962
81963
81964
81965
81967
81968
81969
81971
81973
81974
81975
81976
81977
81978
81980
81981
81983
81984
81985
81987
81988
81989
81991
81992
81993
81994
81998
82002
82003
82004
82006
82007
82008
82009
82012
82013
82014
82015
82017
82019
82023
82024
82025
82027
82029
82031
82032
82033
82034
82035
82037
82039
82040
82041
82042
82044
82047
82048
82049
82051
82052
82053
82054
82056
82057
82063
82071
82072
82083
82087
82089
82091
82094
82095
82096
82097
82098
82099
82100
82101
82102
82103
82104
82105
82106
82107
82108
82109
82110
82111
82113
82115
82117
82118
82119
82120
82121
82122
82123
82124
82125
82126
82127
82128
82129
82130
82132
82133
82134
82135
82136
82137
82139
82140
82141
82142
82143
82145
82146
82147
82148
82149
82150
82152
82153
82154
82156
82159
82160
82161
82162
82163
82165
82167
82168
82169
82170
82172
82173
82174
82175
82176
82177
82178
82179
82180
82181
82183
82184
82185
82186
82187
82188
82189
82190
82191
82192
82193
82194
82195
82197
82199
82200
82201
82202
82203
82204
82205
82206
82208
82209
82210
82211
82213
82214
82215
82216
82217
82218
82219
82220
82221
82222
82223
82225
82226
82227
82228
82229
82230
82232
82235
82236
82237
82239
82240
82241
82242
82244
82245
82246
82247
82248
82249
82250
82252
82253
82257
82258
82259
82261
82262
82263
82264
82265
82266
82267
82269
82270
82272
82273
82274
82275
82276
82277
82278
82281
82282
82283
82284
82285
82286
82287
82288
82289
82290
82291
82293
82294
82295
82296
82297
82298
82299
82300
82301
82303
82304
82307
82310
82313
82314
82315
82316
82317
82318
82319
82321
82322
82323
82324
82325
82327
82329
82330
82331
82333
82336
82337
82338
82339
82340
82342
82343
82345
82346
82347
82349
82351
82353
82354
82355
82356
82358
82359
82360
82361
82362
82363
82364
82365
82366
82367
82370
82372
82373
82374
82375
82376
82377
82379
82380
82381
82382
82384
82386
82388
82391
82392
82394
82395
82396
82397
82398
82400
82401
82402
82403
82404
82405
82408
82409
82410
82411
82412
82414
82415
82416
82417
82418
82419
82420
82421
82425
82427
82428
82429
82430
82431
82432
82433
82434
82435
82436
82437
82440
82441
82442
82443
82444
82445
82446
82449
82451
82452
82453
82455
82457
82458
82460
82462
82464
82470
82472
82473
82474
82475
82478
82479
82480
82481
82482
82483
82484
82486
82487
82488
82489
82490
82491
82492
82493
82494
82495
82496
82497
82498
82499
82500
82501
82503
82504
82505
82507
82508
82509
82510
82514
82516
82517
82518
82519
82521
82522
82523
82524
82528
82529
82530
82531
82533
82534
82535
82536
82537
82540
82541
82542
82544
82545
82547
82549
82550
82551
82552
82553
82554
82556
82557
82558
82559
82561
82562
82563
82567
82569
82570
82571
82572
82573
82574
82575
82576
82577
82578
82579
82581
82585
82587
82588
82589
82590
82591
82592
82593
82595
82598
82599
82600
82602
82604
82605
82609
82611
82612
82613
82614
82615
82616
82617
82618
82619
82620
82621
82622
82624
82626
82627
82629
82635
82636
82638
82639
82640
82642
82643
82645
82646
82647
82648
82650
82651
82653
82654
82655
82656
82657
82658
82659
82660
82661
82663
82666
82667
82668
82669
82670
82671
82672
82673
82676
82677
82678
82680
82682
82683
82684
82685
82686
82687
82688
82690
82691
82692
82693
82695
82697
82700
82705
82707
82708
82709
82711
82712
82713
82714
82715
82716
82717
82718
82719
82721
82722
82723
82724
82727
82729
82731
82732
82733
82734
82735
82736
82738
82739
82742
82743
82744
82745
82746
82747
82748
82750
82751
82754
82755
82757
82759
82763
82769
82770
82771
82772
82773
82774
82776
82778
82781
82782
82783
82784
82786
82787
82792
82793
82796
82798
82801
82802
82803
82805
82806
82809
82811
82812
82814
82815
82816
82817
82818
82819
82820
82821
82822
82825
82827
82829
82830
82831
82835
82836
82842
82844
82845
82848
82849
82850
82851
82852
82855
82856
82857
82858
82859
82860
82862
82864
82865
82868
82873
82874
82876
82877
82878
82879
82880
82882
82883
82885
82886
82887
82889
82890
82891
82892
82894
82896
82897
82898
82899
82902
82903
82907
82908
82909
82912
82915
82916
82917
82918
82919
82920
82921
82924
82925
82926
82927
82930
82931
82932
82935
82937
82938
82940
82941
82947
82952
82953
82954
82957
82959
82960
82962
82965
82966
82969
82971
82974
82975
82976
82979
82980
82981
82982
82983
82984
82985
82986
82987
82988
82991
82993
82994
82995
82996
82997
82999
83000
83001
83003
83009
83010
83011
83012
83013
83014
83015
83020
83022
83023
83024
83025
83026
83027
83028
83030
83032
83033
83034
83037
83038
83039
83040
83041
83043
83044
83045
83046
83047
83048
83049
83050
83051
83052
83055
83057
83059
83061
83062
83063
83064
83067
83068
83070
83071
83076
83077
83078
83080
83081
83082
83083
83084
83085
83086
83087
83088
83089
83091
83093
83094
83097
83098
83099
83100
83102
83105
83106
83107
83110
83113
83114
83117
83119
83120
83121
83123
83124
83128
83129
83133
83137
83138
83139
83141
83142
83143
83144
83145
83147
83150
83151
83152
83154
83155
83158
83159
83160
83161
83162
83164
83165
83166
83167
83168
83169
83170
83171
83172
83177
83178
83179
83182
83183
83184
83185
83186
83187
83188
83191
83193
83196
83197
83198
83199
83200
83203
83207
83208
83209
83210
83211
83212
83213
83214
83215
83216
83217
83218
83220
83221
83223
83224
83225
83228
83230
83231
83232
83233
83234
83236
83239
83240
83242
83243
83244
83247
83248
83250
83251
83254
83255
83257
83258
83260
83261
83264
83265
83268
83270
83271
83272
83274
83275
83277
83278
83279
83282
83283
83286
83287
83288
83289
83290
83291
83292
83293
83295
83298
83299
83300
83302
83303
83304
83305
83306
83307
83308
83310
83311
83312
83316
83317
83322
83323
83324
83325
83326
83328
83329
83330
83331
83332
83333
83334
83335
83337
83339
83340
83342
83344
83345
83346
83348
83349
83351
83352
83354
83356
83357
83358
83359
83360
83361
83363
83365
83366
83368
83370
83371
83372
83373
83374
83375
83377
83378
83379
83381
83384
83388
83393
83394
83395
83396
83398
83400
83403
83405
83407
83408
83409
83412
83413
83414
83415
83416
83417
83420
83423
83424
83426
83428
83429
83430
83431
83433
83434
83437
83438
83439
83440
83441
83442
83444
83446
83448
83449
83450
83451
83452
83453
83454
83455
83456
83458
83460
83461
83464
83465
83466
83467
83470
83472
83474
83476
83477
83479
83480
83482
83483
83486
83488
83489
83491
83492
83493
83494
83495
83497
83498
83499
83500
83502
83508
83509
83510
83511
83513
83518
83520
83521
83522
83523
83525
83526
83529
83532
83534
83535
83537
83538
83539
83540
83541
83543
83544
83546
83547
83548
83549
83551
83552
83553
83555
83557
83560
83564
83566
83568
83570
83571
83574
83576
83579
83580
83581
83582
83583
83584
83585
83587
83588
83591
83592
83594
83596
83597
83599
83600
83602
83603
83604
83605
83609
83610
83611
83614
83615
83616
83618
83619
83620
83621
83622
83624
83627
83628
83630
83632
83633
83634
83636
83637
83638
83639
83640
83641
83644
83645
83646
83647
83648
83649
83651
83652
83653
83654
83655
83657
83659
83662
83664
83665
83666
83669
83672
83673
83678
83679
83680
83681
83682
83684
83686
83687
83689
83691
83692
83693
83696
83697
83698
83701
83703
83704
83707
83708
83709
83710
83711
83712
83714
83715
83716
83717
83718
83719
83720
83721
83723
83726
83727
83729
83730
83731
83732
83733
83734
83735
83738
83741
83742
83743
83744
83745
83746
83748
83751
83754
83758
83759
83760
83761
83765
83766
83767
83769
83770
83771
83772
83774
83775
83777
83779
83780
83781
83784
83785
83787
83788
83791
83792
83793
83795
83796
83797
83800
83801
83803
83805
83806
83807
83808
83809
83811
83812
83814
83815
83817
83818
83819
83820
83822
83823
83826
83827
83828
83831
83832
83833
83834
83837
83838
83839
83840
83842
83843
83844
83845
83846
83847
83850
83852
83854
83855
83856
83857
83861
83862
83863
83865
83866
83868
83869
83870
83871
83872
83873
83874
83875
83877
83878
83880
83881
83882
83883
83885
83886
83887
83888
83889
83890
83891
83893
83894
83895
83896
83897
83898
83899
83900
83901
83902
83903
83904
83906
83908
83909
83910
83911
83912
83913
83917
83918
83919
83921
83922
83923
83924
83925
83927
83928
83930
83935
83936
83937
83938
83939
83940
83943
83944
83945
83946
83949
83950
83951
83953
83954
83955
83956
83958
83959
83960
83961
83962
83964
83966
83967
83970
83971
83972
83973
83974
83976
83985
83986
83987
83988
83989
83991
83996
83997
83999
84003
84004
84006
84010
84011
84012
84014
84015
84016
84018
84020
84021
84022
84024
84025
84028
84029
84031
84032
84033
84035
84036
84038
84039
84040
84041
84044
84046
84047
84048
84049
84050
84052
84053
84055
84056
84058
84059
84060
84061
84062
84064
84065
84066
84067
84071
84074
84076
84077
84078
84080
84081
84082
84086
84087
84088
84089
84090
84091
84092
84095
84096
84097
84098
84100
84101
84102
84103
84104
84105
84108
84109
84111
84112
84113
84114
84115
84117
84118
84119
84121
84123
84124
84125
84126
84127
84128
84129
84130
84131
84132
84133
84134
84135
84137
84138
84139
84141
84142
84143
84144
84145
84146
84147
84148
84151
84152
84155
84156
84157
84158
84159
84161
84163
84166
84167
84168
84171
84173
84174
84175
84176
84177
84178
84179
84180
84181
84182
84185
84186
84188
84189
84191
84192
84193
84194
84195
84196
84197
84198
84199
84200
84201
84204
84205
84206
84207
84208
84209
84210
84211
84212
84213
84214
84215
84216
84217
84219
84221
84222
84223
84224
84225
84228
84229
84231
84233
84234
84235
84236
84237
84238
84239
84240
84242
84244
84245
84246
84247
84248
84249
84250
84251
84252
84253
84254
84256
84257
84258
84260
84261
84262
84263
84265
84266
84267
84268
84270
84271
84272
84273
84274
84275
84276
84277
84279
84280
84281
84282
84284
84286
84288
84290
84291
84292
84293
84295
84299
84301
84302
84305
84306
84307
84309
84310
84311
84312
84313
84314
84315
84316
84317
84318
84320
84321
84322
84323
84327
84329
84330
84331
84332
84333
84334
84335
84336
84337
84338
84339
84340
84341
84342
84343
84344
84345
84347
84349
84350
84351
84352
84353
84356
84358
84359
84360
84362
84363
84365
84366
84367
84368
84369
84370
84371
84372
84373
84376
84377
84379
84380
84381
84383
84385
84386
84387
84388
84390
84392
84393
84394
84396
84397
84398
84399
84402
84403
84405
84406
84407
84408
84409
84411
84412
84413
84414
84415
84417
84418
84419
84421
84422
84423
84426
84427
84428
84429
84430
84431
84433
84434
84435
84438
84439
84441
84443
84444
84445
84446
84447
84449
84450
84452
84454
84455
84459
84460
84461
84462
84463
84464
84466
84467
84468
84469
84472
84473
84474
84475
84476
84477
84478
84479
84480
84481
84482
84483
84485
84487
84489
84491
84492
84493
84494
84495
84496
84497
84498
84500
84501
84502
84503
84505
84506
84508
84513
84514
84515
84516
84517
84519
84520
84523
84524
84528
84529
84530
84531
84533
84534
84535
84538
84539
84540
84542
84543
84544
84545
84546
84550
84553
84555
84556
84559
84560
84561
84562
84563
84566
84567
84569
84570
84571
84572
84573
84574
84575
84576
84577
84578
84579
84580
84581
84582
84583
84584
84585
84586
84587
84589
84591
84593
84594
84595
84596
84597
84598
84599
84600
84601
84602
84603
84604
84608
84609
84610
84612
84613
84614
84615
84616
84617
84618
84619
84620
84622
84623
84624
84625
84626
84628
84629
84631
84633
84634
84635
84636
84638
84639
84641
84642
84645
84647
84649
84651
84652
84655
84656
84660
84661
84663
84665
84667
84669
84671
84672
84673
84674
84675
84676
84677
84679
84681
84682
84683
84685
84686
84688
84690
84691
84692
84693
84695
84696
84697
84698
84699
84701
84703
84704
84705
84706
84707
84708
84710
84711
84712
84713
84714
84715
84716
84718
84720
84721
84724
84725
84727
84728
84729
84730
84732
84735
84736
84738
84739
84740
84741
84746
84747
84748
84749
84750
84751
84752
84753
84754
84755
84756
84757
84758
84760
84761
84763
84766
84769
84770
84771
84772
84774
84775
84778
84779
84780
84781
84782
84783
84784
84786
84787
84789
84791
84792
84793
84795
84796
84797
84798
84799
84800
84801
84802
84803
84804
84805
84806
84809
84814
84815
84816
84817
84818
84821
84823
84824
84825
84826
84827
84828
84832
84833
84835
84837
84838
84839
84841
84842
84843
84845
84846
84847
84849
84850
84853
84855
84856
84857
84858
84859
84860
84861
84862
84863
84864
84865
84866
84867
84868
84869
84870
84871
84872
84873
84874
84875
84876
84879
84882
84883
84884
84885
84886
84889
84891
84893
84894
84895
84896
84897
84899
84901
84903
84905
84906
84907
84908
84909
84912
84913
84914
84915
84917
84919
84921
84923
84925
84926
84927
84930
84931
84932
84934
84937
84938
84939
84940
84942
84943
84944
84945
84946
84947
84948
84950
84951
84952
84954
84955
84956
84957
84958
84960
84961
84962
84963
84964
84965
84967
84968
84969
84971
84974
84975
84978
84979
84980
84981
84982
84983
84985
84986
84987
84988
84990
84991
84993
84994
84996
84997
84998
84999
85000
85001
85002
85003
85004
85005
85006
85007
85008
85009
85010
85011
85012
85013
85014
85016
85018
85019
85020
85021
85022
85024
85025
85027
85028
85029
85033
85038
85039
85040
85041
85043
85044
85046
85048
85050
85051
85052
85053
85054
85055
85057
85058
85060
85061
85062
85065
85066
85068
85070
85071
85072
85073
85075
85076
85078
85079
85080
85083
85084
85085
85088
85091
85092
85093
85096
85097
85098
85099
85102
85103
85104
85106
85107
85108
85110
85111
85113
85114
85115
85116
85117
85120
85121
85122
85123
85124
85125
85128
85129
85130
85131
85132
85135
85136
85138
85139
85140
85142
85143
85146
85148
85149
85152
85153
85154
85156
85157
85160
85161
85163
85164
85166
85167
85168
85169
85170
85171
85173
85174
85175
85176
85177
85178
85180
85181
85186
85189
85191
85192
85193
85194
85195
85197
85199
85200
85203
85205
85206
85207
85209
85210
85211
85213
85214
85215
85216
85217
85218
85219
85221
85222
85224
85225
85226
85227
85228
85230
85231
85233
85234
85237
85238
85239
85240
85243
85244
85245
85246
85248
85250
85251
85252
85253
85254
85255
85258
85259
85260
85261
85263
85269
85270
85271
85272
85274
85276
85277
85278
85279
85280
85281
85284
85285
85286
85288
85290
85291
85292
85293
85295
85296
85297
85298
85300
85301
85302
85303
85304
85305
85307
85309
85310
85311
85312
85313
85314
85317
85318
85319
85320
85321
85322
85324
85325
85326
85327
85331
85332
85333
85334
85336
85337
85338
85339
85341
85342
85343
85345
85346
85348
85349
85351
85352
85353
85354
85355
85356
85358
85359
85360
85361
85362
85364
85365
85366
85368
85369
85371
85372
85373
85374
85375
85376
85377
85378
85380
85381
85382
85384
85385
85386
85387
85388
85389
85390
85392
85393
85396
85398
85399
85400
85401
85402
85403
85405
85406
85408
85409
85411
85412
85416
85417
85418
85419
85420
85425
85426
85427
85428
85430
85431
85432
85433
85435
85436
85437
85438
85439
85440
85441
85442
85443
85444
85445
85446
85447
85448
85449
85450
85451
85452
85453
85455
85456
85457
85459
85460
85461
85463
85465
85467
85468
85469
85470
85471
85472
85474
85475
85476
85479
85480
85481
85482
85483
85484
85488
85489
85491
85492
85493
85494
85496
85499
85500
85501
85502
85503
85504
85505
85506
85508
85509
85510
85512
85515
85517
85518
85519
85520
85522
85523
85524
85525
85526
85528
85531
85532
85533
85537
85539
85540
85542
85543
85544
85545
85546
85547
85548
85549
85553
85554
85556
85558
85559
85561
85562
85564
85565
85566
85567
85568
85570
85571
85572
85574
85575
85576
85577
85580
85583
85584
85587
85590
85592
85593
85596
85597
85598
85599
85600
85602
85603
85605
85608
85609
85611
85612
85613
85614
85615
85616
85617
85619
85621
85622
85623
85624
85625
85626
85629
85630
85632
85634
85635
85636
85637
85638
85639
85641
85642
85643
85644
85645
85647
85648
85649
85650
85651
85653
85654
85655
85656
85657
85658
85659
85660
85661
85663
85664
85666
85667
85668
85669
85670
85673
85674
85675
85678
85679
85680
85681
85682
85683
85684
85685
85687
85688
85690
85691
85692
85693
85694
85695
85696
85697
85698
85700
85701
85702
85703
85704
85705
85706
85707
85708
85710
85711
85712
85714
85715
85716
85717
85721
85722
85723
85724
85726
85727
85728
85729
85730
85732
85733
85734
85736
85738
85740
85741
85742
85743
85744
85745
85746
85747
85751
85753
85754
85757
85758
85759
85760
85761
85763
85765
85766
85767
85768
85771
85772
85777
85780
85781
85784
85785
85787
85788
85792
85793
85794
85795
85796
85799
85801
85802
85803
85805
85806
85809
85810
85811
85812
85813
85816
85819
85821
85823
85824
85826
85827
85830
85831
85833
85835
85837
85841
85842
85843
85844
85845
85849
85850
85851
85852
85853
85854
85855
85857
85858
85859
85860
85862
85863
85865
85866
85868
85870
85871
85872
85873
85874
85875
85876
85877
85878
85879
85880
85881
85882
85883
85884
85885
85886
85887
85890
85892
85893
85894
85895
85896
85897
85901
85903
85904
85905
85908
85909
85910
85911
85912
85913
85914
85916
85917
85918
85919
85921
85925
85926
85927
85929
85931
85932
85934
85935
85936
85940
85941
85942
85943
85944
85945
85946
85947
85948
85949
85950
85951
85952
85954
85955
85956
85957
85958
85960
85961
85962
85964
85965
85966
85968
85970
85971
85972
85974
85975
85977
85978
85979
85981
85982
85983
85984
85985
85986
85988
85991
85992
85994
85995
85997
85998
85999
86001
86002
86003
86005
86006
86007
86008
86009
86010
86011
86013
86014
86016
86018
86019
86020
86022
86023
86024
86026
86027
86028
86032
86033
86034
86036
86041
86042
86043
86044
86046
86049
86050
86056
86057
86058
86059
86060
86061
86063
86065
86066
86069
86071
86072
86073
86081
86083
86084
86087
86089
86090
86091
86092
86094
86095
86096
86098
86099
86101
86105
86107
86108
86113
86116
86117
86118
86119
86120
86121
86126
86127
86131
86132
86133
86134
86135
86136
86137
86138
86140
86142
86143
86145
86147
86149
86150
86151
86152
86154
86155
86157
86158
86159
86160
86161
86166
86167
86175
86176
86178
86180
86182
86184
86185
86187
86189
86190
86191
86195
86199
86201
86203
86204
86205
86206
86207
86208
86209
86210
86211
86214
86215
86220
86222
86224
86225
86227
86229
86230
86233
86234
86236
86239
86243
86244
86246
86248
86249
86250
86252
86253
86254
86255
86256
86258
86265
86266
86269
86271
86272
86273
86274
86275
86276
86277
86278
86281
86283
86284
86286
86287
86288
86289
86291
86292
86293
86295
86297
86298
86299
86300
86301
86306
86307
86309
86310
86312
86313
86314
86315
86317
86319
86320
86322
86325
86327
86328
86331
86332
86333
86335
86336
86337
86338
86339
86340
86342
86343
86344
86345
86346
86347
86348
86349
86350
86351
86352
86353
86355
86356
86357
86358
86360
86361
86362
86363
86365
86366
86367
86368
86369
86370
86372
86375
86376
86378
86379
86380
86381
86382
86384
86385
86386
86387
86388
86389
86390
86391
86392
86393
86394
86395
86396
86397
86399
86400
86401
86404
86406
86407
86408
86410
86412
86415
86416
86418
86421
86423
86424
86425
86426
86427
86428
86429
86431
86432
86433
86434
86435
86436
86437
86438
86439
86440
86441
86442
86443
86445
86446
86447
86448
86452
86453
86455
86456
86457
86459
86460
86461
86462
86464
86465
86466
86467
86468
86469
86471
86472
86475
86477
86479
86480
86482
86484
86485
86486
86487
86489
86490
86491
86493
86495
86496
86497
86500
86501
86502
86503
86504
86505
86506
86507
86508
86509
86510
86511
86512
86513
86514
86515
86517
86518
86519
86522
86523
86525
86527
86528
86529
86530
86532
86533
86534
86535
86536
86537
86538
86539
86540
86541
86542
86543
86544
86545
86546
86547
86548
86549
86550
86551
86552
86553
86554
86556
86558
86559
86561
86562
86563
86564
86565
86566
86567
86569
86572
86578
86579
86580
86581
86582
86583
86584
86585
86587
86589
86591
86592
86593
86594
86595
86596
86597
86598
86599
86600
86601
86605
86607
86608
86610
86611
86613
86614
86615
86617
86619
86621
86622
86623
86624
86625
86627
86628
86629
86630
86632
86634
86635
86636
86640
86642
86643
86644
86646
86647
86649
86650
86651
86652
86654
86655
86656
86658
86659
86660
86661
86662
86663
86665
86669
86670
86671
86673
86674
86675
86676
86677
86679
86680
86682
86684
86685
86686
86687
86688
86690
86691
86693
86694
86695
86696
86700
86701
86702
86703
86706
86708
86709
86713
86714
86715
86716
86717
86718
86720
86722
86723
86726
86727
86728
86731
86732
86733
86734
86738
86739
86740
86741
86743
86744
86745
86748
86749
86750
86751
86754
86755
86758
86760
86761
86762
86763
86764
86766
86767
86768
86769
86771
86772
86773
86774
86776
86777
86779
86780
86782
86783
86784
86787
86788
86789
86790
86791
86792
86793
86794
86795
86796
86797
86798
86799
86800
86802
86805
86808
86809
86810
86811
86812
86813
86814
86815
86816
86817
86818
86820
86821
86822
86823
86824
86825
86826
86828
86830
86831
86832
86833
86834
86835
86836
86837
86838
86839
86842
86843
86844
86845
86847
86849
86851
86852
86853
86854
86855
86856
86857
86858
86859
86860
86861
86862
86863
86864
86866
86868
86869
86872
86873
86874
86876
86877
86880
86881
86882
86883
86884
86886
86888
86889
86890
86891
86892
86893
86894
86895
86896
86899
86900
86901
86903
86905
86906
86907
86908
86909
86910
86911
86912
86913
86914
86916
86919
86920
86921
86922
86923
86924
86925
86926
86928
86929
86931
86933
86934
86937
86938
86939
86940
86941
86943
86944
86945
86946
86948
86950
86951
86952
86953
86955
86956
86957
86958
86960
86961
86962
86964
86965
86966
86967
86968
86969
86970
86971
86972
86973
86974
86975
86976
86977
86978
86981
86982
86983
86984
86985
86986
86987
86988
86989
86990
86991
86992
86993
86994
86996
86999
87000
87001
87002
87003
87004
87007
87008
87009
87010
87011
87012
87014
87015
87016
87017
87019
87020
87021
87022
87023
87026
87028
87029
87031
87032
87033
87034
87036
87037
87038
87039
87041
87042
87044
87045
87046
87048
87049
87051
87052
87054
87056
87057
87058
87059
87060
87061
87062
87063
87064
87065
87066
87067
87068
87069
87071
87073
87074
87075
87076
87079
87080
87081
87082
87085
87086
87087
87088
87089
87090
87092
87094
87095
87097
87098
87099
87101
87102
87106
87107
87108
87109
87110
87112
87113
87114
87117
87118
87122
87123
87124
87127
87128
87130
87131
87132
87133
87134
87135
87136
87137
87139
87141
87142
87143
87144
87145
87147
87149
87151
87152
87153
87154
87155
87156
87157
87159
87161
87162
87163
87165
87170
87171
87172
87174
87179
87182
87183
87184
87186
87187
87190
87191
87193
87194
87195
87196
87197
87198
87200
87201
87202
87204
87205
87207
87208
87209
87210
87211
87212
87213
87214
87215
87216
87217
87218
87219
87221
87224
87225
87226
87227
87229
87230
87232
87233
87237
87240
87241
87243
87244
87245
87246
87249
87250
87251
87252
87254
87255
87258
87259
87260
87261
87262
87263
87265
87266
87267
87268
87271
87272
87275
87276
87278
87279
87280
87281
87282
87283
87284
87285
87286
87287
87288
87290
87291
87292
87293
87294
87295
87297
87298
87299
87302
87303
87304
87305
87307
87310
87313
87314
87315
87316
87317
87318
87319
87320
87321
87322
87323
87324
87326
87327
87328
87330
87331
87332
87333
87334
87335
87336
87337
87338
87339
87340
87341
87342
87344
87345
87346
87348
87349
87350
87351
87352
87354
87355
87356
87357
87358
87359
87362
87363
87366
87367
87368
87371
87373
87374
87375
87376
87377
87378
87379
87380
87383
87384
87385
87386
87388
87389
87390
87391
87394
87395
87396
87397
87399
87400
87401
87403
87404
87405
87406
87407
87408
87410
87413
87414
87415
87417
87418
87419
87420
87421
87422
87424
87426
87427
87428
87429
87430
87432
87433
87434
87435
87437
87438
87440
87442
87443
87444
87445
87446
87447
87449
87450
87451
87453
87454
87455
87456
87457
87458
87459
87460
87461
87463
87466
87468
87472
87473
87474
87475
87476
87477
87479
87480
87481
87482
87484
87485
87488
87490
87491
87493
87495
87496
87497
87498
87499
87500
87501
87502
87503
87504
87505
87506
87507
87509
87510
87511
87512
87515
87516
87517
87519
87520
87521
87522
87523
87525
87526
87527
87528
87529
87530
87533
87535
87536
87537
87538
87539
87540
87541
87542
87543
87544
87547
87548
87549
87551
87552
87553
87554
87556
87557
87558
87559
87560
87561
87562
87563
87564
87565
87567
87568
87569
87570
87571
87577
87581
87582
87583
87585
87586
87587
87588
87589
87590
87591
87593
87594
87595
87599
87600
87601
87602
87603
87604
87606
87607
87608
87610
87611
87612
87616
87618
87620
87621
87622
87623
87624
87626
87627
87630
87631
87632
87633
87634
87635
87636
87637
87638
87639
87640
87641
87645
87646
87648
87649
87650
87652
87653
87655
87656
87658
87659
87660
87662
87663
87664
87666
87667
87673
87674
87675
87676
87677
87679
87680
87682
87683
87685
87687
87688
87689
87690
87691
87692
87693
87694
87695
87697
87698
87699
87700
87701
87704
87705
87706
87707
87708
87709
87710
87711
87712
87713
87716
87718
87719
87720
87721
87722
87723
87724
87726
87729
87730
87731
87732
87734
87735
87736
87737
87738
87739
87740
87741
87742
87744
87746
87747
87748
87749
87750
87751
87752
87753
87754
87755
87756
87757
87758
87760
87761
87762
87765
87769
87771
87772
87773
87775
87777
87779
87780
87781
87782
87783
87785
87786
87787
87789
87790
87791
87792
87794
87795
87797
87798
87801
87802
87805
87806
87807
87808
87809
87810
87811
87814
87815
87817
87820
87822
87823
87824
87825
87826
87830
87832
87833
87834
87835
87836
87837
87839
87840
87841
87842
87844
87845
87846
87847
87848
87849
87850
87851
