1
6
7
8
9
11
12
13
14
16
17
18
19
21
22
23
26
27
28
29
30
32
33
34
35
36
37
38
39
40
41
42
43
44
45
46
47
48
49
50
51
52
53
54
55
56
57
58
59
60
61
64
65
66
67
68
69
70
71
72
73
74
75
76
77
78
79
80
81
82
83
84
86
88
89
91
92
94
95
97
98
99
101
102
103
105
106
107
109
111
112
113
114
115
116
117
118
119
120
121
122
123
124
125
126
127
128
129
130
131
133
134
136
137
138
139
140
141
143
144
146
147
149
150
151
152
153
154
155
156
157
160
161
162
165
168
169
172
174
175
176
177
178
180
181
182
183
184
185
186
187
188
189
190
191
192
193
195
196
197
198
199
200
201
202
203
204
205
206
207
209
210
211
212
213
214
215
216
217
218
219
220
224
225
226
227
228
229
230
231
232
233
234
235
236
237
238
239
240
241
242
244
245
246
247
248
249
250
252
253
254
256
257
259
261
262
264
265
266
267
269
270
271
272
273
274
275
276
278
280
281
282
284
285
286
287
288
289
291
292
294
295
296
297
299
300
301
303
304
305
306
307
308
309
310
312
313
314
315
317
318
319
322
324
325
327
328
329
330
331
332
333
334
335
336
337
338
340
341
342
343
344
345
346
347
348
349
350
351
352
353
354
355
356
357
358
359
360
361
362
364
365
366
367
368
369
370
371
372
373
374
376
377
378
380
381
382
384
385
386
387
388
389
390
391
392
393
394
395
397
398
399
400
401
402
403
404
405
406
407
408
409
411
412
414
415
416
417
418
419
420
421
422
424
425
426
427
428
429
430
432
435
436
437
438
439
440
441
442
443
444
445
446
447
448
449
451
453
454
455
456
457
458
459
460
463
464
465
466
467
469
470
471
474
476
477
478
479
481
482
483
484
485
486
487
488
489
491
493
494
495
496
497
498
500
501
503
504
505
506
508
509
510
511
512
514
516
517
518
519
521
522
523
524
525
527
528
530
532
533
535
536
537
539
540
541
542
543
544
545
546
547
548
549
550
551
552
553
554
555
557
558
559
560
563
564
565
566
567
568
570
571
572
574
576
577
578
580
581
582
583
584
585
586
589
591
592
593
595
596
597
598
599
600
601
602
603
604
605
607
609
610
611
612
613
614
615
619
620
622
623
625
626
627
628
629
631
632
634
636
638
640
641
642
643
644
645
646
647
648
649
652
654
655
657
662
663
664
665
666
667
670
671
672
673
674
675
677
678
679
680
681
683
684
685
687
688
689
690
691
692
693
694
696
697
698
700
701
702
703
704
705
706
707
708
709
711
712
713
715
716
717
718
721
722
723
724
725
726
728
730
731
732
733
734
735
736
737
738
739
740
741
743
744
745
746
747
748
749
750
751
753
754
755
756
757
759
760
762
763
764
765
768
769
770
771
772
773
774
776
777
779
781
782
783
784
785
786
788
789
790
791
792
793
794
795
796
797
799
800
802
803
804
805
806
809
810
813
814
815
816
817
818
819
820
821
822
823
824
825
826
827
828
829
830
831
834
835
836
837
838
839
840
841
842
843
844
849
850
851
853
854
855
856
857
858
859
860
861
862
863
864
865
866
867
868
869
870
871
872
873
874
877
880
881
882
886
888
889
891
892
893
894
896
899
900
901
902
903
904
905
906
907
908
910
912
913
914
915
916
917
918
919
920
921
922
923
924
925
926
927
928
929
930
931
932
934
935
937
939
940
941
942
943
947
948
949
950
951
952
953
955
956
957
958
959
960
961
963
964
965
967
968
969
970
971
972
974
976
977
978
979
980
982
983
984
985
986
987
988
989
990
992
994
995
998
999
1000
1001
1002
1004
1005
1006
1007
1008
1010
1012
1013
1014
1015
1016
1017
1018
1021
1022
1023
1024
1026
1028
1030
1031
1032
1034
1035
1037
1038
1039
1041
1042
1043
1045
1046
1047
1048
1049
1051
1052
1053
1054
1055
1056
1057
1058
1059
1060
1061
1062
1063
1064
1065
1066
1067
1068
1069
1071
1072
1076
1077
1078
1080
1081
1083
1084
1085
1088
1089
1090
1091
1092
1093
1096
1097
1098
1099
1102
1108
1110
1111
1113
1115
1116
1117
1119
1120
1121
1122
1123
1124
1125
1126
1127
1130
1132
1133
1135
1136
1137
1138
1140
1141
1142
1144
1146
1147
1149
1150
1151
1152
1153
1154
1155
1156
1157
1159
1161
1162
1163
1165
1166
1167
1169
1170
1171
1175
1176
1177
1178
1179
1180
1181
1182
1184
1185
1187
1188
1190
1191
1192
1194
1195
1196
1197
1200
1201
1202
1203
1204
1205
1206
1211
1212
1213
1214
1216
1217
1218
1219
1224
1225
1226
1227
1230
1231
1232
1233
1236
1237
1239
1240
1241
1242
1243
1244
1246
1248
1249
1250
1251
1252
1254
1255
1256
1257
1258
1260
1261
1262
1263
1264
1266
1267
1268
1269
1270
1271
1274
1276
1277
1278
1279
1280
1281
1282
1283
1284
1285
1288
1290
1292
1293
1294
1295
1296
1299
1300
1301
1304
1305
1307
1308
1309
1311
1312
1313
1314
1315
1316
1317
1319
1320
1321
1322
1323
1324
1325
1326
1328
1330
1331
1332
1334
1335
1337
1341
1342
1343
1344
1345
1347
1348
1349
1351
1352
1354
1356
1357
1358
1359
1360
1361
1362
1366
1369
1370
1371
1373
1374
1375
1376
1377
1378
1379
1380
1381
1382
1385
1386
1387
1390
1391
1392
1393
1394
1395
1396
1397
1398
1399
1401
1402
1405
1406
1407
1409
1411
1412
1415
1417
1418
1419
1420
1421
1422
1424
1426
1427
1428
1430
1432
1435
1436
1438
1439
1441
1444
1446
1447
1448
1449
1450
1451
1452
1454
1455
1456
1457
1459
1460
1461
1463
1465
1466
1467
1468
1469
1470
1471
1472
1473
1475
1476
1477
1478
1479
1480
1481
1483
1484
1486
1488
1489
1490
1491
1492
1493
1494
1496
1498
1500
1501
1502
1504
1505
1506
1507
1510
1511
1512
1513
1514
1515
1516
1517
1518
1519
1520
1522
1523
1524
1525
1526
1527
1528
1529
1530
1535
1536
1537
1538
1540
1541
1542
1543
1544
1545
1546
1548
1549
1550
1551
1553
1555
1556
1558
1559
1560
1562
1563
1564
1569
1571
1572
1573
1574
1577
1578
1579
1582
1584
1585
1586
1587
1589
1590
1592
1594
1595
1596
1597
1598
1601
1602
1603
1606
1607
1608
1610
1612
1614
1616
1617
1619
1621
1622
1625
1626
1628
1629
1630
1631
1632
1634
1636
1637
1638
1639
1642
1643
1644
1645
1646
1648
1650
1651
1652
1653
1655
1659
1660
1661
1663
1664
1665
1666
1667
1668
1670
1671
1672
1673
1675
1676
1678
1679
1680
1681
1682
1683
1688
1689
1690
1692
1693
1694
1695
1696
1697
1699
1700
1701
1702
1703
1704
1705
1706
1707
1708
1709
1710
1712
1713
1714
1715
1716
1717
1718
1719
1720
1721
1722
1724
1728
1729
1730
1731
1733
1735
1736
1738
1739
1740
1743
1744
1746
1748
1752
1754
1756
1757
1759
1760
1761
1763
1765
1769
1770
1771
1772
1773
1776
1777
1779
1781
1784
1785
1789
1790
1791
1792
1793
1794
1796
1797
1798
1800
1804
1806
1807
1808
1810
1811
1813
1814
1815
1817
1818
1819
1820
1821
1822
1823
1825
1827
1828
1829
1830
1831
1833
1837
1838
1841
1842
1843
1846
1847
1850
1853
1854
1855
1856
1857
1858
1859
1860
1874
1875
1877
1879
1880
1881
1883
1884
1885
1888
1889
1890
1891
1892
1893
1897
1899
1900
1901
1902
1904
1905
1907
1908
1909
1914
1918
1921
1923
1924
1925
1928
1929
1930
1931
1934
1935
1937
1938
1940
1944
1945
1946
1948
1949
1950
1952
1954
1958
1960
1962
1963
1964
1965
1966
1967
1968
1969
1972
1973
1974
1975
1976
1977
1978
1982
1983
1984
1985
1988
1989
1990
1991
1993
1995
1997
1998
1999
2000
2002
2003
2004
2006
2008
2012
2013
2014
2015
2017
2018
2019
2021
2022
2023
2025
2028
2030
2031
2032
2033
2034
2036
2037
2038
2040
2041
2043
2050
2054
2056
2057
2065
2066
2067
2068
2069
2070
2071
2072
2073
2075
2077
2080
2082
2084
2085
2086
2087
2088
2089
2090
2095
2096
2097
2098
2103
2104
2105
2106
2107
2108
2109
2110
2112
2113
2116
2118
2119
2120
2121
2122
2125
2126
2127
2129
2132
2133
2134
2137
2138
2140
2141
2143
2145
2149
2152
2154
2156
2158
2159
2161
2162
2166
2167
2168
2170
2171
2172
2173
2174
2175
2177
2178
2183
2184
2185
2186
2187
2189
2190
2192
2193
2194
2195
2196
2199
2200
2205
2208
2213
2214
2215
2218
2219
2227
2229
2231
2232
2233
2234
2235
2236
2238
2239
2242
2243
2244
2245
2246
2247
2249
2251
2252
2253
2254
2255
2257
2258
2259
2262
2265
2266
2267
2269
2271
2273
2274
2275
2276
2277
2278
2280
2281
2282
2283
2284
2285
2286
2287
2288
2290
2291
2292
2294
2295
2298
2301
2303
2305
2307
2308
2311
2312
2314
2317
2318
2320
2321
2322
2323
2327
2328
2330
2331
2332
2334
2339
2341
2343
2344
2346
2347
2348
2349
2350
2351
2352
2353
2354
2356
2359
2360
2362
2364
2365
2366
2367
2369
2370
2371
2374
2375
2376
2378
2379
2380
2383
2385
2388
2389
2390
2391
2392
2393
2394
2395
2396
2397
2398
2399
2402
2403
2406
2407
2408
2409
2410
2411
2412
2415
2417
2420
2421
2422
2424
2426
2430
2431
2432
2433
2434
2435
2437
2438
2440
2441
2442
2444
2445
2446
2447
2448
2451
2452
2455
2457
2458
2460
2464
2465
2466
2467
2468
2469
2472
2474
2477
2478
2479
2480
2481
2483
2484
2485
2486
2488
2494
2496
2497
2500
2501
2502
2503
2504
2507
2510
2511
2513
2514
2515
2516
2518
2520
2526
2527
2529
2532
2535
2536
2538
2539
2540
2542
2543
2544
2545
2546
2548
2550
2552
2553
2556
2557
2558
2559
2564
2566
2567
2568
2569
2570
2571
2572
2573
2575
2576
2579
2580
2581
2582
2583
2584
2585
2586
2588
2593
2596
2597
2599
2601
2602
2603
2604
2606
2609
2610
2611
2612
2613
2614
2616
2617
2619
2621
2623
2624
2625
2628
2630
2633
2634
2635
2636
2637
2639
2640
2641
2642
2644
2645
2647
2648
2650
2651
2652
2653
2654
2655
2656
2658
2662
2663
2664
2665
2666
2668
2669
2671
2675
2676
2678
2679
2681
2687
2689
2691
2692
2693
2694
2695
2696
2697
2698
2699
2701
2702
2703
2704
2705
2707
2709
2712
2714
2715
2716
2717
2719
2720
2724
2725
2727
2728
2730
2731
2732
2733
2734
2736
2737
2738
2739
2741
2745
2746
2747
2748
2750
2753
2754
2755
2756
2758
2760
2761
2762
2763
2764
2765
2766
2770
2771
2772
2773
2774
2776
2777
2778
2779
2780
2783
2784
2788
2789
2791
2792
2793
2794
2795
2798
2802
2805
2806
2812
2813
2815
2816
2817
2819
2820
2821
2823
2824
2825
2827
2828
2829
2831
2832
2834
2835
2838
2839
2840
2841
2843
2844
2845
2846
2847
2849
2850
2851
2853
2854
2855
2857
2859
2860
2861
2862
2864
2866
2867
2868
2870
2871
2872
2873
2874
2876
2879
2880
2881
2883
2885
2886
2887
2888
2890
2891
2892
2896
2897
2898
2899
2902
2904
2906
2908
2910
2912
2913
2914
2916
2917
2922
2923
2925
2926
2927
2929
2932
2933
2935
2936
2937
2938
2939
2941
2942
2943
2944
2945
2947
2948
2949
2950
2951
2952
2954
2955
2956
2959
2960
2965
2966
2968
2971
2972
2973
2975
2976
2979
2983
2984
2986
2987
2989
2991
2992
2994
2995
2997
3000
3001
3002
3004
3007
3009
3011
3012
3013
3014
3015
3018
3020
3021
3023
3024
3026
3029
3030
3031
3033
3034
3035
3036
3037
3038
3039
3042
3044
3045
3046
3047
3050
3051
3052
3053
3056
3057
3058
3059
3060
3065
3066
3067
3068
3070
3073
3074
3075
3076
3077
3078
3079
3081
3082
3083
3084
3085
3087
3089
3092
3095
3097
3098
3099
3100
3104
3105
3106
3107
3108
3109
3111
3112
3113
3115
3116
3118
3119
3120
3121
3123
3125
3127
3129
3132
3133
3134
3135
3136
3137
3138
3139
3141
3142
3144
3145
3146
3147
3149
3150
3151
3152
3153
3156
3160
3161
3162
3165
3166
3167
3171
3172
3173
3175
3176
3177
3180
3181
3183
3184
3185
3187
3188
3189
3192
3193
3196
3197
3198
3201
3202
3203
3204
3206
3209
3210
3211
3212
3216
3217
3218
3219
3220
3221
3222
3223
3224
3227
3229
3230
3231
3233
3234
3235
3236
3239
3241
3244
3246
3247
3248
3249
3251
3253
3254
3256
3257
3258
3259
3260
3262
3263
3267
3272
3273
3275
3277
3278
3279
3280
3281
3282
3283
3285
3287
3289
3290
3291
3294
3295
3298
3299
3300
3301
3302
3304
3306
3307
3308
3311
3314
3315
3316
3320
3321
3323
3324
3325
3326
3327
3331
3332
3333
3336
3338
3339
3340
3341
3342
3343
3344
3345
3346
3347
3348
3350
3351
3354
3355
3356
3359
3363
3364
3365
3367
3368
3370
3371
3372
3373
3375
3378
3381
3382
3383
3385
3389
3390
3393
3394
3396
3403
3404
3405
3406
3410
3411
3412
3413
3414
3415
3417
3420
3421
3423
3424
3426
3427
3428
3429
3431
3432
3433
3434
3435
3437
3440
3442
3443
3444
3446
3448
3452
3453
3454
3455
3456
3458
3459
3461
3462
3464
3465
3466
3470
3472
3473
3474
3475
3476
3478
3479
3480
3481
3482
3493
3497
3500
3501
3508
3509
3510
3511
3512
3513
3514
3517
3519
3520
3521
3522
3523
3525
3526
3527
3528
3529
3531
3532
3534
3535
3536
3538
3541
3544
3546
3547
3549
3550
3555
3558
3559
3562
3565
3566
3567
3568
3571
3572
3573
3574
3575
3576
3577
3578
3579
3580
3584
3585
3586
3587
3588
3589
3590
3592
3593
3595
3598
3602
3603
3605
3606
3607
3608
3609
3610
3614
3617
3618
3619
3622
3624
3625
3627
3628
3631
3632
3633
3634
3636
3637
3639
3640
3641
3642
3643
3644
3645
3646
3647
3648
3649
3650
3651
3652
3653
3654
3655
3656
3658
3659
3660
3664
3665
3668
3669
3672
3673
3675
3676
3677
3678
3679
3680
3681
3682
3683
3684
3685
3686
3687
3689
3690
3692
3693
3694
3695
3696
3698
3699
3700
3702
3704
3706
3710
3712
3715
3716
3718
3719
3722
3723
3727
3728
3730
3731
3732
3733
3735
3738
3739
3740
3741
3742
3743
3744
3745
3746
3747
3748
3749
3751
3754
3755
3756
3759
3760
3761
3762
3763
3764
3767
3768
3769
3770
3773
3776
3777
3783
3784
3787
3789
3792
3795
3796
3798
3802
3803
3807
3808
3809
3810
3812
3813
3817
3819
3821
3822
3823
3824
3825
3826
3828
3831
3834
3836
3837
3839
3840
3841
3842
3843
3844
3845
3846
3847
3848
3849
3850
3851
3853
3855
3858
3861
3862
3863
3864
3865
3866
3867
3868
3869
3872
3874
3875
3879
3882
3883
3885
3886
3890
3893
3897
3900
3901
3904
3905
3906
3907
3912
3913
3915
3916
3917
3918
3919
3920
3921
3922
3924
3925
3926
3927
3928
3929
3931
3932
3935
3938
3939
3942
3945
3947
3948
3949
3951
3953
3954
3956
3957
3958
3959
3960
3966
3969
3971
3972
3973
3976
3978
3979
3982
3983
3984
3986
3987
3989
3990
3991
3993
3994
3995
3996
3998
3999
4000
4002
4003
4004
4005
4006
4008
4010
4011
4012
4014
4016
4017
4019
4020
4021
4022
4023
4024
4025
4028
4029
4030
4032
4033
4036
4037
4039
4040
4043
4045
4046
4047
4048
4049
4050
4053
4054
4062
4064
4065
4066
4067
4069
4070
4071
4072
4075
4080
4081
4082
4083
4087
4088
4089
4091
4092
4094
4095
4097
4101
4103
4105
4106
4107
4108
4109
4110
4111
4112
4114
4117
4119
4120
4122
4127
4129
4131
4132
4134
4136
4137
4140
4141
4144
4145
4146
4148
4150
4152
4154
4155
4156
4158
4159
4160
4161
4162
4165
4166
4168
4169
4171
4172
4173
4175
4177
4180
4181
4184
4185
4186
4187
4188
4189
4194
4196
4199
4200
4201
4204
4208
4209
4212
4213
4214
4215
4216
4217
4218
4221
4222
4224
4225
4226
4228
4229
4231
4233
4235
4236
4237
4238
4239
4244
4245
4246
4248
4249
4250
4253
4256
4258
4262
4263
4264
4265
4266
4267
4268
4269
4270
4272
4274
4277
4280
4281
4282
4284
4287
4289
4291
4292
4293
4294
4295
4297
4298
4299
4300
4302
4303
4304
4305
4307
4308
4309
4310
4312
4313
4314
4315
4317
4318
4319
4320
4321
4322
4323
4324
4326
4327
4328
4329
4330
4331
4332
4333
4335
4336
4338
4339
4340
4342
4347
4349
4350
4352
4353
4359
4360
4362
4363
4364
4367
4368
4369
4370
4371
4373
4374
4376
4377
4378
4379
4382
4383
4386
4387
4388
4390
4391
4392
4394
4396
4397
4398
4400
4402
4403
4404
4405
4407
4408
4409
4411
4413
4414
4415
4416
4419
4420
4421
4422
4423
4424
4428
4430
4432
4433
4434
4437
4438
4439
4441
4442
4443
4445
4446
4448
4449
4454
4456
4457
4458
4459
4460
4466
4468
4469
4471
4472
4475
4477
4478
4481
4484
4488
4491
4492
4494
4495
4496
4497
4499
4500
4508
4509
4511
4512
4514
4517
4519
4520
4521
4525
4527
4528
4534
4535
4536
4538
4539
4540
4541
4547
4548
4550
4551
4552
4554
4555
4556
4560
4561
4562
4563
4566
4570
4572
4577
4578
4583
4586
4588
4590
4591
4594
4595
4597
4599
4603
4604
4605
4606
4607
4608
4609
4610
4612
4613
4614
4615
4617
4618
4619
4620
4621
4622
4624
4625
4626
4630
4631
4632
4634
4635
4638
4640
4641
4643
4645
4647
4648
4649
4650
4653
4654
4655
4658
4661
4662
4663
4665
4666
4667
4669
4670
4671
4672
4675
4676
4678
4679
4680
4682
4684
4686
4689
4692
4693
4694
4698
4701
4703
4705
4706
4711
4712
4716
4718
4719
4720
4721
4723
4724
4725
4726
4728
4729
4731
4732
4733
4735
4737
4739
4740
4743
4744
4748
4750
4751
4753
4755
4757
4760
4762
4768
4770
4771
4772
4773
4774
4776
4777
4780
4781
4783
4784
4785
4786
4787
4788
4789
4790
4794
4795
4796
4798
4799
4801
4802
4804
4806
4807
4809
4810
4811
4813
4814
4816
4818
4819
4820
4821
4822
4823
4824
4825
4837
4838
4839
4841
4842
4844
4845
4846
4847
4849
4853
4855
4857
4858
4860
4861
4862
4864
4869
4870
4871
4872
4875
4879
4881
4882
4883
4884
4885
4886
4888
4889
4890
4891
4892
4893
4894
4895
4896
4899
4904
4906
4907
4908
4909
4910
4912
4915
4918
4919
4920
4921
4922
4923
4924
4925
4928
4929
4930
4931
4932
4933
4935
4938
4939
4942
4944
4948
4949
4950
4951
4952
4956
4959
4960
4961
4964
4966
4967
4968
4970
4973
4975
4977
4978
4979
4982
4983
4984
4986
4987
4990
4994
4995
4996
4997
5000
5002
5003
5004
5005
5006
5008
5009
5010
5013
5015
5016
5018
5020
5022
5029
5030
5034
5036
5037
5038
5040
5044
5046
5047
5048
5049
5050
5052
5053
5054
5056
5057
5058
5060
5062
5064
5065
5067
5068
5069
5070
5071
5073
5076
5077
5078
5079
5081
5083
5085
5086
5089
5090
5095
5096
5097
5098
5099
5100
5102
5104
5105
5107
5109
5110
5112
5113
5114
5117
5118
5121
5122
5124
5125
5127
5128
5129
5132
5133
5134
5135
5140
5142
5146
5147
5148
5150
5153
5154
5156
5160
5163
5166
5167
5168
5169
5171
5172
5173
5176
5177
5178
5180
5182
5184
5185
5186
5190
5192
5194
5195
5199
5200
5202
5203
5205
5211
5212
5214
5218
5220
5223
5224
5226
5227
5229
5232
5235
5236
5237
5239
5241
5245
5248
5252
5255
5256
5262
5263
5266
5267
5268
5269
5270
5272
5273
5275
5276
5277
5278
5279
5280
5282
5287
5290
5294
5297
5298
5299
5300
5301
5302
5304
5307
5309
5310
5311
5312
5313
5315
5316
5318
5319
5320
5327
5328
5329
5330
5333
5334
5336
5337
5339
5340
5341
5342
5343
5344
5350
5351
5352
5353
5354
5355
5358
5359
5362
5363
5364
5365
5366
5368
5369
5372
5373
5374
5376
5377
5379
5380
5385
5386
5389
5391
5393
5395
5396
5397
5398
5399
5403
5404
5405
5406
5408
5409
5410
5411
5415
5417
5418
5419
5420
5421
5422
5423
5424
5431
5432
5433
5435
5438
5439
5440
5443
5444
5445
5448
5450
5451
5452
5453
5455
5457
5458
5460
5461
5463
5467
5468
5469
5470
5472
5473
5474
5478
5480
5482
5483
5484
5485
5486
5487
5490
5491
5493
5495
5498
5499
5500
5501
5503
5504
5505
5508
5509
5510
5512
5513
5514
5515
5516
5518
5519
5521
5524
5525
5527
5528
5529
5530
5531
5532
5533
5534
5535
5536
5537
5538
5540
5541
5543
5545
5552
5554
5556
5557
5559
5560
5561
5562
5563
5564
5565
5567
5568
5569
5570
5572
5573
5576
5580
5586
5588
5589
5595
5596
5597
5598
5599
5600
5601
5602
5603
5605
5606
5607
5608
5612
5614
5616
5617
5618
5619
5624
5628
5630
5631
5632
5633
5634
5635
5636
5640
5643
5644
5647
5654
5656
5658
5661
5663
5665
5666
5667
5668
5669
5670
5671
5672
5673
5674
5676
5678
5681
5682
5683
5684
5687
5688
5689
5691
5692
5696
5697
5699
5701
5702
5704
5705
5707
5708
5709
5710
5711
5713
5716
5718
5719
5721
5722
5723
5724
5727
5728
5730
5735
5737
5739
5740
5741
5742
5743
5745
5746
5747
5752
5753
5754
5756
5757
5758
5761
5762
5763
5764
5766
5767
5768
5771
5773
5774
5775
5780
5781
5782
5783
5784
5787
5788
5789
5790
5792
5793
5795
5796
5798
5799
5800
5801
5802
5803
5804
5807
5810
5811
5813
5815
5818
5819
5820
5821
5822
5826
5827
5830
5832
5833
5834
5835
5838
5839
5843
5844
5846
5847
5848
5849
5850
5852
5853
5857
5861
5865
5868
5872
5873
5874
5875
5877
5878
5883
5885
5887
5889
5891
5892
5894
5895
5896
5898
5901
5903
5904
5906
5908
5909
5910
5911
5915
5916
5920
5921
5924
5925
5926
5927
5928
5929
5930
5932
5933
5937
5938
5939
5945
5946
5947
5949
5951
5952
5954
5956
5957
5958
5960
5964
5965
5966
5970
5972
5973
5974
5977
5978
5979
5980
5981
5982
5983
5984
5985
5986
5987
5989
5990
5992
5993
5994
5995
5996
5997
5998
6004
6005
6007
6008
6009
6011
6013
6015
6016
6017
6020
6022
6023
6024
6026
6027
6030
6032
6034
6035
6036
6038
6039
6041
6045
6046
6048
6049
6051
6052
6054
6055
6056
6057
6058
6059
6060
6061
6064
6066
6067
6069
6071
6072
6076
6081
6082
6083
6084
6086
6088
6089
6091
6092
6093
6095
6098
6099
6100
6101
6102
6103
6104
6108
6110
6111
6112
6113
6114
6115
6116
6118
6120
6121
6122
6123
6125
6126
6128
6131
6132
6133
6135
6137
6139
6140
6142
6146
6149
6151
6152
6153
6155
6157
6158
6160
6161
6162
6164
6167
6168
6169
6170
6171
6173
6176
6177
6179
6180
6181
6182
6183
6184
6185
6186
6190
6191
6192
6193
6194
6195
6196
6198
6200
6202
6203
6204
6205
6207
6208
6212
6213
6215
6216
6217
6218
6222
6223
6224
6225
6226
6231
6232
6234
6235
6237
6238
6240
6242
6243
6244
6245
6246
6247
6251
6253
6255
6256
6257
6258
6259
6263
6264
6265
6267
6268
6272
6273
6274
6277
6280
6282
6285
6286
6290
6291
6293
6294
6295
6298
6303
6304
6305
6306
6311
6312
6313
6314
6315
6316
6317
6319
6323
6324
6327
6328
6329
6330
6332
6333
6334
6336
6338
6339
6344
6345
6346
6347
6348
6350
6351
6352
6354
6358
6359
6360
6361
6362
6363
6364
6365
6366
6367
6368
6369
6371
6372
6376
6377
6379
6380
6381
6387
6389
6390
6393
6396
6397
6399
6400
6402
6404
6405
6406
6407
6413
6414
6416
6417
6418
6419
6423
6425
6427
6428
6429
6430
6431
6432
6433
6434
6436
6438
6439
6442
6446
6448
6449
6450
6451
6452
6460
6462
6467
6468
6469
6470
6472
6473
6474
6475
6479
6481
6483
6484
6486
6487
6488
6494
6495
6497
6498
6502
6503
6504
6505
6506
6507
6508
6511
6512
6513
6514
6515
6516
6518
6519
6520
6521
6522
6524
6525
6526
6527
6528
6529
6532
6534
6535
6536
6537
6539
6540
6542
6543
6547
6550
6551
6553
6554
6555
6556
6557
6558
6559
6560
6562
6563
6565
6566
6568
6570
6571
6572
6573
6574
6577
6579
6580
6581
6582
6583
6584
6586
6587
6591
6595
6596
6597
6598
6599
6600
6601
6603
6604
6606
6607
6608
6610
6613
6614
6615
6617
6619
6620
6621
6622
6623
6624
6626
6627
6629
6631
6633
6634
6636
6637
6640
6641
6642
6643
6647
6648
6649
6651
6652
6657
6658
6661
6664
6667
6668
6669
6670
6671
6672
6673
6675
6677
6678
6679
6680
6681
6682
6683
6684
6685
6687
6689
6690
6691
6692
6693
6694
6695
6697
6700
6701
6702
6703
6705
6707
6708
6709
6710
6711
6712
6713
6714
6715
6719
6720
6721
6722
6723
6724
6726
6727
6728
6731
6735
6737
6738
6740
6741
6742
6743
6744
6745
6747
6748
6749
6750
6751
6752
6753
6755
6756
6759
6760
6761
6762
6763
6764
6765
6766
6767
6771
6772
6774
6777
6779
6780
6781
6783
6785
6787
6788
6789
6790
6791
6792
6794
6795
6799
6800
6801
6802
6803
6804
6807
6808
6809
6810
6813
6814
6816
6817
6818
6819
6820
6821
6822
6823
6825
6828
6830
6831
6834
6835
6837
6838
6841
6842
6843
6844
6850
6851
6853
6855
6857
6861
6862
6863
6864
6865
6867
6868
6871
6872
6873
6874
6875
6878
6879
6880
6884
6885
6887
6889
6891
6892
6896
6900
6902
6904
6907
6908
6912
6913
6914
6915
6916
6917
6919
6920
6921
6922
6924
6925
6927
6928
6932
6933
6934
6935
6936
6937
6940
6941
6942
6943
6945
6946
6947
6949
6951
6952
6954
6957
6959
6961
6963
6964
6965
6966
6967
6968
6969
6970
6972
6973
6975
6976
6977
6979
6983
6984
6985
6988
6991
6993
6994
6995
6996
7000
7001
7003
7004
7006
7008
7009
7010
7013
7014
7015
7016
7017
7018
7019
7021
7023
7026
7027
7029
7030
7032
7033
7036
7037
7040
7041
7042
7043
7044
7045
7049
7052
7053
7054
7057
7058
7059
7060
7061
7063
7065
7068
7069
7070
7071
7072
7073
7074
7076
7079
7081
7082
7083
7084
7085
7089
7090
7091
7093
7095
7097
7098
7100
7101
7102
7104
7106
7107
7108
7109
7111
7112
7113
7116
7117
7122
7123
7124
7127
7128
7129
7130
7131
7132
7133
7134
7135
7138
7140
7143
7144
7145
7148
7153
7154
7157
7159
7160
7163
7164
7166
7167
7168
7171
7174
7175
7178
7179
7181
7182
7184
7185
7186
7188
7189
7190
7191
7193
7194
7195
7196
7197
7200
7203
7204
7205
7207
7208
7209
7212
7213
7215
7216
7217
7218
7219
7222
7223
7224
7225
7227
7228
7229
7230
7232
7233
7234
7235
7237
7238
7239
7240
7241
7242
7243
7245
7246
7248
7249
7250
7251
7252
7253
7254
7256
7257
7261
7262
7263
7264
7266
7268
7269
7271
7274
7276
7277
7278
7280
7282
7284
7285
7286
7287
7288
7289
7290
7291
7292
7293
7294
7295
7296
7297
7298
7299
7300
7301
7302
7305
7307
7309
7310
7312
7313
7315
7316
7317
7319
7320
7321
7322
7323
7324
7325
7326
7327
7330
7331
7332
7333
7337
7339
7343
7345
7349
7351
7353
7354
7355
7357
7359
7360
7361
7364
7365
7368
7369
7370
7374
7375
7377
7379
7383
7384
7385
7386
7387
7388
7389
7391
7392
7393
7394
7395
7398
7399
7400
7403
7404
7408
7410
7413
7414
7416
7417
7420
7421
7422
7423
7427
7429
7431
7433
7434
7435
7436
7437
7438
7439
7440
7441
7445
7446
7447
7448
7449
7450
7453
7456
7459
7460
7463
7465
7466
7469
7471
7472
7475
7476
7481
7483
7484
7485
7486
7489
7490
7491
7493
7495
7496
7498
7499
7500
7501
7503
7507
7510
7513
7514
7515
7516
7517
7518
7520
7522
7524
7525
7526
7527
7529
7530
7531
7532
7533
7534
7535
7536
7537
7539
7541
7542
7545
7546
7547
7550
7551
7552
7554
7555
7556
7557
7558
7559
7561
7562
7563
7564
7565
7566
7567
7569
7572
7574
7575
7578
7580
7581
7582
7584
7585
7587
7588
7589
7590
7593
7594
7595
7598
7599
7600
7606
7609
7611
7614
7618
7619
7622
7625
7627
7631
7632
7636
7637
7640
7642
7643
7645
7648
7649
7652
7653
7655
7656
7662
7666
7669
7671
7672
7675
7676
7677
7680
7681
7682
7683
7685
7686
7687
7690
7692
7693
7695
7696
7697
7699
7700
7701
7702
7703
7704
7707
7709
7710
7711
7714
7717
7721
7722
7723
7724
7725
7726
7727
7729
7730
7731
7732
7733
7734
7738
7739
7741
7742
7743
7747
7748
7751
7752
7756
7758
7759
7761
7765
7767
7768
7771
7772
7773
7774
7775
7776
7777
7778
7780
7782
7784
7785
7786
7787
7788
7789
7791
7792
7793
7795
7797
7798
7799
7800
7801
7804
7805
7807
7808
7809
7812
7814
7816
7819
7823
7824
7825
7827
7828
7831
7832
7833
7835
7836
7837
7838
7840
7841
7842
7843
7846
7848
7850
7851
7852
7853
7854
7857
7858
7859
7860
7864
7865
7867
7869
7870
7871
7872
7873
7874
7875
7876
7877
7879
7882
7883
7884
7885
7886
7890
7891
7895
7897
7898
7899
7900
7901
7903
7904
7907
7908
7910
7911
7912
7914
7915
7916
7917
7918
7919
7920
7922
7926
7928
7929
7930
7936
7937
7938
7940
7941
7944
7945
7947
7948
7949
7950
7952
7953
7955
7960
7961
7962
7964
7965
7967
7970
7973
7974
7976
7978
7979
7980
7981
7982
7983
7984
7985
7986
7987
7990
7992
7994
7995
7996
7998
7999
8002
8003
8004
8005
8006
8009
8011
8015
8016
8017
8018
8019
8020
8022
8023
8027
8028
8030
8031
8032
8033
8036
8038
8039
8040
8042
8043
8044
8046
8047
8050
8051
8054
8055
8056
8057
8058
8062
8065
8066
8068
8069
8070
8071
8075
8077
8078
8079
8080
8081
8084
8086
8087
8088
8089
8090
8091
8092
8098
8099
8100
8103
8105
8106
8107
8110
8112
8113
8114
8115
8116
8119
8120
8121
8123
8124
8127
8129
8130
8134
8135
8136
8137
8138
8139
8140
8141
8143
8145
8146
8147
8148
8149
8151
8152
8154
8155
8156
8158
8159
8160
8162
8163
8164
8165
8167
8168
8169
8172
8173
8174
8177
8178
8179
8181
8188
8190
8191
8192
8193
8194
8195
8196
8197
8198
8200
8202
8206
8207
8208
8209
8210
8214
8215
8217
8218
8220
8222
8223
8224
8225
8228
8229
8230
8232
8233
8237
8240
8243
8244
8246
8247
8248
8249
8251
8252
8253
8254
8255
8256
8257
8258
8259
8260
8261
8262
8263
8264
8265
8266
8267
8268
8269
8270
8271
8272
8273
8274
8275
8277
8280
8281
8283
8284
8285
8286
8287
8288
8289
8291
8292
8293
8296
8297
8298
8299
8301
8302
8303
8305
8306
8307
8308
8309
8310
8311
8313
8315
8323
8324
8325
8327
8328
8331
8332
8333
8335
8336
8338
8341
8342
8344
8347
8349
8351
8352
8353
8355
8356
8357
8364
8365
8366
8367
8368
8370
8371
8375
8377
8378
8379
8380
8381
8382
8383
8384
8389
8390
8391
8392
8394
8395
8396
8398
8401
8402
8406
8407
8408
8409
8411
8413
8414
8416
8417
8418
8419
8422
8423
8424
8425
8426
8427
8429
8430
8431
8433
8434
8435
8436
8437
8438
8441
8442
8443
8444
8445
8448
8449
8453
8454
8455
8456
8457
8458
8460
8461
8462
8463
8464
8465
8466
8467
8468
8470
8471
8475
8476
8477
8478
8479
8481
8482
8483
8484
8485
8486
8487
8488
8490
8493
8500
8503
8504
8505
8506
8508
8509
8510
8512
8513
8517
8519
8520
8521
8522
8523
8524
8525
8526
8527
8530
8531
8532
8536
8540
8541
8542
8543
8544
8546
8548
8551
8552
8553
8554
8556
8558
8560
8562
8563
8564
8568
8569
8572
8573
8574
8575
8577
8579
8580
8582
8583
8585
8587
8588
8589
8592
8593
8595
8596
8599
8602
8603
8604
8606
8607
8608
8609
8610
8613
8615
8616
8617
8618
8619
8620
8625
8626
8627
8630
8631
8633
8634
8636
8637
8639
8640
8641
8642
8644
8645
8646
8647
8648
8649
8651
8655
8656
8658
8660
8662
8663
8665
8666
8667
8668
8669
8671
8674
8676
8679
8681
8683
8684
8685
8686
8687
8688
8689
8692
8693
8695
8699
8701
8702
8703
8704
8706
8707
8708
8710
8711
8713
8714
8715
8718
8720
8721
8722
8725
8727
8729
8731
8732
8734
8736
8738
8739
8742
8743
8745
8747
8748
8749
8750
8752
8753
8755
8756
8757
8760
8761
8762
8763
8765
8766
8768
8769
8771
8775
8776
8777
8778
8780
8781
8783
8784
8785
8786
8787
8788
8790
8791
8792
8793
8794
8795
8796
8797
8798
8799
8800
8801
8803
8804
8805
8806
8807
8809
8810
8812
8813
8815
8817
8820
8821
8822
8823
8827
8828
8829
8830
8831
8833
8835
8837
8838
8840
8841
8842
8843
8844
8845
8846
8848
8849
8852
8854
8855
8856
8859
8860
8861
8862
8863
8864
8865
8866
8869
8870
8871
8873
8874
8875
8877
8879
8881
8882
8883
8884
8885
8888
8889
8891
8894
8895
8898
8899
8900
8904
8907
8909
8910
8911
8915
8916
8917
8918
8919
8921
8922
8924
8925
8928
8929
8930
8934
8935
8936
8937
8938
8940
8941
8942
8945
8947
8949
8950
8952
8954
8955
8956
8957
8958
8959
8960
8962
8964
8966
8969
8972
8973
8974
8977
8979
8982
8984
8985
8987
8988
8989
8990
8991
8992
8993
8994
8996
8997
8999
9000
9001
9002
9004
9005
9007
9008
9009
9010
9011
9012
9013
9014
9015
9017
9019
9020
9022
9024
9027
9029
9031
9032
9033
9034
9036
9037
9040
9041
9043
9044
9045
9046
9048
9049
9050
9051
9055
9059
9060
9061
9062
9063
9064
9065
9066
9067
9071
9075
9077
9080
9085
9086
9087
9088
9090
9093
9094
9095
9096
9098
9100
9101
9102
9103
9106
9107
9108
9110
9111
9113
9114
9115
9116
9117
9118
9119
9120
9121
9123
9125
9126
9127
9128
9129
9134
9135
9137
9138
9139
9140
9141
9143
9144
9146
9147
9148
9150
9151
9155
9156
9160
9161
9167
9168
9169
9170
9174
9176
9177
9181
9182
9183
9184
9186
9187
9188
9189
9190
9192
9194
9196
9197
9198
9199
9201
9206
9207
9208
9209
9210
9211
9214
9215
9216
9217
9218
9219
9221
9223
9224
9225
9227
9228
9231
9232
9233
9234
9235
9236
9237
9239
9240
9242
9245
9246
9247
9249
9250
9252
9253
9254
9255
9256
9258
9259
9260
9261
9264
9265
9268
9270
9271
9272
9273
9274
9276
9279
9280
9282
9283
9284
9286
9288
9290
9294
9296
9298
9299
9301
9302
9303
9304
9305
9308
9311
9313
9314
9315
9318
9319
9321
9323
9324
9327
9328
9331
9333
9335
9336
9338
9341
9342
9344
9345
9348
9351
9352
9354
9358
9359
9360
9361
9362
9364
9365
9366
9367
9368
9369
9370
9371
9373
9374
9376
9377
9381
9382
9383
9385
9386
9388
9389
9391
9393
9394
9395
9396
9397
9398
9399
9402
9403
9404
9406
9407
9409
9412
9413
9414
9415
9416
9417
9418
9419
9421
9422
9423
9425
9428
9429
9432
9433
9434
9435
9437
9438
9439
9440
9443
9444
9445
9448
9450
9452
9454
9455
9456
9458
9459
9461
9464
9467
9468
9469
9472
9473
9475
9477
9479
9481
9482
9483
9485
9486
9488
9489
9490
9491
9492
9493
9494
9495
9497
9501
9502
9503
9504
9505
9507
9508
9509
9513
9514
9515
9516
9518
9519
9520
9521
9522
9524
9525
9526
9527
9529
9531
9532
9533
9535
9537
9538
9541
9542
9545
9546
9547
9548
9550
9552
9553
9557
9559
9560
9561
9564
9567
9569
9570
9571
9572
9574
9575
9580
9581
9582
9583
9584
9585
9586
9588
9589
9591
9593
9594
9595
9596
9597
9598
9599
9600
9601
9602
9604
9605
9606
9608
9610
9611
9612
9614
9615
9617
9618
9620
9621
9622
9623
9625
9629
9630
9632
9634
9635
9636
9637
9638
9639
9641
9643
9644
9645
9647
9648
9649
9650
9652
9654
9655
9656
9657
9658
9661
9663
9665
9668
9672
9673
9674
9675
9677
9678
9679
9680
9682
9683
9686
9687
9688
9689
9690
9691
9692
9697
9699
9700
9701
9702
9703
9704
9706
9707
9708
9710
9714
9717
9718
9719
9720
9721
9722
9723
9728
9730
9731
9732
9733
9735
9737
9740
9741
9742
9743
9744
9746
9747
9748
9749
9750
9752
9755
9756
9759
9760
9761
9762
9763
9764
9765
9766
9768
9769
9770
9771
9772
9774
9775
9777
9779
9780
9781
9782
9783
9785
9787
9791
9792
9793
9794
9796
9801
9802
9803
9809
9810
9811
9812
9813
9814
9815
9819
9820
9821
9827
9830
9832
9833
9835
9836
9837
9838
9839
9840
9841
9842
9843
9844
9845
9846
9851
9852
9853
9854
9855
9861
9862
9863
9864
9865
9866
9867
9868
9869
9870
9871
9874
9875
9876
9877
9878
9880
9882
9887
9888
9890
9892
9893
9894
9895
9896
9897
9898
9899
9900
9902
9903
9904
9905
9909
9910
9911
9913
9915
9921
9925
9926
9927
9928
9929
9930
9932
9933
9934
9935
9936
9938
9939
9940
9941
9942
9943
9945
9946
9951
9952
9953
9954
9955
9956
9957
9958
9959
9960
9961
9962
9964
9965
9967
9968
9971
9972
9973
9975
9976
9979
9980
9981
9983
9984
9985
9987
9993
9997
9998
10003
10004
10005
10006
10007
10008
10009
10011
10013
10014
10015
10016
10017
10019
10020
10021
10024
10027
10030
10032
10034
10035
10036
10037
10038
10039
10040
10041
10042
10043
10046
10047
10048
10050
10053
10054
10055
10057
10058
10060
10061
10062
10063
10064
10065
10066
10067
10068
10070
10071
10072
10073
10074
10075
10077
10079
10080
10081
10083
10084
10085
10086
10087
10088
10091
10092
10097
10101
10103
10104
10110
10111
10112
10113
10123
10124
10125
10126
10127
10128
10129
10130
10131
10132
10133
10134
10136
10137
10138
10139
10142
10143
10144
10146
10149
10151
10153
10154
10155
10156
10158
10159
10161
10162
10163
10166
10168
10169
10170
10171
10174
10175
10176
10177
10178
10180
10181
10182
10183
10184
10185
10186
10187
10188
10189
10190
10191
10193
10195
10200
10201
10203
10204
10205
10206
10207
10210
10212
10213
10214
10215
10217
10218
10219
10221
10225
10226
10227
10231
10232
10233
10235
10236
10237
10238
10239
10241
10244
10246
10248
10250
10251
10253
10254
10255
10257
10258
10259
10261
10263
10265
10268
10270
10271
10272
10273
10274
10275
10276
10277
10278
10281
10282
10287
10288
10291
10294
10296
10297
10298
10300
10301
10303
10304
10305
10306
10307
10308
10309
10310
10312
10313
10314
10315
10318
10319
10321
10323
10325
10327
10328
10330
10331
10332
10333
10334
10336
10337
10338
10339
10342
10344
10345
10346
10347
10348
10350
10352
10354
10356
10357
10359
10361
10362
10363
10364
10365
10366
10367
10368
10371
10372
10373
10374
10376
10379
10381
10382
10386
10389
10390
10392
10393
10395
10396
10398
10399
10400
10401
10402
10404
10406
10407
10408
10410
10415
10418
10419
10420
10422
10423
10424
10425
10427
10430
10431
10432
10433
10435
10436
10438
10439
10440
10442
10443
10444
10446
10449
10450
10451
10452
10453
10455
10456
10459
10460
10461
10462
10464
10465
10466
10467
10468
10469
10471
10473
10474
10476
10477
10479
10480
10481
10482
10483
10486
10490
10491
10496
10497
10498
10499
10500
10501
10503
10506
10508
10509
10510
10512
10513
10514
10517
10518
10519
10520
10521
10522
10523
10524
10525
10526
10527
10528
10529
10532
10535
10537
10538
10539
10542
10543
10544
10545
10546
10547
10548
10550
10552
10554
10556
10557
10558
10559
10560
10562
10565
10566
10569
10570
10572
10573
10574
10576
10577
10580
10581
10582
10583
10584
10585
10586
10587
10588
10589
10590
10591
10592
10594
10597
10598
10600
10601
10604
10606
10609
10610
10611
10613
10615
10616
10617
10618
10620
10621
10622
10626
10627
10629
10631
10632
10634
10637
10638
10639
10640
10642
10643
10644
10646
10650
10652
10653
10655
10656
10660
10661
10662
10666
10668
10670
10671
10672
10673
10674
10676
10677
10678
10680
10682
10683
10684
10686
10687
10688
10689
10690
10692
10693
10694
10696
10697
10698
10699
10700
10701
10702
10703
10705
10707
10709
10710
10711
10713
10715
10716
10717
10718
10720
10721
10722
10723
10724
10725
10727
10728
10729
10730
10731
10732
10735
10739
10740
10742
10745
10747
10748
10750
10751
10752
10753
10754
10756
10757
10758
10760
10761
10762
10766
10767
10768
10771
10772
10774
10776
10778
10779
10780
10781
10782
10785
10786
10787
10788
10790
10791
10794
10795
10796
10797
10798
10799
10800
10801
10802
10803
10804
10810
10811
10812
10813
10814
10815
10820
10821
10822
10823
10824
10825
10826
10827
10828
10829
10830
10831
10832
10833
10834
10836
10839
10842
10843
10844
10845
10848
10849
10850
10851
10854
10855
10856
10858
10859
10862
10863
10864
10866
10867
10869
10870
10872
10873
10874
10875
10877
10878
10881
10882
10884
10886
10888
10889
10890
10892
10893
10894
10895
10896
10898
10900
10901
10902
10903
10905
10906
10907
10908
10909
10910
10911
10912
10915
10917
10919
10921
10922
10925
10926
10927
10931
10932
10933
10934
10935
10936
10937
10938
10939
10940
10941
10942
10943
10944
10946
10947
10949
10950
10952
10953
10954
10957
10958
10959
10960
10961
10962
10964
10967
10969
10970
10972
10973
10974
10975
10976
10977
10978
10980
10985
10986
10987
10988
10990
10991
10993
10995
10996
10997
10998
11001
11003
11004
11005
11006
11007
11008
11012
11014
11015
11016
11017
11018
11021
11022
11023
11024
11026
11027
11029
11030
11031
11033
11034
11036
11038
11040
11041
11043
11046
11047
11048
11049
11051
11055
11057
11060
11061
11063
11064
11067
11068
11069
11072
11074
11076
11077
11078
11080
11081
11082
11083
11084
11086
11087
11088
11090
11091
11092
11093
11094
11096
11097
11098
11099
11100
11104
11105
11106
11110
11112
11114
11116
11117
11118
11119
11120
11121
11123
11124
11125
11126
11127
11130
11131
11133
11135
11137
11138
11139
11141
11143
11144
11145
11149
11150
11152
11154
11155
11157
11158
11159
11160
11161
11162
11165
11166
11167
11169
11171
11172
11173
11174
11175
11176
11178
11179
11181
11182
11183
11184
11185
11187
11188
11190
11191
11192
11194
11195
11200
11203
11205
11206
11207
11210
11211
11212
11213
11214
11215
11216
11218
11219
11220
11221
11223
11225
11227
11228
11229
11230
11231
11232
11234
11237
11238
11239
11240
11243
11247
11248
11249
11250
11253
11254
11256
11257
11258
11259
11260
11261
11262
11263
11265
11266
11268
11269
11270
11271
11272
11274
11277
11278
11280
11281
11283
11285
11286
11287
11291
11292
11293
11294
11296
11297
11300
11302
11303
11305
11306
11307
11309
11312
11313
11314
11315
11319
11322
11323
11324
11325
11328
11329
11331
11332
11333
11335
11336
11337
11338
11339
11340
11342
11343
11346
11347
11355
11357
11359
11361
11362
11363
11364
11365
11366
11367
11369
11370
11371
11373
11374
11378
11379
11380
11382
11383
11384
11385
11386
11387
11388
11391
11393
11394
11399
11400
11401
11402
11403
11404
11406
11407
11410
11413
11414
11415
11416
11417
11420
11422
11423
11424
11425
11427
11430
11431
11436
11438
11439
11440
11441
11442
11443
11444
11446
11447
11448
11450
11451
11452
11453
11455
11456
11459
11460
11462
11463
11464
11465
11467
11468
11469
11470
11471
11473
11474
11475
11480
11481
11483
11484
11486
11494
11495
11496
11497
11498
11499
11501
11503
11504
11505
11506
11507
11511
11512
11513
11515
11523
11524
11525
11527
11529
11530
11531
11533
11536
11537
11538
11540
11541
11542
11544
11545
11546
11547
11548
11549
11550
11551
11553
11556
11557
11559
11560
11562
11563
11565
11566
11569
11571
11573
11574
11575
11576
11577
11578
11580
11583
11589
11590
11591
11592
11593
11594
11595
11596
11600
11603
11605
11606
11607
11612
11616
11617
11619
11620
11621
11622
11623
11624
11625
11626
11627
11628
11629
11630
11634
11635
11636
11637
11638
11640
11641
11643
11644
11645
11646
11647
11649
11650
11651
11654
11655
11656
11657
11658
11659
11662
11665
11666
11667
11669
11671
11672
11673
11674
11675
11677
11678
11679
11680
11681
11683
11684
11685
11686
11687
11688
11690
11691
11692
11693
11694
11695
11696
11698
11699
11700
11701
11702
11703
11707
11708
11709
11710
11711
11712
11713
11714
11715
11716
11718
11719
11720
11723
11724
11725
11726
11727
11730
11733
11735
11737
11739
11744
11746
11747
11748
11750
11751
11754
11756
11757
11759
11760
11761
11764
11765
11767
11769
11770
11771
11772
11773
11774
11775
11778
11779
11780
11782
11784
11785
11786
11788
11790
11791
11792
11795
11796
11799
11802
11803
11804
11806
11807
11808
11809
11810
11811
11814
11817
11818
11819
11822
11823
11824
11825
11827
11828
11829
11830
11831
11834
11835
11837
11838
11839
11840
11841
11842
11843
11846
11847
11848
11849
11852
11853
11854
11856
11857
11859
11861
11862
11863
11864
11865
11866
11867
11868
11870
11871
11872
11873
11874
11875
11877
11878
11880
11886
11889
11890
11891
11892
11893
11894
11895
11897
11901
11903
11906
11908
11909
11910
11912
11914
11915
11918
11919
11920
11921
11922
11923
11924
11925
11926
11927
11928
11929
11933
11934
11935
11936
11940
11942
11949
11951
11952
11954
11955
11956
11957
11958
11959
11960
11962
11963
11964
11965
11967
11970
11971
11973
11975
11978
11979
11981
11984
11985
11986
11987
11988
11996
11997
11998
11999
12000
12001
12003
12004
12005
12006
12007
12010
12012
12013
12015
12016
12017
12018
12019
12020
12021
12022
12024
12025
12026
12027
12030
12031
12032
12035
12036
12038
12039
12040
12041
12043
12047
12051
12055
12057
12058
12059
12060
12061
12062
12063
12065
12066
12067
12068
12069
12071
12073
12074
12076
12077
12078
12081
12082
12083
12085
12086
12087
12089
12093
12094
12097
12098
12099
12100
12103
12104
12105
12106
12107
12108
12109
12110
12111
12112
12114
12115
12116
12117
12119
12120
12122
12130
12132
12134
12137
12138
12139
12140
12141
12142
12145
12147
12148
12149
12152
12153
12156
12158
12160
12163
12164
12166
12167
12169
12170
12171
12172
12174
12177
12178
12179
12180
12181
12182
12184
12185
12187
12188
12189
12190
12194
12195
12196
12197
12198
12199
12200
12201
12202
12204
12205
12206
12207
12208
12210
12211
12212
12213
12214
12215
12217
12218
12219
12220
12221
12222
12225
12226
12227
12229
12230
12231
12232
12236
12237
12239
12241
12245
12246
12247
12251
12252
12253
12254
12256
12259
12261
12262
12263
12264
12268
12270
12271
12273
12276
12278
12280
12282
12283
12285
12286
12288
12289
12290
12291
12294
12297
12298
12299
12300
12301
12302
12303
12309
12310
12311
12312
12313
12316
12318
12319
12320
12321
12322
12323
12324
12325
12326
12327
12329
12330
12331
12332
12335
12337
12339
12342
12343
12345
12346
12347
12348
12349
12350
12352
12358
12362
12364
12365
12366
12367
12368
12370
12371
12372
12373
12374
12375
12376
12378
12379
12383
12386
12387
12389
12391
12394
12395
12396
12397
12398
12399
12400
12402
12403
12404
12405
12406
12408
12410
12411
12412
12413
12415
12416
12417
12418
12419
12422
12426
12427
12428
12430
12431
12432
12433
12434
12437
12438
12440
12441
12442
12445
12447
12449
12450
12451
12452
12453
12456
12457
12460
12461
12462
12463
12465
12466
12467
12468
12469
12470
12472
12474
12475
12479
12480
12481
12482
12483
12484
12486
12488
12490
12492
12495
12497
12498
12499
12500
12501
12504
12505
12506
12508
12509
12510
12511
12513
12514
12515
12516
12517
12518
12519
12522
12523
12524
12525
12526
12527
12529
12530
12533
12534
12535
12536
12541
12543
12544
12545
12547
12549
12551
12552
12553
12556
12557
12562
12563
12565
12568
12569
12570
12571
12573
12574
12575
12576
12577
12578
12579
12580
12581
12582
12583
12585
12586
12588
12589
12590
12592
12593
12594
12595
12596
12599
12604
12605
12606
12607
12608
12610
12611
12612
12613
12614
12616
12617
12618
12621
12622
12623
12624
12625
12626
12627
12628
12629
12631
12633
12634
12637
12639
12641
12642
12644
12646
12647
12652
12656
12660
12661
12662
12664
12665
12666
12667
12668
12669
12670
12671
12672
12673
12675
12676
12678
12680
12681
12683
12684
12685
12690
12693
12695
12696
12698
12699
12701
12702
12703
12704
12705
12708
12710
12712
12713
12715
12717
12718
12719
12720
12721
12722
12723
12724
12725
12726
12727
12729
12730
12731
12732
12733
12734
12735
12736
12738
12741
12742
12743
12744
12745
12746
12747
12749
12750
12752
12753
12761
12762
12766
12767
12768
12769
12770
12771
12772
12773
12774
12775
12776
12777
12779
12780
12781
12783
12785
12786
12787
12788
12789
12790
12791
12793
12794
12795
12796
12799
12804
12805
12807
12808
12810
12811
12812
12816
12817
12818
12819
12820
12821
12822
12823
12824
12826
12828
12829
12830
12831
12832
12833
12834
12836
12839
12840
12841
12842
12843
12845
12846
12847
12850
12851
12852
12853
12854
12855
12856
12858
12859
12860
12861
12862
12863
12864
12867
12868
12871
12872
12873
12874
12875
12877
12878
12880
12881
12882
12883
12885
12888
12890
12892
12893
12895
12896
12897
12898
12900
12901
12907
12909
12910
12913
12915
12919
12920
12922
12924
12925
12926
12927
12928
12931
12933
12934
12935
12937
12938
12939
12940
12941
12942
12943
12945
12947
12948
12949
12950
12953
12954
12955
12956
12957
12958
12959
12960
12961
12962
12965
12966
12968
12976
12977
12978
12979
12981
12982
12983
12987
12988
12989
12990
12992
12993
12995
12996
12997
12998
13000
13001
13002
13003
13004
13005
13006
13007
13008
13010
13011
13012
13013
13015
13022
13023
13025
13027
13028
13029
13030
13031
13032
13033
13034
13036
13037
13039
13040
13045
13046
13047
13048
13050
13051
13052
13053
13056
13057
13059
13061
13063
13064
13065
13066
13067
13068
13069
13070
13072
13073
13074
13077
13078
13079
13080
13082
13083
13084
13085
13088
13091
13092
13094
13095
13096
13097
13098
13101
13102
13105
13107
13108
13109
13113
13114
13115
13119
13120
13121
13122
13124
13125
13126
13128
13129
13130
13133
13134
13137
13138
13139
13140
13141
13142
13145
13146
13151
13152
13154
13155
13156
13157
13158
13160
13163
13165
13166
13167
13172
13178
13180
13187
13188
13189
13190
13192
13193
13194
13195
13196
13198
13199
13200
13201
13202
13203
13205
13206
13207
13208
13209
13210
13211
13212
13213
13214
13217
13218
13219
13221
13222
13223
13224
13232
13233
13234
13235
13236
13237
13238
13239
13240
13241
13244
13247
13248
13249
13250
13251
13253
13254
13255
13256
13257
13261
13262
13263
13264
13265
13268
13271
13272
13273
13274
13277
13279
13280
13281
13282
13285
13288
13290
13291
13292
13293
13294
13295
13297
13298
13299
13301
13302
13303
13305
13307
13310
13311
13312
13316
13317
13319
13320
13325
13326
13327
13328
13329
13335
13336
13337
13340
13341
13342
13347
13350
13351
13356
13361
13364
13367
13370
13374
13376
13377
13380
13381
13384
13386
13389
13393
13394
13395
13396
13398
13401
13403
13404
13405
13406
13407
13410
13416
13417
13420
13421
13424
13425
13426
13427
13428
13429
13430
13431
13433
13435
13437
13438
13439
13440
13441
13442
13443
13444
13445
13447
13449
13450
13451
13453
13454
13455
13458
13459
13460
13461
13462
13464
13467
13468
13469
13470
13471
13473
13474
13476
13477
13479
13480
13482
13484
13490
13491
13492
13494
13495
13496
13498
13500
13502
13503
13504
13506
13507
13508
13510
13512
13513
13514
13515
13516
13518
13519
13520
13521
13522
13523
13524
13525
13526
13527
13528
13529
13531
13532
13533
13535
13538
13539
13540
13541
13543
13545
13546
13547
13548
13549
13554
13555
13556
13557
13558
13559
13561
13563
13564
13565
13566
13568
13573
13574
13575
13579
13580
13583
13584
13587
13589
13591
13592
13593
13594
13595
13597
13599
13600
13601
13602
13604
13605
13606
13608
13609
13614
13615
13616
13619
13620
13622
13623
13624
13625
13626
13627
13628
13629
13631
13632
13633
13634
13635
13639
13641
13642
13645
13647
13652
13653
13654
13655
13656
13658
13659
13660
13661
13662
13664
13665
13668
13669
13670
13671
13672
13673
13675
13677
13678
13679
13682
13684
13685
13688
13690
13691
13692
13693
13695
13696
13697
13699
13700
13701
13702
13704
13705
13706
13707
13708
13709
13710
13711
13712
13713
13714
13715
13717
13718
13719
13720
13721
13722
13724
13727
13728
13729
13731
13733
13734
13735
13736
13737
13738
13740
13743
13744
13745
13747
13748
13751
13752
13757
13759
13760
13762
13763
13764
13766
13767
13769
13770
13771
13774
13775
13779
13781
13783
13784
13786
13792
13793
13798
13802
13803
13809
13810
13812
13815
13818
13819
13822
13824
13825
13826
13827
13831
13832
13834
13837
13838
13839
13842
13843
13844
13847
13848
13849
13850
13851
13852
13853
13854
13857
13858
13859
13860
13863
13866
13867
13868
13869
13870
13871
13872
13873
13874
13876
13877
13878
13879
13880
13881
13882
13883
13884
13887
13889
13890
13892
13893
13896
13897
13898
13899
13900
13901
13902
13903
13904
13905
13907
13908
13909
13910
13911
13914
13915
13916
13917
13918
13919
13920
13921
13922
13923
13924
13926
13927
13928
13929
13930
13931
13932
13933
13934
13935
13936
13937
13938
13940
13941
13943
13944
13945
13947
13948
13949
13952
13953
13954
13955
13956
13957
13958
13961
13963
13966
13967
13968
13969
13970
13972
13974
13975
13976
13977
13978
13979
13981
13982
13983
13985
13987
13988
13989
13990
13993
13994
13995
13999
14000
14001
14002
14003
14004
14005
14006
14007
14009
14011
14012
14015
14017
14019
14020
14021
14022
14024
14025
14027
14028
14029
14033
14034
14035
14036
14037
14038
14040
14041
14042
14043
14045
14046
14048
14049
14050
14052
14053
14054
14055
14056
14058
14059
14060
14063
14064
14065
14068
14069
14070
14073
14074
14078
14080
14081
14082
14083
14084
14085
14086
14087
14088
14089
14090
14095
14096
14097
14100
14106
14108
14109
14111
14113
14114
14115
14116
14117
14121
14122
14124
14125
14129
14130
14131
14132
14133
14134
14136
14137
14139
14141
14142
14143
14145
14146
14147
14148
14153
14154
14155
14156
14157
14159
14160
14161
14162
14163
14165
14171
14172
14173
14174
14175
14177
14179
14180
14181
14183
14185
14186
14187
14189
14190
14191
14193
14194
14196
14197
14198
14199
14200
14205
14206
14209
14213
14214
14215
14216
14219
14223
14224
14226
14228
14229
14230
14231
14234
14236
14237
14238
14239
14241
14244
14245
14249
14252
14253
14254
14257
14258
14259
14262
14266
14267
14270
14272
14273
14275
14278
14282
14283
14284
14286
14288
14290
14291
14292
14293
14297
14298
14300
14301
14302
14304
14305
14306
14307
14308
14310
14311
14312
14315
14316
14317
14318
14319
14320
14321
14322
14323
14324
14326
14327
14328
14329
14330
14332
14333
14334
14335
14336
14337
14338
14341
14343
14345
14346
14347
14352
14353
14354
14356
14357
14358
14360
14363
14365
14368
14369
14370
14371
14373
14375
14376
14378
14380
14384
14388
14390
14391
14393
14394
14396
14398
14399
14400
14403
14404
14407
14408
14409
14413
14414
14415
14416
14417
14418
14419
14421
14423
14424
14425
14426
14427
14428
14429
14431
14432
14434
14436
14437
14440
14445
14446
14447
14449
14452
14453
14455
14456
14457
14458
14459
14460
14462
14464
14465
14466
14467
14469
14470
14471
14473
14474
14480
14481
14482
14483
14484
14486
14487
14488
14489
14492
14493
14495
14496
14498
14499
14500
14501
14502
14503
14504
14506
14508
14509
14511
14512
14513
14515
14516
14517
14520
14521
14522
14525
14526
14527
14528
14529
14530
14531
14532
14533
14534
14535
14539
14540
14543
14546
14549
14550
14551
14554
14557
14560
14562
14563
14564
14565
14566
14567
14569
14570
14571
14572
14573
14574
14575
14576
14577
14579
14580
14582
14583
14584
14586
14587
14589
14590
14591
14593
14595
14596
14597
14598
14599
14600
14601
14602
14604
14605
14608
14609
14613
14614
14615
14616
14617
14619
14620
14621
14622
14623
14624
14626
14628
14629
14631
14632
14633
14634
14635
14636
14637
14639
14640
14641
14642
14643
14644
14646
14648
14649
14650
14651
14656
14657
14659
14661
14663
14664
14669
14670
14671
14673
14674
14675
14676
14677
14682
14684
14686
14687
14688
14689
14693
14696
14697
14699
14700
14701
14703
14704
14705
14708
14709
14710
14711
14713
14717
14719
14723
14725
14726
14727
14728
14729
14730
14731
14733
14734
14735
14738
14740
14741
14742
14743
14744
14745
14747
14748
14749
14750
14751
14753
14754
14755
14756
14757
14758
14761
14763
14766
14767
14769
14773
14774
14775
14777
14781
14784
14785
14789
14790
14795
14800
14801
14802
14803
14804
14805
14806
14808
14809
14810
14812
14813
14814
14815
14816
14817
14818
14819
14820
14821
14822
14824
14825
14826
14829
14830
14832
14833
14834
14836
14837
14839
14840
14841
14843
14844
14845
14846
14847
14849
14850
14851
14852
14853
14854
14855
14857
14859
14860
14861
14862
14863
14865
14866
14868
14870
14871
14873
14874
14875
14876
14877
14879
14880
14881
14882
14883
14884
14888
14890
14892
14893
14895
14896
14898
14899
14900
14903
14904
14905
14906
14907
14910
14912
14913
14914
14917
14918
14919
14920
14922
14923
14925
14926
14927
14929
14930
14932
14933
14934
14935
14937
14940
14943
14945
14946
14947
14950
14951
14952
14953
14954
14956
14957
14958
14959
14960
14961
14962
14964
14965
14966
14967
14968
14969
14971
14972
14973
14974
14975
14979
14980
14985
14988
14989
14991
14993
14994
14995
14996
15006
15007
15008
15012
15013
15014
15017
15018
15019
15022
15024
15026
15027
15029
15030
15031
15034
15035
15040
15041
15042
15044
15047
15048
15051
15053
15056
15059
15060
15061
15064
15068
15069
15070
15071
15072
15073
15076
15079
15080
15082
15083
15087
15089
15091
15093
15095
15096
15097
15098
15099
15100
15101
15104
15106
15107
15108
15111
15112
15113
15114
15116
15117
15118
15120
15121
15126
15127
15128
15129
15130
15131
15132
15133
15140
15144
15145
15147
15148
15150
15152
15153
15154
15155
15156
15158
15159
15160
15161
15167
15169
15170
15171
15174
15175
15176
15177
15178
15180
15181
15182
15183
15185
15186
15188
15189
15190
15192
15193
15194
15196
15199
15200
15201
15202
15203
15206
15207
15208
15209
15210
15211
15213
15214
15215
15218
15220
15221
15223
15224
15225
15226
15228
15229
15230
15231
15232
15234
15235
15236
15237
15238
15240
15241
15242
15243
15244
15246
15247
15248
15249
15250
15251
15253
15254
15258
15260
15265
15266
15267
15269
15271
15275
15276
15278
15279
15280
15282
15283
15284
15285
15286
15287
15289
15290
15291
15293
15294
15297
15298
15300
15304
15305
15306
15308
15309
15310
15311
15312
15314
15316
15317
15321
15322
15325
15329
15330
15331
15332
15333
15334
15336
15337
15338
15343
15344
15345
15347
15348
15350
15351
15352
15353
15355
15357
15358
15359
15360
15361
15362
15363
15364
15365
15367
15368
15369
15370
15371
15372
15373
15375
15376
15377
15378
15379
15380
15381
15382
15387
15390
15391
15392
15393
15394
15395
15396
15397
15399
15400
15401
15403
15404
15405
15406
15407
15408
15410
15413
15415
15417
15418
15420
15422
15423
15426
15427
15428
15430
15431
15432
15434
15435
15439
15441
15444
15446
