101661
101662
101663
101665
101668
101669
101670
101671
101672
101674
101675
101677
101680
101681
101682
101683
101684
101685
101686
101690
101691
101693
101694
101695
101696
101697
101698
101699
101701
101703
101704
101708
101709
101711
101712
101713
101714
101715
101716
101717
101718
101719
101720
101721
101722
101723
101724
101725
101726
101728
101729
101730
101731
101732
101733
101734
101735
101736
101738
101739
101741
101744
101746
101747
101748
101749
101750
101754
101757
101758
101759
101760
101761
101762
101763
101764
101766
101767
101769
101773
101774
101775
101776
101777
101778
101779
101780
101781
101782
101784
101785
101789
101790
101791
101792
101793
101794
101798
101799
101800
101801
101804
101810
101811
101812
101816
101817
101818
101819
101822
101823
101824
101826
101827
101828
101829
101830
101831
101832
101833
101834
101835
101836
101837
101838
101841
101842
101844
101845
101846
101847
101848
101849
101852
101853
101854
101856
101857
101858
101859
101863
101864
101865
101868
101870
101871
101872
101874
101875
101876
101877
101878
101879
101880
101881
101882
101883
101886
101888
101889
101890
101891
101892
101893
101894
101895
101896
101897
101898
101899
101900
101902
101904
101907
101908
101909
101910
101911
101912
101914
101915
101916
101917
101918
101919
101922
101924
101925
101926
101928
101930
101931
101932
101933
101934
101935
101936
101939
101940
101941
101942
101943
101944
101945
101946
101947
101949
101950
101951
101954
101956
101957
101959
101960
101961
101962
101965
101966
101968
101970
101971
101972
101973
101974
101975
101976
101977
101978
101980
101981
101982
101983
101984
101985
101986
101987
101988
101990
101991
101992
101993
101994
101995
101996
101997
101998
101999
102000
102001
102002
102004
102005
102006
102007
102008
102009
102010
102011
102012
102013
102015
102016
102017
102019
102020
102021
102023
102024
102027
102029
102030
102031
102032
102033
102034
102036
102039
102040
102041
102042
102043
102044
102046
102047
102048
102049
102050
102051
102053
102054
102055
102056
102057
102058
102059
102060
102061
102062
102063
102064
102066
102071
102072
102073
102074
102077
102078
102079
102080
102081
102082
102083
102085
102086
102087
102088
102089
102090
102092
102093
102095
102097
102100
102101
102102
102105
102106
102107
102109
102110
102111
102112
102113
102114
102115
102118
102119
102120
102122
102123
102124
102125
102126
102127
102128
102129
102130
102131
102132
102133
102137
102140
102141
102144
102145
102147
102148
102149
102151
102152
102153
102154
102155
102156
102157
102158
102159
102160
102161
102163
102165
102166
102167
102169
102170
102171
102173
102175
102176
102178
102179
102180
102182
102183
102184
102187
102188
102189
102190
102191
102193
102194
102196
102197
102198
102200
102201
102202
102203
102204
102205
102206
102207
102208
102209
102210
102211
102212
102213
102214
102215
102217
102218
102219
102220
102221
102223
102225
102226
102227
102228
102229
102230
102231
102232
102233
102235
102236
102238
102239
102242
102243
102244
102245
102247
102248
102251
102255
102259
102261
102262
102263
102264
102265
102267
102268
102269
102270
102271
102273
102275
102276
102277
102279
102280
102281
102283
102284
102285
102287
102288
102289
102290
102292
102295
102296
102297
102298
102299
102300
102301
102302
102303
102304
102306
102307
102308
102309
102311
102312
102313
102314
102315
102316
102317
102318
102319
102320
102321
102322
102323
102325
102326
102327
102328
102330
102331
102333
102334
102335
102336
102337
102338
102340
102341
102343
102345
102346
102347
102348
102349
102350
102351
102352
102353
102354
102355
102356
102358
102359
102360
102361
102362
102365
102366
102367
102368
102369
102371
102373
102374
102376
102378
102380
102383
102384
102385
102387
102388
102389
102390
102391
102392
102393
102394
102397
102399
102402
102403
102404
102407
102408
102409
102410
102411
102413
102414
102415
102416
102417
102418
102419
102421
102423
102424
102425
102426
102427
102428
102429
102431
102432
102433
102434
102437
102438
102439
102441
102445
102446
102447
102448
102451
102452
102455
102457
102459
102460
102461
102462
102463
102464
102465
102466
102468
102469
102470
102472
102473
102476
102477
102478
102479
102480
102481
102482
102483
102484
102485
102486
102487
102488
102489
102490
102491
102492
102493
102494
102495
102496
102497
102498
102499
102500
102501
102502
102504
102505
102507
102509
102510
102512
102513
102515
102516
102517
102518
102519
102520
102522
102524
102525
102526
102527
102530
102532
102533
102534
102535
102536
102539
102540
102542
102544
102545
102546
102547
102549
102551
102552
102554
102555
102557
102559
102562
102563
102565
102566
102567
102569
102571
102572
102574
102575
102576
102577
102578
102580
102582
102583
102585
102586
102587
102588
102589
102590
102591
102592
102593
102597
102599
102600
102602
102603
102605
102606
102607
102610
102611
102613
102614
102617
102618
102619
102622
102623
102625
102626
102627
102630
102632
102636
102637
102638
102641
102643
102644
102645
102647
102648
102650
102651
102652
102653
102654
102659
102660
102661
102662
102663
102664
102666
102667
102668
102669
102670
102671
102673
102674
102675
102676
102679
102680
102683
102684
102685
102686
102687
102688
102689
102690
102691
102694
102697
102699
102700
102702
102703
102705
102706
102707
102708
102709
102710
102711
102712
102714
102715
102716
102717
102718
102719
102720
102722
102723
102724
102727
102728
102729
102731
102732
102733
102734
102735
102736
102737
102738
102739
102740
102742
102743
102744
102745
102747
102748
102749
102750
102753
102754
102756
102758
102759
102761
102762
102763
102765
102766
102767
102768
102770
102771
102772
102774
102775
102776
102777
102778
102779
102780
102781
102782
102784
102785
102787
102788
102789
102792
102793
102794
102795
102797
102799
102801
102802
102803
102804
102805
102806
102808
102809
102810
102811
102812
102813
102814
102815
102816
102818
102819
102820
102821
102823
102824
102825
102827
102828
102829
102830
102831
102832
102833
102834
102835
102836
102838
102839
102840
102841
102842
102843
102844
102845
102846
102847
102848
102850
102851
102852
102853
102854
102856
102857
102858
102859
102860
102861
102862
102863
102865
102866
102867
102870
102872
102875
102876
102877
102878
102879
102880
102881
102883
102886
102888
102889
102890
102892
102893
102894
102895
102896
102897
102899
102900
102903
102904
102905
102907
102908
102909
102910
102912
102913
102914
102915
102916
102917
102918
102919
102920
102921
102922
102924
102925
102926
102928
102929
102930
102933
102936
102937
102939
102940
102941
102942
102943
102944
102945
102946
102947
102948
102950
102951
102953
102954
102956
102958
102960
102962
102963
102964
102967
102968
102969
102970
102971
102973
102974
102975
102976
102977
102979
102980
102981
102982
102983
102984
102985
102986
102987
102988
102990
102992
102993
102996
102999
103001
103002
103003
103004
103005
103006
103008
103009
103010
103011
103013
103014
103015
103016
103018
103019
103020
103021
103025
103026
103027
103028
103029
103030
103031
103032
103033
103034
103035
103037
103038
103040
103041
103042
103044
103046
103047
103048
103049
103051
103052
103053
103057
103058
103059
103060
103061
103062
103063
103064
103065
103068
103069
103070
103071
103072
103073
103074
103076
103077
103078
103079
103080
103081
103085
103088
103089
103090
103091
103092
103093
103094
103096
103098
103099
103100
103101
103102
103103
103104
103105
103106
103107
103108
103109
103110
103111
103112
103114
103115
103116
103117
103118
103119
103120
103122
103124
103126
103127
103128
103129
103130
103131
103136
103137
103138
103139
103140
103141
103143
103144
103145
103146
103147
103148
103149
103150
103151
103152
103153
103155
103156
103157
103158
103160
103161
103162
103163
103165
103166
103167
103168
103171
103172
103173
103175
103176
103177
103178
103180
103181
103183
103185
103186
103187
103188
103191
103192
103193
103195
103197
103198
103199
103200
103203
103204
103205
103206
103207
103208
103209
103210
103211
103213
103214
103215
103216
103217
103218
103220
103221
103222
103223
103224
103225
103227
103228
103229
103230
103231
103232
103233
103234
103235
103236
103238
103239
103240
103241
103242
103245
103246
103247
103248
103249
103250
103251
103252
103254
103256
103257
103258
103260
103261
103262
103264
103265
103266
103268
103269
103271
103272
103274
103275
103278
103279
103280
103281
103283
103287
103288
103289
103290
103291
103292
103293
103294
103295
103296
103297
103298
103299
103302
103303
103304
103306
103308
103309
103310
103313
103314
103316
103317
103318
103319
103320
103321
103322
103323
103324
103325
103326
103327
103328
103329
103331
103333
103334
103335
103336
103338
103339
103342
103343
103344
103346
103347
103348
103349
103350
103351
103352
103353
103354
103355
103356
103359
103360
103361
103362
103365
103366
103367
103368
103370
103371
103372
103373
103374
103375
103378
103379
103381
103382
103383
103384
103386
103387
103388
103389
103390
103391
103392
103393
103394
103395
103396
103397
103398
103399
103400
103401
103402
103403
103404
103406
103407
103409
103410
103411
103413
103414
103415
103416
103418
103419
103420
103421
103423
103424
103426
103428
103429
103430
103431
103432
103433
103434
103435
103436
103437
103438
103440
103443
103444
103446
103447
103448
103449
103452
103453
103454
103457
103460
103461
103463
103464
103465
103466
103467
103469
103470
103471
103474
103475
103476
103479
103481
103482
103483
103484
103485
103486
103487
103488
103489
103490
103491
103492
103493
103495
103496
103497
103498
103501
103502
103503
103504
103507
103509
103511
103512
103513
103515
103517
103518
103520
103521
103523
103524
103525
103526
103527
103528
103529
103530
103532
103533
103534
103535
103536
103537
103538
103539
103540
103541
103543
103544
103545
103549
103550
103551
103552
103553
103554
103555
103558
103559
103560
103561
103562
103564
103566
103567
103568
103570
103571
103572
103574
103575
103576
103577
103580
103581
103582
103583
103584
103585
103587
103588
103589
103590
103592
103594
103595
103596
103598
103600
103602
103604
103605
103608
103609
103610
103611
103612
103614
103615
103616
103617
103618
103619
103620
103621
103623
103624
103625
103626
103627
103628
103629
103632
103633
103634
103636
103637
103640
103641
103643
103644
103645
103646
103647
103648
103649
103650
103651
103653
103654
103655
103656
103657
103658
103659
103661
103662
103663
103665
103666
103667
103668
103669
103672
103673
103675
103676
103677
103678
103679
103680
103681
103682
103683
103684
103686
103687
103689
103692
103693
103694
103695
103696
103698
103699
103701
103702
103703
103704
103705
103706
103708
103709
103710
103711
103712
103715
103716
103717
103718
103719
103720
103721
103722
103723
103724
103725
103726
103727
103729
103732
103733
103734
103735
103736
103737
103738
103739
103741
103742
103743
103744
103745
103747
103748
103749
103750
103752
103753
103754
103755
103756
103757
103759
103760
103761
103763
103765
103769
103770
103771
103772
103773
103774
103775
103776
103777
103778
103779
103781
103782
103784
103788
103789
103791
103792
103793
103794
103795
103797
103798
103800
103801
103804
103805
103806
103807
103808
103812
103813
103814
103815
103816
103817
103819
103820
103821
103822
103823
103825
103826
103827
103828
103829
103830
103832
103833
103834
103835
103837
103839
103840
103841
103843
103844
103845
103846
103847
103848
103849
103854
103856
103857
103859
103861
103862
103863
103864
103865
103866
103868
103870
103871
103872
103873
103874
103875
103877
103878
103880
103882
103884
103886
103887
103889
103890
103892
103893
103894
103895
103897
103898
103899
103900
103902
103903
103904
103905
103906
103908
103911
103912
103913
103914
103915
103917
103919
103920
103921
103922
103923
103926
103927
103928
103929
103930
103931
103932
103933
103937
103939
103940
103941
103942
103944
103945
103946
103947
103948
103951
103953
103954
103955
103956
103957
103958
103959
103960
103962
103965
103966
103968
103970
103972
103973
103974
103975
103976
103977
103979
103980
103981
103982
103983
103984
103985
103986
103987
103988
103990
103991
103992
103993
103995
103997
103998
104000
104001
104002
104003
104006
104008
104009
104010
104011
104012
104013
104014
104016
104017
104019
104020
104021
104022
104023
104024
104025
104026
104028
104030
104031
104033
104036
104037
104038
104039
104041
104042
104043
104044
104045
104047
104048
104049
104050
104051
104052
104053
104054
104055
104060
104061
104062
104063
104065
104066
104067
104069
104070
104071
104073
104074
104075
104076
104077
104078
104079
104080
104082
104084
104085
104087
104088
104089
104090
104091
104092
104093
104094
104095
104096
104097
104100
104101
104102
104103
104104
104105
104106
104107
104110
104111
104112
104113
104117
104118
104119
104120
104121
104122
104123
104124
104127
104128
104129
104131
104132
104133
104135
104137
104138
104139
104140
104141
104143
104144
104146
104147
104148
104149
104150
104153
104154
104156
104157
104158
104161
104162
104163
104164
104165
104166
104167
104168
104170
104171
104172
104173
104174
104175
104176
104179
104180
104181
104185
104186
104187
104191
104193
104196
104197
104198
104199
104200
104201
104202
104203
104205
104207
104208
104209
104210
104211
104212
104214
104215
104216
104217
104219
104221
104222
104224
104225
104227
104229
104231
104232
104233
104235
104236
104237
104239
104241
104242
104245
104246
104248
104250
104252
104253
104254
104255
104256
104257
104258
104260
104263
104264
104266
104267
104269
104270
104271
104273
104275
104277
104278
104281
104282
104284
104288
104289
104290
104293
104294
104296
104298
104299
104300
104302
104303
104304
104305
104306
104308
104309
104311
104313
104314
104315
104316
104317
104318
104320
104321
104322
104324
104325
104326
104327
104328
104329
104330
104333
104335
104336
104338
104340
104341
104342
104343
104345
104347
104349
104351
104352
104353
104354
104355
104356
104357
104358
104360
104365
104366
104367
104369
104371
104373
104374
104378
104379
104382
104383
104384
104387
104389
104390
104391
104392
104393
104394
104395
104396
104397
104398
104399
104400
104401
104402
104403
104405
104406
104407
104408
104410
104411
104413
104417
104418
104419
104420
104421
104422
104423
104425
104426
104428
104429
104431
104434
104435
104436
104437
104438
104440
104445
104447
104448
104449
104451
104453
104454
104455
104457
104458
104459
104461
104464
104466
104467
104468
104469
104471
104473
104476
104477
104478
104480
104481
104482
104483
104484
104486
104489
104490
104491
104493
104494
104495
104496
104498
104499
104501
104503
104504
104506
104507
104508
104509
104512
104513
104514
104515
104516
104517
104518
104519
104520
104521
104522
104523
104527
104529
104530
104531
104533
104534
104536
104537
104539
104540
104541
104542
104544
104546
104549
104550
104551
104552
104553
104554
104555
104556
104557
104558
104559
104560
104561
104564
104565
104566
104567
104568
104570
104572
104573
104575
104576
104578
104579
104580
104582
104584
104585
104586
104587
104588
104589
104591
104592
104593
104594
104597
104598
104599
104600
104601
104602
104604
104605
104606
104607
104608
104609
104610
104611
104612
104615
104616
104617
104618
104619
104620
104621
104622
104624
104625
104627
104628
104629
104630
104631
104632
104633
104635
104636
104637
104642
104644
104645
104646
104647
104648
104649
104650
104652
104653
104654
104655
104656
104657
104658
104660
104661
104662
104666
104669
104673
104674
104675
104676
104677
104679
104680
104681
104682
104683
104684
104685
104686
104688
104693
104694
104695
104696
104697
104698
104699
104701
104702
104703
104705
104707
104708
104712
104714
104716
104717
104718
104719
104720
104721
104722
104723
104726
104727
104728
104729
104730
104731
104732
104733
104735
104736
104738
104739
104740
104741
104742
104743
104745
104748
104750
104751
104753
104754
104755
104756
104759
104760
104761
104763
104765
104766
104768
104771
104772
104773
104774
104775
104776
104777
104779
104782
104783
104786
104787
104788
104789
104790
104791
104792
104794
104795
104796
104797
104798
104799
104800
104802
104804
104805
104807
104808
104809
104811
104812
104813
104814
104815
104816
104818
104820
104823
104825
104826
104828
104829
104830
104833
104834
104835
104836
104837
104838
104839
104840
104841
104842
104843
104845
104846
104847
104848
104849
104850
104852
104853
104854
104855
104857
104858
104861
104863
104864
104865
104866
104867
104868
104870
104871
104872
104874
104876
104877
104878
104879
104880
104881
104882
104883
104884
104888
104889
104891
104892
104895
104896
104897
104898
104904
104905
104907
104908
104909
104911
104912
104913
104914
104915
104916
104917
104918
104919
104920
104921
104923
104924
104925
104927
104929
104930
104931
104933
104935
104936
104938
104939
104940
104941
104942
104945
104946
104947
104948
104949
104950
104953
104954
104956
104957
104958
104959
104960
104962
104963
104964
104965
104969
104970
104971
104972
104973
104974
104975
104976
104977
104979
104980
104981
104982
104983
104984
104985
104986
104987
104989
104990
104991
104992
104993
104996
104997
104998
104999
105000
105002
105003
105004
105005
105006
105007
105008
105009
105010
105011
105012
105013
105014
105018
105020
105021
105022
105024
105025
105026
105027
105028
105029
105030
105032
105033
105034
105035
105036
105037
105038
105040
105041
105043
105045
105046
105048
105050
105051
105053
105054
105055
105056
105057
105059
105060
105061
105063
105064
105066
105067
105068
105069
105070
105071
105072
105074
105075
105077
105078
105079
105081
105083
105086
105087
105088
105089
105090
105091
105092
105093
105096
105098
105099
105102
105103
105104
105105
105108
105110
105112
105113
105114
105116
105117
105118
105119
105120
105121
105123
105124
105126
105129
105130
105132
105133
105135
105137
105139
105142
105143
105144
105145
105147
105148
105149
105151
105152
105153
105154
105156
105157
105159
105160
105161
105163
105164
105166
105167
105168
105169
105170
105171
105175
105176
105177
105178
105179
105182
105183
105184
105185
105187
105188
105190
105191
105192
105193
105194
105195
105197
105198
105199
105200
105201
105202
105204
105205
105206
105207
105209
105210
105212
105213
105214
105215
105218
105219
105220
105221
105222
105224
105225
105226
105228
105230
105233
105234
105235
105236
105237
105242
105243
105244
105247
105248
105249
105250
105251
105253
105255
105256
105257
105259
105260
105261
105262
105263
105264
105267
105268
105269
105270
105271
105273
105274
105275
105276
105277
105278
105280
105281
105283
105284
105285
105286
105287
105288
105289
105290
105291
105292
105293
105294
105298
105299
105300
105301
105302
105304
105305
105307
105308
105312
105315
105316
105317
105319
105321
105322
105323
105326
105327
105328
105329
105330
105331
105332
105335
105336
105338
105339
105340
105341
105342
105343
105344
105345
105347
105348
105350
105351
105352
105353
105354
105355
105356
105357
105358
105359
105360
105361
105364
105366
105367
105369
105371
105372
105373
105374
105375
105376
105378
105379
105381
105382
105387
105388
105390
105391
105392
105393
105396
105399
105400
105401
105402
105404
105405
105406
105407
105408
105409
105411
105413
105415
105417
105419
105420
105421
105424
105425
105426
105427
105428
105429
105430
105431
105433
105435
105438
105441
105442
105443
105446
105447
105448
105450
105451
105452
105453
105455
105458
105459
105461
105462
105465
105466
105467
105468
105469
105470
105471
105472
105474
105475
105477
105479
105480
105481
105483
105484
105485
105486
105487
105488
105489
105490
105491
105492
105494
105496
105498
105499
105500
105501
105505
105506
105507
105509
105510
105511
105513
105516
105517
105518
105519
105523
105524
105525
105526
105529
105531
105533
105534
105535
105538
105540
105541
105544
105547
105548
105550
105551
105553
105554
105555
105557
105561
105562
105563
105564
105565
105566
105567
105570
105571
105572
105573
105574
105575
105576
105578
105579
105582
105585
105587
105588
105589
105591
105593
105597
105598
105599
105600
105601
105603
105604
105605
105606
105607
105608
105609
105610
105611
105614
105617
105618
105619
105620
105622
105624
105625
105627
105629
105630
105631
105632
105634
105635
105636
105638
105639
105640
105641
105642
105643
105645
105646
105647
105649
105655
105656
105657
105658
105660
105661
105662
105664
105665
105667
105668
105669
105670
105671
105673
105676
105678
105679
105681
105682
105683
105684
105687
105688
105690
105693
105695
105696
105697
105698
105700
105702
105704
105705
105706
105709
105710
105711
105712
105713
105715
105716
105717
105718
105722
105723
105724
105725
105726
105727
105729
105730
105733
105735
105736
105737
105738
105740
105742
105743
105744
105745
105747
105751
105753
105755
105756
105757
105758
105759
105761
105762
105763
105764
105767
105769
105770
105771
105775
105776
105777
105779
105780
105781
105782
105783
105784
105786
105787
105788
105789
105790
105791
105793
105794
105795
105796
105797
105798
105799
105800
105801
105802
105804
105805
105806
105809
105810
105812
105814
105815
105816
105817
105819
105822
105825
105826
105827
105829
105830
105832
105833
105834
105837
105839
105840
105841
105845
105847
105848
105850
105851
105852
105853
105855
105856
105857
105858
105860
105863
105865
105866
105867
105868
105869
105870
105871
105872
105875
105876
105877
105878
105881
105883
105885
105886
105887
105888
105889
105891
105892
105893
105894
105895
105899
105900
105905
105907
105908
105909
105910
105911
105912
105914
105915
105916
105917
105918
105919
105920
105921
105922
105923
105926
105927
105928
105929
105930
105931
105932
105934
105935
105936
105937
105938
105939
105941
105942
105944
105946
105949
105953
105954
105955
105956
105959
105961
105964
105965
105966
105967
105968
105969
105970
105971
105973
105974
105975
105976
105977
105978
105979
105981
105982
105983
105984
105985
105986
105988
105989
105990
105991
105993
105994
105998
105999
106000
106002
106004
106005
106007
106008
106009
106010
106011
106012
106014
106015
106016
106017
106018
106020
106022
106023
106024
106025
106027
106028
106029
106030
106031
106032
106034
106035
106036
106038
106040
106041
106042
106045
106047
106048
106049
106050
106051
106053
106054
106055
106057
106058
106062
106064
106066
106067
106068
106069
106070
106071
106072
106073
106074
106075
106076
106077
106079
106080
106081
106082
106083
106084
106086
106087
106088
106089
106090
106092
106093
106094
106095
106096
106097
106099
106100
106101
106102
106103
106104
106105
106106
106107
106108
106109
106110
106113
106114
106116
106118
106122
106123
106125
106126
106127
106128
106130
106131
106132
106133
106134
106135
106137
106138
106139
106142
106144
106145
106147
106148
106149
106151
106152
106153
106155
106156
106157
106158
106159
106161
106162
106165
106166
106169
106170
106171
106173
106175
106176
106178
106180
106181
106182
106183
106184
106185
106186
106187
106188
106190
106191
106192
106193
106194
106197
106198
106199
106200
106201
106202
106204
106205
106206
106207
106210
106211
106212
106213
106214
106215
106217
106219
106220
106222
106224
106227
106228
106229
106230
106232
106233
106236
106239
106240
106242
106243
106244
106245
106246
106248
106249
106250
106251
106252
106253
106254
106255
106256
106257
106258
106259
106260
106261
106262
106263
106264
106265
106266
106267
106268
106269
106270
106271
106272
106274
106275
106277
106279
106280
106281
106283
106286
106288
106289
106290
106292
106293
106294
106296
106297
106301
106302
106303
106304
106305
106306
106307
106308
106309
106310
106311
106312
106313
106315
106318
106319
106321
106322
106323
106324
106325
106326
106327
106329
106331
106333
106334
106335
106336
106338
106339
106340
106341
106342
106344
106345
106346
106347
106349
106350
106352
106353
106354
106356
106357
106358
106359
106360
106362
106365
106366
106368
106369
106373
106374
106375
106376
106377
106378
106380
106381
106382
106383
106384
106385
106386
106387
106388
106389
106391
106392
106393
106394
106395
106397
106398
106399
106400
106401
106404
106405
106406
106407
106409
106411
106412
106413
106414
106418
106419
106420
106421
106422
106423
106424
106425
106426
106429
106431
106433
106434
106435
106436
106437
106438
106439
106442
106445
106446
106447
106448
106449
106450
106451
106452
106453
106454
106457
106460
106461
106463
106464
106468
106469
106470
106472
106473
106474
106475
106476
106478
106479
106480
106481
106482
106483
106484
106485
106488
106490
106493
106494
106495
106496
106498
106499
106500
106501
106502
106503
106504
106505
106506
106507
106508
106509
106511
106512
106513
106515
106516
106517
106519
106520
106521
106522
106525
106526
106527
106528
106529
106530
106531
106532
106533
106534
106535
106536
106539
106542
106545
106547
106551
106552
106554
106555
106556
106557
106558
106559
106561
106562
106563
106564
106565
106566
106567
106569
106570
106572
106573
106574
106576
106577
106578
106579
106582
106583
106584
106585
106586
106587
106588
106590
106591
106592
106593
106596
106597
106598
106600
106601
106602
106604
106606
106607
106608
106609
106610
106611
106612
106614
106615
106616
106617
106618
106625
106627
106629
106630
106631
106632
106633
106634
106635
106636
106637
106638
106639
106640
106641
106642
106643
106644
106647
106648
106649
106650
106651
106653
106654
106655
106656
106657
106658
106659
106661
106662
106664
106666
106667
106668
106675
106677
106679
106680
106681
106683
106684
106685
106686
106687
106688
106689
106690
106691
106692
106695
106697
106698
106699
106701
106702
106703
106704
106705
106706
106709
106710
106711
106712
106713
106714
106716
106717
106718
106720
106721
106722
106724
106726
106728
106729
106731
106732
106734
106735
106736
106737
106739
106740
106742
106743
106744
106745
106747
106749
106750
106751
106752
106753
106754
106755
106756
106757
106758
106759
106760
106762
106764
106765
106766
106767
106772
106773
106775
106776
106779
106780
106784
106786
106787
106788
106789
106790
106792
106793
106795
106796
106797
106798
106800
106801
106802
106803
106804
106805
106806
106807
106809
106811
106813
106817
106818
106822
106823
106824
106828
106830
106832
106834
106837
106839
106841
106843
106845
106846
106847
106850
106852
106853
106854
106856
106857
106858
106859
106860
106861
106862
106863
106864
106868
106869
106870
106872
106873
106874
106875
106876
106878
106879
106881
106883
106885
106886
106888
106891
106892
106893
106894
106896
106899
106902
106904
106905
106906
106908
106910
106912
106913
106914
106915
106916
106917
106920
106921
106922
106925
106929
106930
106931
106932
106933
106934
106935
106937
106938
106939
106940
106945
106946
106947
106950
106951
106952
106953
106954
106955
106957
106958
106959
106961
106962
106963
106964
106967
106968
106973
106974
106976
106977
106978
106979
106980
106981
106984
106985
106986
106987
106989
106990
106991
106992
106993
106994
106997
106999
107000
107002
107003
107005
107006
107008
107010
107013
107014
107015
107019
107020
107022
107023
107027
107028
107030
107032
107033
107035
107036
107037
107038
107039
107040
107041
107043
107045
107046
107048
107049
107050
107051
107052
107053
107054
107056
107057
107058
107059
107060
107061
107062
107063
107064
107065
107066
107067
107068
107069
107070
107071
107072
107074
107075
107076
107077
107078
107080
107081
107082
107083
107084
107086
107087
107088
107089
107090
107091
107092
107094
107095
107096
107098
107099
107100
107101
107103
107104
107105
107107
107108
107109
107110
107111
107112
107113
107115
107116
107119
107120
107123
107124
107125
107127
107128
107129
107130
107131
107135
107136
107138
107139
107140
107142
107144
107145
107147
107149
107152
107153
107154
107155
107157
107158
107159
107160
107162
107163
107164
107165
107167
107168
107170
107171
107172
107173
107174
107175
107176
107180
107181
107183
107185
107186
107187
107189
107193
107194
107195
107196
107197
107198
107199
107200
107201
107202
107203
107204
107205
107206
107209
107210
107211
107212
107213
107214
107215
107216
107217
107218
107220
107221
107223
107224
107227
107229
107231
107232
107234
107235
107236
107237
107238
107239
107240
107241
107242
107243
107245
107247
107249
107250
107251
107252
107253
107254
107255
107256
107257
107258
107259
107261
107263
107265
107267
107268
107270
107271
107272
107273
107274
107275
107277
107278
107279
107280
107282
107284
107285
107288
107289
107291
107292
107293
107294
107297
107299
107300
107301
107302
107304
107305
107306
107307
107308
107309
107310
107311
107312
107314
107315
107316
107317
107318
107320
107321
107322
107325
107326
107327
107329
107330
107331
107332
107333
107334
107336
107337
107338
107340
107341
107342
107346
107347
107349
107350
107351
107352
107354
107355
107356
107357
107358
107359
107360
107361
107363
107364
107365
107368
107369
107370
107371
107372
107375
107376
107379
107380
107382
107383
107384
107385
107386
107387
107388
107389
107391
107392
107394
107395
107396
107397
107399
107400
107404
107405
107406
107408
107409
107414
107416
107419
107420
107422
107423
107426
107427
107428
107429
107430
107432
107434
107435
107436
107437
107438
107439
107441
107442
107443
107444
107446
107447
107449
107451
107452
107454
107455
107457
107459
107462
107463
107464
107466
107468
107470
107473
107474
107475
107476
107477
107478
107479
107480
107482
107483
107484
107485
107487
107488
107489
107490
107491
107493
107494
107499
107500
107501
107503
107504
107505
107506
107507
107509
107511
107512
107513
107514
107515
107516
107517
107520
107523
107524
107525
107526
107529
107531
107532
107533
107534
107536
107537
107538
107539
107540
107542
107544
107545
107546
107547
107549
107550
107551
107553
107554
107555
107556
107557
107558
107559
107560
107561
107563
107564
107565
107566
107567
107568
107569
107570
107571
107572
107573
107574
107575
107576
107577
107578
107579
107580
107582
107583
107584
107585
107586
107588
107589
107590
107591
107592
107593
107594
107596
107598
107599
107600
107601
107602
107604
107605
107606
107607
107609
107611
107613
107615
107617
107618
107622
107623
107624
107625
107626
107630
107632
107633
107634
107635
107639
107641
107644
107645
107647
107648
107649
107650
107651
107652
107653
107654
107655
107657
107658
107660
107661
107662
107663
107664
107665
107666
107667
107671
107672
107674
107675
107682
107683
107684
107687
107690
107692
107695
107696
107697
107698
107699
107700
107703
107704
107706
107710
107711
107712
107713
107714
107715
107716
107717
107718
107719
107720
107721
107722
107723
107724
107725
107727
107728
107729
107730
107733
107734
107735
107736
107737
107740
107742
107743
107744
107745
107746
107747
107748
107749
107750
107752
107753
107756
107757
107759
107761
107763
107764
107765
107766
107768
107772
107773
107774
107775
107776
107779
107780
107783
107785
107786
107787
107789
107790
107791
107792
107793
107794
107795
107796
107797
107799
107800
107801
107803
107805
107806
107807
107808
107810
107812
107813
107814
107815
107816
107817
107818
107819
107823
107824
107825
107826
107828
107829
107830
107831
107835
107836
107837
107838
107840
107841
107842
107843
107844
107846
107847
107849
107850
107851
107852
107853
107855
107856
107857
107858
107859
107860
107864
107865
107866
107867
107869
107870
107871
107872
107873
107874
107875
107876
107878
107880
107882
107883
107884
107886
107887
107888
107889
107890
107891
107892
107894
107895
107896
107897
107898
107899
107900
107901
107902
107904
107905
107907
107908
107909
107910
107911
107912
107913
107915
107917
107918
107919
107920
107921
107922
107923
107925
107926
107927
107928
107929
107931
107933
107934
107935
107936
107937
107938
107940
107941
107943
107944
107945
107947
107949
107951
107952
107954
107955
107956
107957
107959
107961
107962
107963
107964
107965
107968
107971
107972
107973
107974
107975
107976
107977
107978
107979
107980
107981
107982
107983
107984
107986
107987
107988
107989
107991
107992
107993
107995
107996
107997
107998
107999
108000
108002
108003
108004
108005
108006
108008
108009
108011
108012
108013
108014
108015
108016
108017
108018
108019
108021
108023
108024
108025
108026
108027
108028
108029
108030
108031
108032
108033
108034
108035
108037
108038
108039
108040
108041
108042
108043
108044
108045
108048
108049
108050
108051
108052
108053
108054
108055
108056
108057
108058
108059
108060
108061
108062
108064
108065
108066
108067
108068
108069
108070
108073
108074
108075
108076
108077
108078
108080
108082
108084
108085
108086
108087
108088
108089
108090
108091
108096
108098
108099
108100
108101
108103
108105
108107
108108
108110
108111
108112
108113
108115
108116
108117
108118
108120
108121
108122
108123
108124
108126
108127
108128
108130
108131
108132
108135
108136
108137
108138
108139
108140
108141
108142
108143
108146
108147
108150
108151
108154
108155
108157
108158
108159
108161
108164
108165
108166
108168
108169
108171
108172
108173
108176
108177
108179
108180
108181
108184
108185
108186
108187
108189
108190
108191
108192
108194
108195
108196
108197
108198
108200
108201
108202
108203
108204
108205
108206
108207
108208
108209
108210
108211
108212
108213
108214
108215
108216
108217
108218
108219
108221
108222
108223
108224
108225
108226
108227
108228
108229
108230
108231
108232
108234
108235
108236
108238
108240
108241
108242
108243
108244
108246
108247
108248
108249
108251
108253
108255
108256
108259
108260
108261
108263
108264
108265
108266
108268
108269
108270
108271
108272
108273
108274
108275
108276
108277
108278
108280
108281
108283
108284
108286
108287
108288
108289
108290
108291
108292
108296
108297
108298
108299
108300
108301
108302
108303
108306
108307
108308
108310
108311
108313
108314
108315
108316
108317
108318
108319
108320
108321
108322
108323
108324
108325
108327
108328
108329
108330
108331
108332
108333
108334
108335
108339
108340
108341
108342
108343
108344
108348
108349
108351
108353
108354
108355
108356
108357
108358
108359
108360
108362
108364
108366
108367
108368
108369
108371
108372
108373
108377
108378
108379
108381
108384
108385
108387
108388
108389
108391
108393
108394
108395
108397
108398
108399
108400
108401
108402
108403
108405
108406
108407
108408
108410
108411
108413
108414
108415
108416
108417
108419
108420
108421
108423
108424
108425
108427
108428
108429
108431
108432
108433
108434
108435
108437
108438
108439
108440
108441
108442
108444
108445
108446
108447
108448
108449
108450
108452
108453
108454
108455
108457
108459
108460
108462
108465
108466
108467
108468
108469
108470
108471
108472
108473
108475
108476
108477
108479
108480
108481
108482
108484
108485
108486
108487
108488
108489
108490
108491
108492
108494
108495
108497
108498
108499
108501
108503
108504
108505
108506
108507
108508
108509
108511
108512
108513
108515
108517
108518
108521
108523
108524
108526
108527
108529
108530
108531
108532
108533
108537
108538
108541
108542
108543
108544
108545
108546
108548
108549
108550
108551
108552
108553
108555
108556
108557
108558
108559
108560
108561
108562
108563
108564
108565
108566
108568
108569
108570
108571
108572
108573
108574
108575
108576
108578
108579
108580
108583
108584
108586
108588
108589
108590
108591
108592
108594
108595
108596
108597
108598
108599
108600
108602
108603
108604
108606
108607
108608
108612
108613
108615
108617
108618
108619
108620
108621
108622
108624
108625
108626
108627
108628
108629
108630
108632
108633
108636
108637
108638
108639
108640
108641
108642
108643
108646
108647
108648
108649
108650
108651
108655
108656
108657
108659
108660
108661
108662
108663
108664
108666
108667
108668
108669
108670
108672
108673
108674
108675
108676
108677
108678
108680
108681
108682
108684
108685
108686
108689
108690
108691
108692
108693
108694
108695
108696
108698
108699
108700
108701
108703
108704
108705
108706
108707
108708
108710
108711
108712
108713
108716
108717
108718
108719
108720
108721
108722
108723
108724
108725
108727
108728
108729
108730
108731
108732
108733
108734
108735
108736
108737
108738
108739
108740
108741
108742
108743
108744
108745
108746
108747
108748
108749
108750
108751
108754
108757
108759
108760
108762
108763
108764
108765
108766
108768
108770
108771
108772
108773
108774
108775
108776
108778
108779
108780
108781
108782
108783
108784
108786
108787
108789
108790
108791
108792
108793
108796
108797
108798
108799
108800
108801
108802
108803
108805
108806
108807
108810
108811
108812
108813
108814
108815
108816
108817
108818
108820
108821
108822
108824
108825
108827
108828
108829
108830
108832
108836
108837
108838
108839
108840
108841
108843
108844
108845
108846
108847
108848
108849
108850
108851
108853
108855
108856
108857
108858
108860
108862
108863
108864
108866
108869
108870
108872
108873
108874
108876
108877
108878
108879
108883
108884
108887
108888
108889
108892
108893
108895
108896
108898
108899
108901
108902
108903
108904
108905
108907
108908
108909
108910
108911
108915
108916
108917
108918
108921
108922
108924
108925
108927
108928
108930
108931
108933
108934
108935
108936
108939
108940
108941
108942
108943
108946
108948
108950
108951
108952
108953
108955
108956
108958
108959
108960
108963
108964
108966
108968
108970
108972
108973
108975
108978
108979
108980
108981
108982
108985
108989
108990
108991
108994
108995
108996
108997
108998
109000
109001
109002
109004
109006
109007
109008
109010
109011
109013
109014
109015
109016
109017
109018
109019
109020
109023
109025
109028
109029
109032
109033
109035
109036
109037
109040
109041
109043
109044
109045
109046
109047
109048
109049
109050
109052
109053
109056
109057
109059
109060
109062
109063
109064
109065
109066
109067
109068
109071
109072
109073
109074
109076
109077
109078
109079
109080
109081
109083
109084
109086
109087
109089
109091
109093
109095
109096
109097
109098
109099
109101
109102
109104
109105
109106
109108
109109
109110
109111
109112
109113
109116
109118
109119
109120
109121
109122
109123
109126
109127
109128
109129
109130
109131
109132
109134
109135
109136
109137
109138
109139
109141
109142
109143
109145
109146
109150
109151
109153
109154
109155
109158
109161
109163
109164
109166
109167
109168
109169
109170
109172
109173
109174
109175
109176
109178
109179
109180
109181
109182
109183
109184
109185
109186
109188
109189
109190
109191
109192
109193
109194
109196
109197
109198
109200
109201
109202
109203
109204
109205
109206
109207
109208
109209
109213
109214
109216
109217
109218
109219
109220
109223
109224
109225
109227
109228
109229
109230
109231
109232
109233
109235
109237
109239
109240
109241
109242
109243
109244
109245
109246
109247
109249
109250
109253
109254
109256
109257
109258
109260
109261
109262
109264
109267
109268
109269
109273
109274
109276
109277
109278
109279
109280
109281
109282
109283
109284
109286
109288
109291
109293
109294
109295
109296
109297
109298
109299
109300
109304
109305
109306
109307
109308
109309
109310
109311
109312
109314
109315
109316
109317
109318
109319
109320
109321
109322
109323
109325
109326
109327
109329
109330
109331
109332
109333
109334
109336
109337
109338
109340
109342
109344
109345
109348
109349
109350
109351
109352
109353
109354
109355
109358
109359
109361
109363
109364
109365
109366
109367
109369
109370
109371
109373
109376
109377
109378
109379
109380
109381
109382
109383
109384
109385
109386
109387
109388
109389
109391
109392
109394
109395
109396
109397
109398
109399
109401
109402
109406
109407
109408
109410
109411
109412
109414
109415
109416
109417
109418
109420
109421
109422
109423
109424
109426
109427
109429
109431
109433
109434
109435
109436
109437
109438
109439
109441
109442
109446
109448
109449
109450
109452
109453
109455
109456
109457
109458
109460
109462
109463
109464
109465
109466
109467
109468
109469
109470
109472
109475
109476
109478
109480
109481
109482
109483
109485
109486
109487
109490
109491
109492
109493
109494
109495
109496
109500
109502
109503
109504
109505
109508
109509
109511
109513
109514
109515
109517
109519
109520
109521
109523
109524
109525
109526
109527
109528
109529
109530
109531
109532
109533
109534
109535
109536
109537
109538
109540
109542
109543
109544
109545
109546
109547
109548
109551
109552
109556
109557
109558
109559
109562
109563
109564
109566
109567
109568
109569
109570
109571
109572
109573
109574
109575
109577
109578
109579
109580
109581
109582
109584
109585
109586
109587
109588
109589
109590
109591
109592
109593
109594
109596
109597
109599
109600
109601
109602
109605
109607
109608
109609
109612
109613
109614
109615
109616
109617
109618
109619
109621
109623
109625
109627
109628
109631
109632
109634
109635
109637
109643
109644
109645
109646
109647
109648
109649
109652
109653
109654
109655
109657
109658
109659
109660
109661
109662
109663
109664
109665
109666
109667
109668
109669
109670
109672
109673
109674
109675
109676
109678
109679
109681
109683
109684
109685
109686
109687
109689
109690
109691
109692
109693
109694
109696
109697
109698
109700
109701
109702
109703
109704
109705
109706
109707
109709
109710
109711
109714
109715
109718
109719
109721
109722
109723
109724
109725
109726
109727
109728
109729
109730
109731
109734
109735
109736
109738
109739
109740
109741
109742
109743
109744
109746
109747
109748
109750
109751
109753
109754
109755
109756
109757
109758
109761
109763
109764
109765
109766
109767
109769
109770
109771
109772
109773
109774
109776
109778
109779
109780
109781
109782
109783
109784
109785
109787
109788
109789
109790
109792
109793
109794
109795
109796
109797
109798
109799
109801
109803
109806
109808
109809
109811
109812
109813
109814
109816
109818
109819
109820
109821
109822
109824
109825
109826
109827
109829
109830
109831
109832
109834
109835
109836
109837
109839
109840
109841
109844
109845
109846
109847
109849
109850
109851
109852
109853
109854
109857
109858
109859
109860
109861
109863
109866
109868
109869
109870
109871
109872
109873
109874
109876
109877
109879
109880
109881
109882
109883
109884
109885
109886
109888
109889
109890
109891
109892
109893
109894
109896
109897
109898
109899
109900
109901
109902
109904
109905
109906
109907
109908
109910
109913
109914
109915
109916
109917
109918
109919
109920
109921
109922
109925
109926
109927
109928
109929
109931
109932
109935
109936
109937
109939
109940
109941
109943
109944
109945
109946
109947
109948
109949
109950
109951
109952
109953
109955
109956
109958
109961
109962
109963
109965
109966
109968
109969
109970
109973
109974
109975
109976
109977
109979
109980
109981
109982
109985
109987
109988
109990
109991
109992
109994
109995
109997
109998
109999
110000
110002
110003
110004
110005
110007
110009
110010
110011
110012
110013
110014
110016
110017
110019
110020
110023
110024
110025
110026
110028
110029
110031
110032
110033
110034
110035
110036
110037
110038
110039
110040
110041
110042
110043
110044
110045
110046
110047
110048
110049
110050
110052
110053
110055
110056
110057
110058
110059
110060
110061
110063
110064
110065
110066
110068
110071
110072
110073
110075
110076
110077
110078
110079
110080
110081
110084
110085
110086
110087
110088
110090
110091
110092
110093
110094
110095
110098
110099
110100
110101
110102
110103
110104
110105
110106
110107
110109
110110
110111
110112
110113
110114
110116
110117
110118
110119
110120
110121
110122
110123
110124
110125
110126
110127
110128
110129
110130
110131
110132
110133
110134
110137
110139
110140
110141
110142
110143
110145
110146
110149
110150
110151
110152
110153
110154
110155
110156
110157
110158
110160
110161
110163
110164
110165
110167
110168
110169
110170
110171
110172
110175
110176
110177
110178
110179
110180
110184
110185
110186
110187
110188
110189
110190
110191
110192
110193
110196
110197
110198
110199
110200
110202
110203
110204
110205
110206
110207
110208
110210
110213
110215
110216
110217
110218
110219
110220
110223
110224
110226
110227
110228
110229
110230
110231
110232
110233
110234
110236
110237
110238
110240
110243
110244
110245
110246
110247
110249
110250
110252
110253
110256
110261
110262
110263
110264
110265
110267
110268
110269
110270
110271
110272
110275
110276
110277
110278
110279
110280
110281
110282
110283
110285
110286
110287
110289
110290
110291
110292
110294
110295
110296
110298
110300
110301
110302
110303
110305
110308
110309
110310
110311
110312
110314
110315
110317
110318
110319
110320
110321
110322
110326
110327
110328
110329
110330
110331
110332
110334
110336
110337
110338
110340
110342
110343
110344
110345
110346
110347
110348
110351
110355
110357
110358
110360
110361
110362
110363
110367
110370
110372
110373
110374
110377
110378
110379
110382
110383
110384
110387
110388
110390
110393
110394
110396
110397
110398
110399
110400
110402
110404
110406
110408
110409
110410
110413
110415
110416
110417
110418
110420
110421
110423
110424
110425
110427
110428
110429
110430
110432
110433
110434
110435
110436
110438
110439
110440
110441
110442
110444
110447
110448
110449
110450
110452
110453
110454
110457
110458
110459
110460
110461
110464
110465
110467
110468
110470
110473
110474
110475
110476
110477
110478
110480
110481
110482
110483
110484
110485
110486
110487
110488
110489
110490
110491
110492
110493
110495
110496
110497
110498
110499
110500
110501
110502
110503
110504
110506
110507
110508
110509
110510
110511
110512
110513
110515
110516
110520
110522
110523
110524
110525
110526
110527
110528
110529
110530
110531
110532
110533
110535
110536
110537
110538
110539
110540
110541
110542
110543
110544
110545
110548
110549
110551
110553
110555
110558
110561
110564
110565
110566
110568
110570
110571
110572
110573
110576
110578
110580
110581
110582
110583
110585
110586
110588
110589
110592
110593
110595
110596
110597
110598
110599
110600
110602
110603
110604
110605
110607
110608
110609
110610
110611
110612
110613
110614
110615
110616
110618
110620
110621
110622
110624
110626
110627
110629
110630
110632
110633
110635
110636
110637
110638
110639
110641
110642
110643
110645
110646
110647
110648
110649
110650
110652
110654
110655
110656
110657
110659
110660
110661
110662
110663
110664
110667
110668
110669
110670
110671
110672
110673
110674
110677
110678
110679
110682
110683
110684
110685
110687
110688
110689
110690
110691
110692
110693
110694
110695
110696
110697
110698
110699
110700
110701
110702
110703
110704
110705
110706
110707
110709
110710
110711
110712
110714
110715
110716
110717
110718
110719
110720
110721
110723
110724
110725
110726
110728
110729
110730
110731
110733
110734
110735
110736
110737
110738
110739
110741
110742
110743
110744
110745
110747
110748
110749
110750
110752
110753
110754
110755
110756
110757
110759
110761
110762
110763
110765
110766
110768
110769
110770
110772
110773
110774
110775
110776
110777
110778
110779
110780
110781
110782
110783
110784
110785
110786
110787
110788
110790
110793
110794
110798
110800
110801
110802
110803
110804
110805
110806
110807
110811
110812
110814
110815
110816
110817
110820
110821
110822
110823
110824
110825
110826
110827
110828
110830
110831
110833
110834
110835
110836
110837
110838
110839
110840
110841
110842
110844
110846
110847
110848
110849
110850
110851
110852
110853
110856
110857
110858
110860
110861
110862
110863
110865
110866
110867
110868
110870
110872
110874
110875
110876
110877
110878
110879
110880
110883
110884
110885
110886
110888
110889
110890
110891
110892
110894
110895
110896
110897
110898
110899
110900
110902
110903
110904
110905
110906
110907
110908
110910
110911
110913
110918
110919
110920
110922
110924
110925
110926
110927
110928
110930
110932
110933
110934
110935
110936
110937
110938
110939
110940
110941
110943
110944
110946
110947
110948
110951
110953
110954
110955
110956
110957
110958
110959
110960
110962
110963
110966
110967
110968
110969
110970
110971
110972
110973
110974
110975
110976
110978
110980
110981
110982
110983
110984
110985
110986
110987
110989
110990
110991
110992
110993
110994
110995
110996
110997
110998
110999
111000
111001
111003
111008
111009
111010
111011
111015
111016
111017
111019
111020
111022
111023
111025
111026
111027
111029
111030
111031
111033
111034
111035
111036
111037
111039
111040
111041
111042
111043
111044
111045
111049
111050
111051
111052
111054
111056
111057
111059
111060
111062
111063
111064
111065
111066
111069
111072
111073
111075
111076
111077
111078
111079
111080
111081
111082
111083
111085
111086
111087
111088
111090
111091
111092
111093
111094
111095
111097
111098
111099
111100
111101
111103
111104
111105
111107
111108
111109
111110
111111
111112
111114
111116
111117
111119
111121
111122
111123
111124
111128
111129
111130
111131
111132
111133
111134
111135
111137
111141
111142
111144
111145
111146
111147
111148
111150
111151
111152
111153
111154
111155
111156
111157
111158
111159
111164
111167
111168
111169
111170
111171
111172
111173
111174
111175
111176
111177
111179
111181
111182
111186
111187
111190
111191
111192
111193
111194
111196
111197
111199
111202
111203
111204
111205
111206
111208
111209
111210
111211
111212
111213
111215
111217
111219
111220
111221
111222
111223
111224
111226
111227
111229
111230
111232
111233
111234
111235
111236
111237
111238
111240
111241
111248
111249
111250
111254
111255
111256
111257
111258
111260
111261
111262
111264
111265
111266
111267
111269
111270
111272
111273
111274
111278
111281
111282
111285
111286
111287
111289
111290
111296
111297
111299
111300
111301
111302
111303
111304
111306
111307
111308
111309
111310
111311
111313
111314
111315
111317
111318
111319
111320
111322
111324
111325
111326
111327
111328
111329
111330
111331
111332
111336
111337
111338
111339
111340
111342
111343
111345
111349
111351
111352
111353
111355
111356
111357
111358
111360
111362
111365
111366
111368
111369
111370
111371
111373
111376
111378
111380
111382
111383
111384
111387
111388
111391
111393
111394
111395
111398
111399
111402
111403
111404
111410
111411
111412
111413
111414
111415
111416
111417
111418
111419
111420
111421
111422
111423
111424
111425
111426
111427
111428
111429
111430
111433
111434
111437
111438
111439
111441
111442
111443
111444
111445
111446
111450
111451
111452
111454
111455
111456
111457
111459
111460
111465
111466
111468
111470
111471
111472
111473
111474
111476
111477
111483
111484
111485
111486
111490
111491
111492
111493
111494
111495
111496
111498
111499
111500
111502
111503
111504
111505
111506
111507
111508
111509
111510
111511
111512
111513
111516
111517
111518
111519
111520
111522
111523
111524
111525
111526
111527
111528
111529
111531
111532
111533
111534
111535
111539
111540
111541
111542
111543
111544
111546
111547
111549
111550
111551
111552
111555
111557
111559
111562
111563
111566
111568
111569
111570
111573
111574
111576
111577
111578
111579
111580
111581
111583
111588
111589
111592
111593
111596
111597
111598
111599
111600
111601
111602
111603
111605
111606
111607
111608
111611
111612
111615
111616
111618
111619
111621
111622
111623
111626
111629
111630
111631
111632
111633
111634
111636
111637
111640
111641
111643
111647
111648
111649
111650
111652
111653
111654
111655
111656
111657
111658
111660
111662
111663
111665
111666
111667
111669
111673
111676
111677
111678
111681
111682
111684
111685
111688
111689
111695
111696
111697
111698
111699
111701
111702
111703
111704
111705
111709
111711
111714
111716
111717
111718
111719
111720
111722
111723
111724
111725
111726
111727
111728
111729
111730
111731
111732
111734
111735
111737
111740
111741
111743
111744
111745
111747
111748
111749
111750
111751
111752
111754
111755
111756
111757
111758
111760
111761
111762
111764
111765
111766
111768
111774
111776
111777
111779
111780
111782
111783
111784
111786
111787
111788
111790
111791
111792
111793
111794
111795
111796
111797
111800
111801
111803
111804
111807
111808
111809
111810
111812
111815
111816
111817
111818
111820
111822
111825
111830
111833
111834
111836
111837
111838
111839
111840
111841
111842
111844
111845
111847
111848
111849
111850
111851
111852
111853
111855
111856
111858
111859
111860
111861
111862
111863
111864
111865
111866
111868
111870
111871
111872
111873
111874
111875
111877
111878
111880
111881
111882
111883
111884
111885
111886
111887
111889
111891
111892
111893
111894
111896
111897
111899
111901
111902
111904
111905
111906
111907
111910
111912
111913
111915
111916
111917
111918
111919
111920
111921
111922
111923
111924
111925
111926
111927
111931
111935
111936
111937
111938
111939
111940
111941
111942
111943
111944
111945
111946
111947
111948
111949
111950
111952
111953
111954
111955
111956
111957
111958
111959
111961
111962
111963
111964
111965
111966
111967
111970
111971
111973
111974
111978
111979
111980
111981
111982
111983
111984
111986
111987
111988
111989
111990
111991
111992
111993
111995
111996
111998
111999
112000
112001
112002
112003
112004
112005
112006
112007
112008
112009
112010
112011
112012
112013
112015
112016
112017
112019
112020
112021
112023
112025
112026
112027
112028
112029
112030
112031
112033
112034
112035
112037
112038
112039
112040
112043
112044
112046
112047
112048
112049
112050
112053
112054
112055
112056
112060
112061
112062
112064
112066
112067
112068
112069
112070
112071
112072
112073
112074
112075
112076
112077
112078
112080
112081
112082
112083
112084
112086
112088
112089
112091
112093
112094
112095
112096
112097
112098
112100
112101
112102
112103
112104
112105
112109
112110
112111
112112
112113
112114
112115
112118
112119
112120
112121
112123
112124
112125
112126
112127
112128
112129
112130
112132
112133
112134
112138
112139
112140
112141
112142
112143
112144
112145
112146
112147
112148
112149
112151
112152
112153
112154
112155
112156
112157
112158
112159
112160
112161
112162
112163
112164
112165
112166
112167
112168
112169
112170
112171
112172
112173
112174
112175
112176
112177
112178
112180
112183
112184
112185
112186
112188
112189
112190
112191
112193
112194
112195
112196
112197
112198
112199
112200
112202
112205
112206
112207
112208
112209
112210
112212
112213
112214
112215
112216
112217
112218
112219
112220
112222
112224
112226
112227
112228
112229
112231
112232
112233
112234
112235
112237
112238
112239
112241
112243
112244
112245
112246
112247
112248
112249
112251
112252
112253
112254
112255
112256
112257
112258
112260
112261
112262
112263
112264
112266
112268
112270
112271
112272
112274
112275
112276
112277
112278
112279
112280
112281
112282
112283
112285
112286
112287
112288
112289
112291
112293
112294
112295
112296
112297
112298
112300
112301
112302
112303
112304
112305
112306
112307
112308
112311
112312
112314
112315
112316
112317
112318
112319
112320
112322
112323
112324
112326
112329
112330
112331
112332
112333
112334
112336
112338
112339
112340
112341
112342
112343
112344
112345
112346
112347
112350
112352
112356
112357
112358
112359
112360
112362
112363
112364
112365
112366
112367
112368
112369
112370
112371
112373
112374
112375
112377
112378
112381
112382
112383
112384
112385
112386
112387
112388
112389
112390
112392
112393
112399
112400
112401
112402
112403
112404
112406
112407
112408
112410
112411
112412
112415
112416
112417
112418
112419
112420
112421
112422
112423
112424
112425
112426
112427
112428
112430
112432
112434
112435
112436
112437
112438
112444
112445
112446
112447
112448
112449
112450
112451
112452
112453
112454
112456
112458
112460
112461
112462
112463
112465
112467
112468
112470
112471
112473
112475
112477
112479
112480
112481
112482
112483
112485
112486
112487
112488
112489
112490
112491
112492
112495
112497
112498
112500
112501
112502
112503
112504
112505
112506
112508
112509
112510
112511
112512
112513
112515
112517
112518
112519
112520
112521
112522
112525
112526
112527
112529
112531
112532
112534
112536
112537
112538
112539
112540
112543
112544
112545
112546
112547
112548
112549
112552
112554
112555
112556
112557
112558
112560
112562
112563
112564
112566
112567
112568
112569
112571
112572
112574
112576
112577
112578
112579
112580
112582
112583
112585
112586
112587
112588
112589
112591
112592
112593
112595
112596
112597
112598
112600
112601
112603
112605
112606
112607
112608
112609
112610
112611
112612
112614
112615
112616
112617
112618
112619
112620
112622
112623
112624
112625
112626
112627
112628
112629
112631
112632
112633
112634
112635
112637
112638
112643
112645
112649
112650
112651
112652
112656
112663
112665
112666
112667
112669
112670
112671
112674
112675
112676
112677
112678
112682
112683
112684
112685
112686
112687
112688
112689
112690
112691
112692
112693
112694
112695
112696
112697
112699
112700
112702
112704
112705
112706
112707
112709
112710
112711
112712
112713
112714
112715
112716
112717
112718
112719
112720
112721
112722
112723
112724
112725
112728
112731
112732
112733
112736
112737
112738
112739
112740
112741
112742
112743
112745
112748
112750
112751
112752
112753
112755
112758
112759
112760
112761
112762
112763
112765
112768
112769
112770
112771
112772
112773
112774
112775
112778
112780
112784
112787
112788
112791
112792
112793
112794
112796
112797
112798
112799
112800
112802
112803
112804
112806
112807
112811
112812
112813
112814
112815
112816
112817
112818
112820
112821
112822
112826
112827
112828
112829
112830
112832
112833
112834
112836
112837
112839
112840
112841
112843
112844
112845
112846
112847
112849
112850
112851
112854
112855
112856
112858
112859
112860
112861
112862
112864
112865
112866
112867
112868
112869
112870
112871
112872
112873
112875
112877
112878
112879
112880
112881
112883
112884
112889
112892
112893
112894
112896
112897
112898
112900
112901
112902
112904
112906
112907
112908
112909
112910
112911
112912
112913
112914
112917
112918
112919
112920
112923
112924
112925
112928
112929
112930
112931
112933
112934
112936
112937
112939
112940
112941
112942
112943
112944
112945
112946
112947
112948
112949
112950
112951
112952
112953
112954
112956
112957
112958
112960
112961
112963
112964
112965
112966
112967
112969
112970
112971
112973
112974
112976
112978
112979
112980
112981
112984
112986
112987
112989
112991
112993
112994
112999
113000
113001
113002
113005
113008
113009
113010
113011
113012
113013
113014
113015
113016
113017
113018
113022
113023
113024
113025
113028
113029
113030
113031
113033
113035
113036
113037
113038
113039
113040
113041
113044
113045
113046
113047
113048
113052
113053
113054
113055
113056
113057
113063
113066
113068
113069
113070
113071
113072
113073
113074
113075
113076
113079
113081
113082
113083
113084
113087
113088
113091
113092
113093
113094
113095
113097
113100
113101
113102
113106
113107
113108
113109
113113
113115
113118
113119
113120
113121
113122
113123
113124
113127
113128
113130
113131
113132
113134
113135
113138
113139
113140
113141
113142
113143
113144
113145
113147
113148
113150
113151
113152
113154
113155
113156
113159
113160
113161
113163
113164
113165
113166
113167
113168
113169
113170
113171
113172
113174
113175
113177
113179
113180
113181
113182
113184
113186
113189
113191
113193
113194
113195
113197
113198
113199
113200
113202
113203
113204
113205
113206
113207
113208
113209
113210
113211
113212
113213
113215
113217
113218
113219
113220
113221
113222
113223
113224
113225
113228
113230
113231
113233
113234
113235
113236
113237
113238
113242
113243
113245
113247
113248
113249
113250
113251
113252
113253
113254
113255
113256
113258
113259
113260
113261
113264
113265
113269
113272
113273
113276
113277
113278
113282
113284
113285
113286
113287
113288
113289
113290
113291
113293
113294
113295
113297
113298
113299
113300
113301
113302
113303
113304
113305
113306
113308
113309
113310
113311
113312
113313
113314
113315
113316
113318
113319
113320
113321
113322
113323
113325
113326
113327
113330
113332
113333
113335
113336
113339
113340
113341
113343
113344
113345
113346
113348
113349
113350
113351
113352
113353
113354
113356
113357
113358
113361
113362
113363
113368
113370
113371
113372
113373
113374
113375
113376
113377
113379
113380
113382
113383
113384
113385
113387
113388
113389
113390
113391
113392
113393
113394
113395
113396
113399
113400
113401
113403
113407
113408
113410
113411
113413
113414
113415
113418
113420
113421
113425
113426
113428
113431
113432
113433
113434
113435
113436
113437
113438
113440
113444
113445
113447
113448
113451
113452
113453
113455
113457
113458
113459
113460
113461
113462
113463
113464
113465
113467
113470
113472
113473
113474
113475
113477
113479
113480
113481
113483
113484
113485
113487
113488
113491
113492
113493
113494
113495
113496
113497
113500
113501
113502
113505
113506
113509
113512
113513
113514
113516
113518
113519
113521
113522
113523
113524
113525
113527
113528
113529
113530
113531
113533
113534
113536
113537
113538
113539
113541
113542
113543
113545
113546
113547
113548
113549
113550
113551
113552
113556
113557
113559
113561
113562
113563
113564
113566
113567
113569
113570
113571
113572
113575
113576
113577
113578
113579
113580
113581
113582
113583
113584
113585
113586
113589
113590
113591
113592
113594
113596
113597
113598
113599
113600
113601
113602
113603
113604
113607
113609
113610
113611
113613
113614
113615
113618
113619
113620
113621
113622
113623
113624
113626
113628
113629
113630
113632
113633
113635
113637
113638
113639
113641
113642
113643
113644
113645
113647
113648
113649
113651
113652
113653
113654
113656
113657
113658
113659
113660
113664
113665
113666
113667
113668
113670
113671
113672
113673
113674
113675
113676
113677
113678
113679
113680
113682
113684
113686
113687
113688
113689
113690
113691
113692
113693
113694
113695
113697
113698
113699
113701
113702
113703
113705
113706
113709
113711
113712
113715
113717
113718
113720
113722
113723
113724
113725
113726
113727
113728
113729
113730
113731
113732
113734
113737
113738
113739
113740
113741
113742
113743
113744
113745
113746
113748
113749
113750
113751
113752
113753
113754
113755
113757
113758
113759
113760
113761
113762
113763
113764
113767
113768
113769
113771
113773
113774
113777
113778
113779
113780
113782
113784
113785
113786
113787
113788
113790
113791
113792
113793
113794
113796
113797
113798
113799
113800
113801
113803
113805
113806
113807
113809
113810
113812
113814
113815
113817
113818
113821
113823
113824
113825
113826
113827
113829
113830
113832
113833
113834
113836
113838
113839
113840
113841
113842
113843
113845
113846
113847
113849
113851
113853
113854
113856
113857
113858
113860
113861
113863
113864
113865
113866
113867
113868
113869
113871
113873
113874
113875
113876
113877
113878
113879
113880
113881
113882
113884
113885
113886
113887
113888
113889
113890
113891
113892
113893
113894
113896
113898
113899
113900
113901
113902
113903
113904
113906
113907
113908
113909
113910
113913
113915
113916
113917
113918
113919
113921
113922
113923
113924
113926
113927
113928
113929
113930
113931
113934
113935
113936
113937
113939
113940
113942
113943
113944
113945
113946
113948
113949
113951
113952
113953
113955
113959
113960
113961
113962
113963
113964
113965
113966
113967
113968
113969
113971
113972
113973
113976
113977
113978
113979
113980
113981
113982
113984
113986
113987
113988
113989
113990
113991
113992
113993
113994
113995
113996
113997
113998
114000
114001
114003
114004
114005
114006
114007
114008
114009
114010
114011
114012
114015
114016
114017
114018
114020
114021
114023
114025
114026
114027
114028
114029
114030
114031
114032
114033
114034
114035
114036
114037
114038
114039
114041
114042
114045
114047
114049
114050
114051
114052
114053
114054
114055
114056
114057
114058
114059
114060
114061
114062
114064
114065
114066
114067
114069
114070
114073
114074
114075
114076
114077
114078
114079
114080
114081
114083
114085
114086
114087
114088
114089
114090
114091
114092
114093
114095
114096
114097
114098
114099
114100
114102
114104
114105
114106
114107
114108
114109
114111
114112
114114
114115
114116
114117
114118
114119
114120
114121
114123
114124
114125
114126
114127
114128
114129
114130
114131
114133
114134
114135
114136
114137
114138
114139
114142
114143
114144
114147
114149
114153
114155
114157
114158
114159
114160
114161
114163
114164
114165
114166
114167
114168
114169
114170
114171
114172
114173
114176
114178
114180
114183
114184
114185
114186
114188
114189
114191
114192
114194
114195
114196
114197
114198
114199
114200
114201
114203
114204
114205
114206
114207
114209
114210
114211
114212
114214
114215
114216
114218
114219
114221
114222
114223
114224
114226
114228
114229
114230
114231
114232
114233
114234
114235
114236
114237
114239
114241
114242
114244
114246
114248
114249
114250
114251
114252
114255
114256
114257
114258
114260
114261
114262
114264
114265
114266
114267
114268
114269
114270
114271
114272
114273
114274
114275
114276
114277
114278
114279
114280
114282
114283
114284
114285
114286
114287
114288
114289
114290
114293
114296
114298
114299
114300
114301
114302
114304
114305
114306
114307
114309
114310
114311
114312
114314
114315
114316
114317
114318
114319
114320
114321
114322
114323
114327
114328
114330
114333
114334
114336
114337
114338
114339
114340
114343
114344
114347
114350
114352
114355
114356
114357
114358
114359
114360
114362
114363
114364
114365
114366
114367
114368
114369
114372
114373
114374
114375
114378
114379
114381
114382
114383
114384
114385
114386
114387
114388
114390
114394
114395
114396
114398
114400
114401
114402
114403
114405
114406
114407
114410
114411
114412
114414
114416
114417
114418
114419
114420
114421
114422
114423
114424
114425
114426
114427
114428
114429
114430
114431
114432
114433
114434
114436
114437
114438
114439
114440
114441
114444
114445
114446
114447
114450
114451
114452
114453
114454
114458
114460
114462
114463
114464
114465
114466
114469
114471
114472
114473
114474
114475
114476
114477
114478
114480
114481
114482
114484
114485
114486
114487
114488
114490
114491
114492
114493
114494
114495
114496
114497
114498
114499
114500
114501
114502
114503
114504
114506
114508
114509
114510
114511
114513
114514
114515
114519
114520
114521
114522
114524
114525
114526
114527
114528
114529
114530
114535
114536
114538
114539
114540
114541
114544
114545
114549
114553
114554
114556
114557
114558
114560
114561
114563
114564
114565
114567
114568
114570
114571
114572
114573
114574
114575
114577
114578
114581
114582
114583
114584
114586
114587
114588
114589
114592
114593
114594
114595
114596
114598
114599
114600
114601
114602
114603
114604
114605
114606
114607
114610
114611
114612
114613
114615
114616
114617
114618
114619
114620
114621
114623
114625
114627
114628
114629
114630
114632
114633
114634
114637
114638
114640
114643
114644
114646
114647
114648
114649
114650
114652
114653
114654
114656
114657
114659
114660
114661
114664
114666
114667
114670
114671
114672
114675
114676
114677
114678
114679
114682
114683
114684
114685
114686
114687
114688
114689
114690
114691
114693
114695
114696
114697
114698
114699
114700
114701
114702
114704
114705
114707
114708
114709
114711
114713
114715
114717
114718
114719
114721
114722
114724
114725
114726
114728
114731
114732
114733
114734
114736
114737
114739
114740
114741
114743
114744
114745
114746
114747
114749
114750
114751
114752
114753
114754
114755
114756
114757
114758
114759
114760
114762
114763
114764
114767
114768
114769
114770
114771
114772
114774
114775
114776
114777
114778
114779
114780
114781
114782
114783
114784
114785
114786
114788
114789
114790
114791
114793
114794
114795
114796
114798
114799
114801
114802
114807
114808
114811
114812
114813
114814
114815
114816
114817
114819
114821
114824
114827
114828
114832
114833
114836
114837
114838
114839
114841
114843
114844
114845
114846
114847
114848
114849
114850
114851
114852
114853
114854
114855
114858
114860
114861
114862
114863
114864
114866
114867
114868
114869
114870
114871
114872
114873
114874
114875
114876
114877
114879
114880
114881
114882
114884
114885
114886
114887
114888
114889
114891
114892
114893
114895
114896
114897
114898
114899
114901
114902
114903
114904
114905
114906
114907
114908
114909
114914
114916
114917
114919
114921
114923
114924
114925
114926
114928
114929
114930
114931
114932
114934
114935
114936
114937
114938
114939
114941
114944
114946
114947
114949
114950
114951
114953
114954
114955
114956
114958
114959
114960
114961
114962
114963
114965
114966
114968
114970
114972
114973
114974
114976
114978
114979
114980
114981
114984
114985
114986
114988
114989
114990
114991
114992
114993
114994
114995
114996
114998
114999
115000
115001
115002
115004
115005
115008
115009
115010
115012
115014
115015
115016
115017
115018
115019
115020
115021
115022
115023
115026
115027
115029
115030
115033
115034
115035
115038
115040
115041
115044
115047
115048
115049
115051
115053
115054
115055
115056
115057
115058
115059
115060
115061
115062
115063
115064
115067
115068
115069
115070
115071
115072
115073
115074
115075
115076
115079
115080
115082
115086
115087
115089
115091
115092
115093
115094
115096
115099
115101
115102
115103
115104
115105
115109
115110
115111
115112
115113
115114
115115
115116
115117
115118
115119
115120
115121
115123
115124
115127
115129
115131
115132
115133
115137
115138
115139
115140
115141
115142
115143
115145
115146
115148
115149
115150
115151
115153
115154
115156
115158
115160
115164
115166
115167
115168
115170
115171
115172
115173
115174
115175
115176
115179
115180
115182
115183
115185
115187
115188
115189
115190
115191
115192
115193
115194
115195
115198
115201
115206
115207
115208
115209
115212
115218
115220
115221
