250234 1645488p 287 219.7887642 -13.3845884887 56508.287888 r.MP9601
250234 1645488p 287 219.7887642 -13.3845884887 56508.287888 r.MP9601
250234 1645488p 287 219.7887642 -13.3845884887 56508.287888 r.MP9601
250248 1774994p 387 11.5746005779 3.51672569246 57040.2457158 r.MP9601
250254 1768991p 287 14.7308641163 5.46596928065 57008.2745351 r.MP9601
250291 1631356p 287 214.45075212 -12.8818776713 56455.3755684 r.MP9601
250291 1631367p 287 214.448449911 -12.8793446171 56455.4204895 r.MP9601
250291 1636120p 287 215.706236913 -12.5102354147 56479.2741091 r.MP9601
250291 1636323p 287 215.867752633 -12.535965771 56480.3007834 r.MP9601
250308 1630539p 287 237.553010572 -12.7529680925 56447.3849994 r.MP9601
250308 1630865p 287 237.048805211 -12.6357403842 56449.3760326 r.MP9601
250340 1645162p 287 213.936693027 -13.2607953633 56506.2546339 r.MP9601
250340 1645694p 287 214.853071834 -13.6907382508 56509.2671632 r.MP9601
250349 1635766p 287 210.143867641 -12.4233497142 56477.2828929 r.MP9601
250349 1636124p 287 210.409544698 -12.4999187023 56479.290526 r.MP9601
250349 1645171p 287 216.343137881 -14.3178497568 56506.2905269 r.MP9601
250349 1645958p 287 217.857632928 -14.774881136 56511.2714724 r.MP9601
250372 1616727p 287 239.008673291 -11.3697727646 56391.5591513 r.MP9601
250372 1616923p 287 238.958435982 -11.3499797481 56392.5280123 r.MP9601
250372 1616933p 287 238.956152321 -11.3491389971 56392.5689137 r.MP9601
250372 1617939p 287 238.110514847 -11.1513471209 56401.5697576 r.MP9601
250405 1778101p 387 27.4350126766 13.9653339085 57046.2929294 r.MP9601
250405 1778111p 387 27.4586651983 13.9719273794 57046.3489117 r.MP9601
250405 1778112p 387 27.462381278 13.9729632885 57046.3577072 r.MP9601
250234 1645488p 287 219.7887642 -13.3845884887 56508.287888 r.MP9601
250254 1768991p 287 14.7308641163 5.46596928065 57008.2745351 r.MP9601
250261 1626165p 287 215.240539831 -13.3286268128 56423.4781907 r.MP9601
250261 1626301p 287 215.035019816 -13.2772425034 56424.4804753 r.MP9601
250261 1631611p 287 210.496526064 -12.2460206602 56456.2616294 r.MP9601
250261 1631621p 287 210.493862815 -12.2457060147 56456.3020838 r.MP9601
250261 1635766p 287 210.233335999 -12.4525803586 56477.2828929 r.MP9601
250261 1636124p 287 210.32435174 -12.5109023308 56479.290526 r.MP9601
250261 1645162p 287 213.261484112 -13.836970447 56506.2546339 r.MP9601
250291 1631356p 287 214.45075212 -12.8818776713 56455.3755684 r.MP9601
250291 1631367p 287 214.448449911 -12.8793446171 56455.4204895 r.MP9601
250291 1636120p 287 215.706236913 -12.5102354147 56479.2741091 r.MP9601
250291 1636323p 287 215.867752633 -12.535965771 56480.3007834 r.MP9601
250308 1630539p 287 237.553010572 -12.7529680925 56447.3849994 r.MP9601
250308 1630865p 287 237.048805211 -12.6357403842 56449.3760326 r.MP9601
250333 1757448p 387 26.633295811 15.5438066672 56981.2490286 r.MP9601
250333 1757470p 387 26.6086318722 15.5356243178 56981.3892974 r.MP9601
250333 1757559p 287 26.4521198057 15.4834619215 56982.2904248 r.MP9601
250333 1757599p 287 26.4259266845 15.474644861 56982.445261 r.MP9601
250340 1645162p 287 213.936693027 -13.2607953633 56506.2546339 r.MP9601
250340 1645694p 287 214.853071834 -13.6907382508 56509.2671632 r.MP9601
250349 1635766p 287 210.143867641 -12.4233497142 56477.2828929 r.MP9601
250349 1636124p 287 210.409544698 -12.4999187023 56479.290526 r.MP9601
250349 1645171p 287 216.343137881 -14.3178497568 56506.2905269 r.MP9601
250349 1645958p 287 217.857632928 -14.774881136 56511.2714724 r.MP9601
250372 1616727p 287 239.008673291 -11.3697727646 56391.5591513 r.MP9601
250372 1616923p 287 238.958435982 -11.3499797481 56392.5280123 r.MP9601
250372 1616933p 287 238.956152321 -11.3491389971 56392.5689137 r.MP9601
250372 1617939p 287 238.110514847 -11.1513471209 56401.5697576 r.MP9601
250405 1778101p 387 27.4350126766 13.9653339085 57046.2929294 r.MP9601
250405 1778111p 387 27.4586651983 13.9719273794 57046.3489117 r.MP9601
250405 1778112p 387 27.462381278 13.9729632885 57046.3577072 r.MP9601
250429 1617919p 287 242.798890197 -11.9978820901 56401.4881224 r.MP9601
250429 1617932p 287 242.79177349 -11.9949443372 56401.5410019 r.MP9601
250429 1625347p 287 239.237954118 -10.9257987318 56420.434309 r.MP9601
250429 1625359p 287 239.226561634 -10.9231261683 56420.4833969 r.MP9601
250429 1625359p 287 239.226561634 -10.9231261683 56420.4833969 r.MP9601
250429 1625370p 287 239.216384766 -10.920738776 56420.527247 r.MP9601
250429 1625925p 287 238.745025077 -10.8129582147 56422.5278668 r.MP9601
250433 1778096p 387 26.4008382079 13.3718896836 57046.2509323 r.MP9601
250433 1778105p 387 26.4232331838 13.382726257 57046.3167193 r.MP9601
250459 1729703p 287 14.6456999199 5.92641385144 56865.5349992 r.MP9601
250459 1736283p 287 15.0254762462 6.30384059728 56897.4099372 r.MP9601
250489 1728790p 287 15.194968587 3.34935280707 56861.5480517 r.MP9601
250489 1734908p 287 16.7927035094 3.28086308818 56891.5603804 r.MP9601
250505 1751552p 287 23.1201821567 13.4279608764 56952.4132513 r.MP9601
250505 1751562p 287 23.1100623457 13.4271832719 56952.4526792 r.MP9601
250505 1751572p 287 23.0999513277 13.426406343 56952.4920727 r.MP9601
250505 1751798p 387 22.8659559788 13.4080491127 56953.4057188 r.MP9601
250505 1752060p 387 22.3928545924 13.3691475256 56955.2701142 r.MP9601
250533 1691914p 287 215.924369405 -14.6846388921 56713.5724831 r.MP9601
250533 1692333p 287 215.969338133 -14.5534613736 56716.5205759 r.MP9601
250533 1698694p 287 213.401462077 -11.6474758156 56751.4468133 r.MP9601
250533 1698704p 287 213.395689518 -11.642919696 56751.486624 r.MP9601
250533 1698827p 387 213.263215014 -11.5388285371 56752.3923492 r.MP9601
250533 1698859p 387 213.236264476 -11.5177742196 56752.57455 r.MP9601
250540 1691692p 387 239.23181773 -11.8029091993 56712.6466975 r.MP9601
250540 1692353p 387 239.692935442 -11.7856971143 56716.6131995 r.MP9601
250540 1692651p 387 240.257948543 -11.730057006 56722.5407904 r.MP9601
250542 1705889p 287 239.788257276 -11.5749126794 56783.4038693 r.MP9601
250542 1705904p 287 239.776861317 -11.5695629872 56783.4707404 r.MP9601
250542 1705919p 287 239.763900825 -11.5634788441 56783.5467922 r.MP9601
250542 1715406p 287 236.849975427 -10.3574761204 56799.5023533 r.MP9601
250542 1715406p 287 236.849975427 -10.3574761204 56799.5023533 r.MP9601
250555 1692341p 387 242.714860228 -14.6716075023 56716.5526474 r.MP9601
250555 1692668p 387 243.701214373 -14.3787049919 56722.6265028 r.MP9601
250555 1692842p 387 243.844498715 -14.3261603029 56723.6011373 r.MP9601
250561 1691677p 287 216.335898261 -12.4016920161 56712.5817484 r.MP9601
250561 1691910p 287 216.378389564 -12.3992732793 56713.5513495 r.MP9601
250561 1692331p 287 216.476782825 -12.38071985 56716.5127669 r.MP9601
250561 1698827p 387 213.959275583 -10.9309074432 56752.3923492 r.MP9601
250585 1681942p 387 11.4861546554 2.1844903529 56659.2206159 r.MP9601
250606 1728798p 287 12.6047444571 4.50195021446 56861.5793118 r.MP9601
250606 1729709p 287 13.1229716924 4.54181064981 56865.5599023 r.MP9601
250606 1734920p 387 14.1335753529 3.63378248678 56891.6185243 r.MP9601
250606 1735086p 287 14.083600896 3.55634765389 56892.6268628 r.MP9601
250622 1729259p 287 22.2822068556 12.2856263782 56863.5285628 r.MP9601
250622 1729269p 287 22.2893601519 12.2885592875 56863.5701316 r.MP9601
250622 1729279p 287 22.2965261177 12.2914973913 56863.611774 r.MP9601
250622 1735251p 287 25.2748126483 13.5071667275 56893.4500091 r.MP9601
250622 1735267p 287 25.2760139669 13.5076595762 56893.5239364 r.MP9601
250622 1736559p 287 25.2603637106 13.5007963265 56899.4282795 r.MP9601
250622 1736588p 287 25.2579267074 13.4998034734 56899.5365908 r.MP9601
250622 1741550p 287 23.6709741564 12.8140876272 56918.3676058 r.MP9601
250622 1741560p 287 23.6650356261 12.8114633624 56918.4083271 r.MP9601
250622 1742008p 287 22.8595510862 12.4515679513 56923.4464854 r.MP9601
250653 1735254p 287 26.696165924 13.250248579 56893.4616377 r.MP9601
250653 1735270p 287 26.7051886117 13.2443982518 56893.5357968 r.MP9601
250654 1722365p 287 12.2504126317 1.96960357607 56833.5966782 r.MP9601
250654 1722512p 287 12.5002233382 2.03753336814 56834.5955377 r.MP9601
250696 1691682p 287 217.856876194 -13.1095109936 56712.6012246 r.MP9601
250696 1691917p 287 217.888118204 -13.0726027025 56713.5842773 r.MP9601
250696 1692336p 287 217.952983335 -12.9501046255 56716.5322223 r.MP9601
250711 1691679p 287 215.928609866 -14.1147026754 56712.5895136 r.MP9601
250711 1691914p 287 215.931310403 -14.1362524219 56713.5724831 r.MP9601
250711 1698826p 387 212.273147967 -13.8632007731 56752.3873101 r.MP9601
250716 1635781p 287 215.525267777 -13.7013344457 56477.3432593 r.MP9601
250716 1636118p 287 215.503449598 -13.7467184074 56479.2657831 r.MP9601
250716 1636321p 287 215.49880059 -13.7730874158 56480.2928614 r.MP9601
250716 1645171p 287 216.896701813 -14.8649935984 56506.2905269 r.MP9601
250716 1645958p 287 217.46840427 -15.1562367934 56511.2714724 r.MP9601
250717 1715396p 287 212.385799714 -11.3710467531 56799.4615478 r.MP9601
250717 1715884p 287 211.903373944 -11.2953652103 56802.4540391 r.MP9601
250717 1716264p 287 211.468704212 -11.2337716728 56805.3738526 r.MP9601
250734 1686683p 387 219.187417028 -15.4040678678 56689.6327123 r.MP9601
250734 1686683p 387 219.187417028 -15.4040678678 56689.6327123 r.MP9601
250734 1686792p 387 219.362729589 -15.4579687304 56690.6305048 r.MP9601
250734 1686859p 387 219.525338929 -15.5076538696 56691.5751547 r.MP9601
250740 1704844p 287 238.995697363 -10.8607170442 56777.4092312 r.MP9601
250740 1704857p 287 238.987528674 -10.8551286916 56777.4605528 r.MP9601
250740 1704870p 287 238.979293263 -10.8494946933 56777.5122936 r.MP9601
250743 1692342p 387 243.469454497 -13.9929061753 56716.5576876 r.MP9601
250743 1692667p 387 244.207167899 -13.7177778592 56722.6214673 r.MP9601
250743 1692841p 387 244.310426344 -13.6690308587 56723.5960929 r.MP9601
250234 1645488p 287 219.7887642 -13.3845884887 56508.287888 r.MP9601
250248 1774994p 387 11.5746005779 3.51672569246 57040.2457158 r.MP9601
250254 1768991p 287 14.7308641163 5.46596928065 57008.2745351 r.MP9601
250261 1626165p 287 215.240539831 -13.3286268128 56423.4781907 r.MP9601
250261 1626301p 287 215.035019816 -13.2772425034 56424.4804753 r.MP9601
250261 1631611p 287 210.496526064 -12.2460206602 56456.2616294 r.MP9601
250261 1631621p 287 210.493862815 -12.2457060147 56456.3020838 r.MP9601
250261 1635766p 287 210.233335999 -12.4525803586 56477.2828929 r.MP9601
250261 1636124p 287 210.32435174 -12.5109023308 56479.290526 r.MP9601
250261 1645162p 287 213.261484112 -13.836970447 56506.2546339 r.MP9601
250234 1645488p 287 219.7887642 -13.3845884887 56508.287888 r.MP9601
250254 1768991p 287 14.7308641163 5.46596928065 57008.2745351 r.MP9601
250261 1626165p 287 215.240539831 -13.3286268128 56423.4781907 r.MP9601
250261 1626301p 287 215.035019816 -13.2772425034 56424.4804753 r.MP9601
250261 1631611p 287 210.496526064 -12.2460206602 56456.2616294 r.MP9601
250261 1631621p 287 210.493862815 -12.2457060147 56456.3020838 r.MP9601
250261 1635766p 287 210.233335999 -12.4525803586 56477.2828929 r.MP9601
250261 1636124p 287 210.32435174 -12.5109023308 56479.290526 r.MP9601
250261 1645162p 287 213.261484112 -13.836970447 56506.2546339 r.MP9601
250291 1631356p 287 214.45075212 -12.8818776713 56455.3755684 r.MP9601
250291 1631367p 287 214.448449911 -12.8793446171 56455.4204895 r.MP9601
250291 1636120p 287 215.706236913 -12.5102354147 56479.2741091 r.MP9601
250291 1636323p 287 215.867752633 -12.535965771 56480.3007834 r.MP9601