250234
250236
250239
250240
250241
250243
250245
250246
250247
250248
250249
250251
250252
250253
250254
250255
250257
250259
250260
250261
250262
250263
250264
250265
250266
250267
250268
250271
250272
250275
250276
250277
250278
250279
250280
250281
250282
250283
250284
250286
250287
250288
250290
250291
250293
250294
250295
250296
250298
250299
250300
250302
250303
250304
250305
250306
250307
250308
250309
250310
250311
250314
250316
250317
250318
250319
250321
250322
250324
250325
250326
250327
250328
250329
250331
250332
250333
250335
250338
250339
250340
250341
250343
250344
250347
250348
250349
250352
250354
250355
250356
250357
250358
250359
250361
250362
250364
250365
250366
250367
250368
250369
250371
250372
250373
250375
250376
250377
250378
250379
250380
250382
250383
250384
250385
250386
250387
250389
250390
250391
250392
250393
250396
250398
250399
250400
250402
250404
250405
250406
250408
250409
250410
250411
250412
250414
250415
250416
250418
250419
250420
250421
250422
250423
250424
250425
250426
250427
250428
250429
250431
250432
250433
250435
250436
250438
250439
250440
250441
250443
250444
250449
250450
250451
250452
250455
250457
250459
250463
250464
250466
250468
250470
250472
250473
250474
250477
250478
250481
250485
250487
250488
250489
250490
250491
250495
250496
250497
250498
250499
250500
250502
250503
250504
250505
250508
250510
250511
250512
250513
250514
250516
250517
250518
250519
250520
250521
250522
250524
250526
250527
250528
250529
250530
250532
250533
250534
250535
250536
250537
250538
250539
250540
250541
250542
250543
250544
250545
250546
250547
250548
250549
250550
250551
250552
250553
250554
250555
250556
250557
250558
250559
250561
250563
250564
250565
250566
250568
250569
250570
250571
250572
250573
250574
250575
250576
250578
250579
250580
250581
250582
250583
250584
250585
250586
250587
250588
250589
250590
250591
250593
250595
250596
250597
250598
250599
250601
250602
250603
250606
250607
250609
250611
250612
250613
250615
250616
250617
250618
250619
250621
250622
250623
250624
250626
250627
250629
250630
250631
250632
250633
250634
250635
250636
250638
250639
250640
250641
250642
250643
250646
250647
250649
250650
250651
250653
250654
250656
250657
250658
250659
250662
250664
250665
250667
250669
250670
250671
250673
250675
250676
250677
250678
250679
250681
250682
250683
250685
250687
250688
250689
250690
250691
250695
250696
250698
250699
250703
250704
250708
250709
250710
250711
250715
250716
250717
250718
250719
250721
250722
250723
250724
250725
250726
250727
250728
250729
250733
250734
250736
250737
250738
250739
250740
250741
250743
250744
250746
250747
250748
250749
250750
250751
250752
250753
250754
250755
250756
250757
250758
250759
250760
250761
250765
250766
250768
250769
250770
250771
250772
250773
250774
250775
250776
250777
250778
250780
250781
250782
250783
250784
250785
250786
250788
250789
250790
250792
250794
250795
250796
250797
250799
250800
250801
250802
250803
250806
250807
250808
250810
250811
250813
250817
250818
250819
250820
250821
250823
250824
250825
250826
250827
250828
250829
250830
250832
250833
250834
250836
250837
250838
250839
250841
250844
250845
250847
250848
250849
250850
250851
250853
250854
250855
250856
250857
250858
250859
250860
250861
250862
250863
250864
250865
250867
250868
250869
250872
250874
250876
250877
250878
250879
250882
250884
250885
250886
250887
250889
250890
250891
250893
250895
250897
250898
250899
250900
250901
250902
250903
250904
250905
250906
250907
250908
250909
250910
250911
250912
250915
250917
250918
250919
250920
250921
250922
250923
250924
250925
250927
250928
250929
250930
250932
250934
250937
250938
250939
250941
250943
250945
250946
250947
250948
250950
250952
250953
250954
250955
250956
250958
250959
250960
250961
250962
250963
250964
250965
250966
250967
250968
250969
250970
250971
250973
250974
250975
250976
250977
250978
250979
250980
250981
250982
250983
250984
250985
250986
250987
250988
250989
250990
250991
250992
250993
250994
250995
250996
250997
250999
251000
251001
251002
251003
251004
251006
251007
251008
251009
251010
251011
251012
251013
251015
251019
251020
251021
251028
251029
251030
251032
251033
251034
251035
251036
251037
251038
251039
251040
251041
251042
251043
251044
251045
251046
251047
251048
251050
251051
251052
251053
251054
251055
251056
251057
251059
251060
251061
251062
251063
251064
251065
251066
251067
251068
251071
251072
251073
251074
251076
251077
251078
251079
251080
251081
251082
251083
251084
251085
251086
251087
251089
251090
251092
251093
251094
251095
251096
251098
251099
251103
251104
251105
251106
251107
251108
251109
251110
251111
251112
251113
251114
251115
251116
251117
251119
251120
251121
251122
251123
251124
251126
251127
251128
251129
251130
251131
251132
251133
251134
251135
251136
251137
251138
251139
251141
251142
251144
251145
251146
251147
251148
251149
251150
251151
251152
251153
251154
251155
251156
251157
251158
251160
251162
251167
251169
251170
251171
251172
251173
251174
251175
251176
251178
251180
251182
251184
251185
251187
251188
251189
251190
251192
251193
251194
251195
251196
251198
251199
251200
251201
251202
251203
251204
251205
251206
251207
251208
251211
251212
251215
251216
251217
251218
251220
251221
251222
251223
251224
251225
251227
251228
251229
251230
251231
251232
251233
251234
251235
251236
251237
251238
251239
251242
251243
251244
251246
251247
251249
251250
251251
251252
251253
251255
251256
251258
251260
251262
251263
251264
251265
251266
251267
251268
251269
251271
251273
251274
251276
251278
251279
251280
251281
251283
251284
251286
251287
251288
251289
251290
251291
251292
251294
251296
251301
251303
251304
251305
251306
251307
251308
251309
251311
251312
251313
251314
251315
251316
251318
251320
251321
251322
251323
251324
251325
251326
251327
251328
251329
251332
251333
251334
251336
251337
251338
251342
251344
251345
251347
251348
251349
251350
251351
251352
251353
251354
251356
251357
251358
251360
251361
251362
251364
251365
251366
251368
251369
251370
251371
251372
251373
251374
251375
251376
251377
251379
251380
251381
251382
251383
251384
251385
251386
251387
251388
251390
251391
251392
251394
251395
251396
251397
251403
251404
251405
251406
251407
251409
251410
251411
251412
251413
251414
251415
251416
251417
251418
251419
251420
251421
251422
251423
251424
251425
251428
251429
251431
251432
251434
251435
251436
251437
251439
251440
251441
251442
251443
251444
251445
251446
251447
251448
251449
251450
251451
251453
251454
251457
251458
251460
251461
251462
251464
251465
251466
251469
251470
251472
251473
251476
251477
251479
251480
251482
251484
251485
251486
251487
251490
251492
251495
251497
251499
251501
251502
251503
251504
251505
251506
251507
251508
251509
251511
251512
251513
251514
251515
251517
251518
251520
251521
251523
251525
251527
251530
251531
251533
251541
251542
251546
251547
251548
251549
251550
251551
251552
251553
251555
251556
251557
251558
251559
251560
251562
251563
251564
251566
251567
251569
251571
251572
251574
251575
251576
251577
251578
251579
251580
251581
251582
251583
251584
251585
251586
251588
251589
251590
251591
251593
251595
251598
251600
251602
251603
251604
251605
251606
251607
251608
251609
251611
251612
251613
251614
251615
251618
251620
251621
251622
251624
251625
251626
251627
251629
251630
251632
251633
251634
251635
251637
251638
251639
251640
251642
251643
251644
251645
251649
251650
251651
251652
251653
251654
251655
251656
251660
251661
251662
251665
251666
251667
251668
251669
251670
251672
251673
251675
251678
251679
251683
251685
251686
251691
251692
251693
251694
251696
251697
251700
251703
251704
251706
251707
251709
251710
251711
251712
251713
251715
251717
251718
251720
251723
251724
251725
251726
251727
251728
251729
251730
251731
251733
251735
251736
251737
251739
251740
251745
251746
251747
251748
251749
251750
251751
251754
251755
251756
251757
251758
251759
251760
251761
251762
251763
251764
251765
251767
251768
251769
251770
251771
251772
251773
251775
251776
251777
251779
251780
251781
251783
251785
251786
251787
251788
251790
251791
251792
251793
251794
251795
251797
251799
251800
251801
251803
251805
251806
251807
251810
251815
251816
251818
251819
251820
251821
251822
251823
251825
251826
251827
251828
251829
251830
251831
251832
251833
251834
251835
251836
251837
251838
251839
251840
251843
251844
251845
251849
251851
251853
251854
251855
251859
251862
251863
251864
251867
251868
251869
251871
251872
251873
251877
251878
251880
251881
251886
251887
251888
251890
251891
251893
251895
251896
251897
251898
251899
251900
251901
251902
251903
251904
251906
251908
251909
251910
251911
251912
251913
251915
251918
251919
251920
251921
251922
251923
251925
251926
251927
251928
251930
251931
251933
251937
251939
251944
251945
251946
251947
251948
251949
251950
251952
251953
251954
251955
251956
251957
251959
251960
251961
251962
251963
251964
251965
251967
251968
251969
251971
251972
251976
251978
251981
251983
251984
251985
251986
251987
251989
251990
251991
251992
251993
251994
251995
251996
251997
251998
252000
252001
252002
252003
252005
252006
252007
252010
252012
252013
252015
252016
252018
252019
252020
252021
252022
252023
252024
252025
252026
252028
252030
252032
252033
252034
252035
252036
252037
252039
252040
252041
252042
252043
252044
252045
252046
252047
252048
252049
252051
252053
252054
252055
252056
252057
252058
252059
252060
252061
252062
252063
252064
252065
252066
252067
252068
252069
252070
252071
252072
252073
252074
252075
252076
252078
252079
252080
252081
252083
252084
252085
252088
252090
252092
252093
252094
252095
252096
252097
252098
252099
252101
252102
252103
252104
252105
252106
252107
252108
252109
252110
252111
252113
252114
252115
252116
252118
252119
252120
252121
252124
252125
252126
252128
252129
252130
252131
252132
252134
252135
252136
252137
252138
252140
252142
252143
252144
252148
252149
252150
252151
252152
252153
252154
252156
252157
252161
252162
252164
252165
252167
252168
252170
252172
252174
252175
252178
252180
252181
252182
252185
252186
252187
252188
252189
252191
252196
252199
252200
252201
252202
252203
252204
252205
252206
252209
252212
252214
252215
252217
252218
252220
252221
252222
252223
252224
252225
252226
252227
252228
252229
252230
252231
252232
252235
252236
252238
252239
252241
252242
252243
252245
252246
252247
252249
252250
252251
252252
252254
252255
252257
252258
252259
252260
252261
252262
252263
252264
252265
252266
252268
252269
252270
252272
252273
252274
252276
252277
252280
252281
252283
252284
252285
252288
252290
252293
252294
252295
252296
252297
252298
252300
252301
252302
252303
252305
252307
252308
252309
252310
252311
252314
252315
252317
252318
252319
252320
252321
252322
252323
252324
252325
252326
252327
252328
252329
252330
252331
252332
252333
252334
252335
252336
252337
252340
252341
252342
252343
252344
252345
252346
252347
252348
252349
252350
252351
252353
252354
252355
252356
252357
252359
252360
252361
252362
252363
252364
252367
252368
252370
252371
252372
252374
252375
252376
252377
252378
252379
252380
252381
252382
252384
252386
252388
252393
252395
252396
252397
252398
252401
252402
252403
252404
252405
252406
252407
252408
252409
252410
252411
252412
252413
252414
252415
252416
252417
252418
252419
252420
252421
252422
252423
252424
252425
252426
252427
252428
252429
252430
252431
252432
252433
252434
252435
252436
252437
252438
252439
252440
252445
252446
252448
252449
252451
252453
252454
252455
252456
252457
252458
252459
252461
252462
252463
252464
252465
252466
252467
252468
252469
252471
252474
252475
252480
252481
252482
252485
252486
252488
252489
252490
252491
252492
252493
252494
252495
252497
252498
252499
252501
252502
252503
252504
252506
252507
252508
252511
252512
252513
252515
252517
252518
252519
252520
252521
252523
252524
252525
252526
252527
252528
252529
252530
252531
252532
252533
252534
252535
252536
252537
252538
252539
252540
252542
252543
252545
252546
252547
252549
252551
252552
252553
252554
252555
252556
252557
252559
252560
252561
252562
252563
252564
252567
252571
252573
252574
252575
252576
252577
252578
252579
252580
252582
252586
252587
252588
252589
252590
252591
252592
252593
252595
252596
252597
252598
252599
252600
252601
252602
252603
252604
252605
252606
252607
252608
252609
252610
252611
252612
252613
252614
252616
252619
252621
252623
252624
252625
252626
252628
252629
252631
252632
252633
252634
252636
252638
252639
252640
252641
252642
252643
252646
252647
252648
252649
252650
252651
252652
252655
252656
252657
252658
252659
252662
252663
252664
252665
252667
252668
252669
252670
252671
252672
252673
252674
252676
252677
252678
252679
252680
252681
252684
252685
252687
252688
252689
252690
252691
252692
252693
252694
252696
252697
252699
252700
252701
252703
252704
252705
252706
252707
252708
252709
252710
252712
252713
252714
252715
252716
252718
252719
252721
252722
252725
252726
252727
252729
252731
252732
252733
252734
252735
252736
252738
252739
252744
252745
252747
252749
252750
252751
252752
252753
252754
252755
252756
252757
252758
252759
252760
252761
252763
252764
252765
252767
252768
252769
252770
252771
252772
252773
252774
252775
252776
252778
252779
252780
252781
252782
252784
252785
252787
252788
252790
252791
252792
252796
252797
252800
252801
252802
252804
252805
252807
252808
252811
252812
252813
252815
252816
252817
252818
252819
252821
252822
252823
252824
252826
252827
252828
252830
252831
252833
252835
252836
252837
252838
252840
252841
252842
252843
252844
252845
252846
252847
252848
252850
252852
252853
252854
252855
252857
252858
252859
252860
252861
252862
252863
252864
252865
252866
252867
252868
252870
252871
252873
252874
252875
252876
252878
252879
252880
252881
252882
252883
252884
252886
252887
252888
252889
252890
252892
252893
252894
252895
252896
252897
252898
252900
252901
252902
252903
252904
252905
252908
252910
252911
252912
252913
252914
252916
252917
252918
252919
252920
252921
252924
252925
252927
252928
252929
252931
252933
252934
252935
252936
252937
252938
252939
252941
252944
252946
252947
252948
252950
252952
252953
252954
252955
252956
252958
252959
252960
252961
252963
252964
252969
252970
252972
252974
252977
252979
252980
252981
252982
252983
252984
252988
252989
252990
252992
252993
252994
252996
252998
252999
253001
253002
253004
253005
253007
253012
253013
253014
253015
253016
253017
253018
253019
253020
253021
253022
253023
253024
253025
253026
253027
253028
253029
253030
253031
253032
253033
253036
253037
253038
253040
253043
253044
253047
253048
253049
253052
253053
253054
253056
253057
253061
253063
253065
253067
253068
253070
253071
253072
253073
253074
253075
253076
253077
253078
253079
253080
253082
253083
253084
253086
253087
253088
253090
253091
253092
253096
253097
253098
253099
253100
253101
253102
253103
253104
253105
253108
253110
253111
253113
253114
253115
253116
253117
253118
253119
253120
253121
253122
253123
253124
253125
253130
253131
253133
253134
253135
253136
253137
253138
253139
253142
253144
253145
253147
253148
253150
253151
253152
253153
253154
253155
253156
253157
253158
253159
253160
253164
253165
253167
253168
253169
253170
253171
253172
253173
253174
253176
253177
253178
253179
253180
253181
253182
253184
253185
253187
253188
253189
253191
253197
253198
253200
253201
253202
253203
253204
253205
253207
253208
253209
253210
253211
253212
253213
253214
253216
253218
253219
253220
253221
253222
253223
253224
253225
253226
253227
253228
253229
253230
253231
253232
253233
253234
253235
253236
253238
253239
253240
253241
253243
253244
253245
253246
253247
253248
253249
253251
253253
253254
253255
253256
253257
253258
253259
253261
253262
253263
253264
253265
253266
253267
253269
253270
253272
253274
253275
253276
253278
253279
253280
253281
253282
253283
253284
253285
253286
253287
253289
253291
253292
253293
253294
253295
253297
253298
253299
253300
253302
253303
253304
253306
253307
253308
253309
253310
253311
253312
253314
253315
253316
253317
253318
253319
253320
253321
253323
253324
253325
253327
253329
253332
253333
253335
253336
253337
253339
253341
253342
253344
253345
253346
253349
253350
253351
253352
253354
253355
253358
253359
253360
253361
253365
253366
253367
253369
253370
253371
253372
253373
253374
253378
253379
253384
253385
253387
253388
253389
253390
253391
253392
253393
253394
253395
253396
253397
253399
253400
253401
253402
253403
253404
253405
253406
253407
253408
253410
253411
253412
253413
253414
253415
253416
253417
253418
253419
253420
253421
253422
253423
253424
253425
253426
253428
253429
253430
253431
253432
253433
253434
253435
253437
253438
253439
253440
253442
253443
253445
253446
253447
253448
253449
253450
253453
253454
253455
253456
253457
253458
253459
253460
253461
253462
253463
253464
253465
253466
253467
253468
253471
253473
253474
253475
253476
253477
253478
253479
253480
253481
253485
253486
253488
253489
253490
253491
253492
253493
253495
253498
253501
253502
253503
253504
253506
253507
253508
253509
253510
253511
253512
253513
253514
253515
253516
253517
253519
253520
253521
253522
253523
253524
253525
253526
253528
253529
253530
253531
253532
253533
253534
253535
253536
253537
253538
253539
253540
253541
253543
253544
253545
253546
253547
253548
253549
253550
253551
253552
253553
253554
253555
253556
253557
253558
253560
253561
253562
253563
253564
253565
253566
253567
253568
253570
253571
253572
253573
253574
253575
253576
253577
253578
253579
253581
253583
253584
253585
253587
253588
253589
253590
253591
253594
253595
253596
253597
253598
253599
253600
253601
253602
253603
253604
253605
253606
253607
253608
253609
253610
253611
253613
253614
253615
253616
253619
253620
253621
253622
253623
253625
253627
253628
253629
253630
253632
253633
253634
253635
253636
253637
253639
253640
253642
253644
253645
253648
253649
253651
253652
253654
253655
253656
253657
253658
253659
253660
253661
253662
253663
253664
253666
253667
253668
253669
253670
253671
253672
253674
253675
253676
253677
253678
253679
253681
253682
253683
253686
253687
253689
253691
253692
253695
253697
253698
253699
253700
253701
253702
253705
253706
253707
253709
253710
253711
253712
253713
253715
253717
253718
253719
253720
253721
253722
253723
253724
253727
253728
253729
253730
253731
253733
253734
253735
253737
253740
253741
253743
253744
253746
253748
253749
253750
253752
253753
253754
253757
253758
253761
253762
253764
253765
253766
253768
253770
253772
253773
253776
253777
253778
253779
253782
253783
253785
253788
253789
253790
253793
253795
253796
253797
253798
253799
253800
253801
253802
253803
253804
253805
253807
253809
253811
253812
253813
253814
253815
253817
253818
253820
253822
253823
253825
253826
253827
253828
253829
253833
253835
253838
253840
253842
253843
253844
253845
253846
253847
253849
253850
253851
253852
253855
253859
253860
253862
253863
253865
253866
253867
253870
253871
253872
253873
253874
253875
253876
253877
253878
253879
253880
253883
253884
253885
253886
253887
253890
253892
253894
253895
253896
253897
253901
253902
253905
253906
253907
253908
253911
253913
253916
253917
253918
253919
253922
253923
253924
253925
253927
253928
253929
253930
253931
253932
253933
253934
253936
253937
253938
253939
253940
253941
253942
253943
253944
253945
253946
253947
253948
253949
253950
253951
253952
253954
253955
253957
253958
253959
253962
253963
253964
253965
253966
253967
253968
253971
253972
253973
253974
253977
253978
253979
253980
253981
253982
253984
253987
253988
253990
253991
253993
253995
253996
253997
253998
253999
254000
254007
254008
254009
254012
254014
254015
254016
254017
254018
254019
254020
254021
254022
254023
254024
254025
254027
254028
254029
254031
254032
254033
254035
254037
254038
254039
254040
254041
254043
254044
254046
254047
254049
254050
254051
254052
254053
254054
254055
254056
254057
254058
254059
254061
254062
254063
254064
254066
254069
254070
254072
254074
254076
254077
254078
254081
254082
254083
254084
254085
254086
254087
254089
254090
254091
254092
254093
254095
254097
254098
254099
254100
254101
254102
254104
254105
254108
254110
254113
254114
254115
254116
254117
254118
254121
254122
254124
254125
254126
254127
254129
254130
254131
254132
254133
254137
254139
254140
254141
254144
254146
254147
254148
254149
254152
254153
254156
254157
254158
254160
254161
254162
254163
254164
254165
254166
254167
254168
254169
254171
254172
254173
254175
254176
254177
254178
254179
254180
254183
254184
254185
254186
254187
254188
254191
254194
254196
254197
254198
254199
254200
254201
254202
254204
254205
254206
254207
254208
254209
254211
254213
254214
254215
254217
254219
254221
254222
254224
254225
254227
254228
254230
254231
254232
254233
254234
254236
254240
254241
254242
254243
254244
254245
254246
254247
254248
254249
254250
254251
254252
254253
254254
254258
254259
254260
254262
254263
254264
254266
254267
254269
254270
254271
254272
254273
254275
254276
254277
254278
254279
254280
254281
254282
254283
254284
254285
254286
254287
254288
254289
254290
254291
254293
254295
254296
254297
254298
254299
254301
254302
254304
254305
254307
254308
254310
254311
254312
254313
254314
254315
254316
254317
254320
254321
254322
254324
254325
254327
254328
254329
254330
254331
254332
254333
254336
254338
254340
254343
254344
254345
254347
254348
254350
254351
254352
254354
254355
254356
254357
254359
254360
254361
254362
254363
254364
254367
254368
254370
254371
254372
254373
254374
254376
254377
254378
254379
254380
254381
254382
254383
254384
254385
254386
254387
254388
254390
254393
254394
254395
254396
254397
254401
254402
254403
254404
254405
254406
254407
254408
254409
254410
254411
254412
254415
254416
254418
254420
254422
254423
254424
254425
254426
254428
254429
254431
254433
254434
254435
254436
254437
254438
254439
254440
254442
254443
254444
254445
254446
254447
254448
254449
254450
254451
254453
254454
254455
254456
254457
254458
254459
254460
254461
254462
254463
254464
254466
254467
254468
254469
254470
254471
254473
254474
254475
254476
254477
254478
254481
254482
254483
254485
254486
254487
254488
254489
254493
254495
254496
254497
254498
254499
254500
254501
254503
254504
254505
254506
254507
254508
254510
254511
254513
254514
254515
254516
254517
254518
254519
254520
254521
254522
254523
254525
254526
254527
254529
254530
254531
254532
254533
254535
254536
254537
254538
254539
254542
254543
254544
254545
254546
254547
254548
254549
254550
254552
254553
254554
254555
254556
254558
254559
254560
254561
254564
254565
254566
254567
254568
254570
254572
254573
254574
254580
254581
254582
254583
254584
254585
254586
254587
254588
254589
254590
254592
254594
254595
254596
254597
254598
254599
254600
254601
254602
254603
254604
254606
254608
254609
254610
254611
254614
254615
254617
254618
254620
254621
254623
254624
254625
254626
254629
254632
254633
254635
254639
254640
254642
254643
254646
254648
254649
254650
254652
254653
254654
254655
254656
254657
254659
254660
254661
254662
254663
254665
254668
254670
254671
254673
254675
254676
254677
254678
254680
254683
254684
254685
254686
254687
254688
254689
254690
254692
254693
254694
254695
254697
254698
254699
254700
254701
254702
254703
254704
254706
254707
254709
254710
254711
254712
254713
254714
254715
254717
254719
254720
254721
254722
254723
254724
254725
254726
254727
254728
254729
254730
254731
254732
254733
254735
254737
254738
254739
254740
254742
254743
254744
254745
254747
254748
254750
254751
254753
254754
254755
254756
254757
254758
254759
254760
254761
254763
254764
254765
254766
254768
254769
254772
254773
254774
254777
254778
254779
254780
254781
254782
254783
254785
254786
254787
254788
254790
254791
254792
254793
254795
254796
254797
254798
254799
254800
254801
254803
254805
254806
254807
254808
254810
254811
254812
254813
254817
254819
254820
254821
254822
254823
254824
254825
254826
254827
254829
254830
254831
254832
254834
254835
254836
254838
254839
254840
254841
254844
254845
254846
254847
254848
254849
254851
254854
254856
254858
254860
254861
254862
254863
254866
254869
254870
254872
254873
254874
254876
254877
254878
254879
254880
254881
254882
254883
254886
254887
254889
254890
254893
254894
254895
254896
254897
254898
254904
254906
254907
254908
254910
254912
254913
254914
254916
254917
254919
254924
254925
254926
254928
254930
254931
254932
254934
254936
254942
254943
254944
254946
254947
254949
254950
254951
254952
254955
254957
254958
254959
254960
254962
254963
254964
254965
254966
254967
254968
254969
254971
254972
254973
254975
254976
254977
254979
254980
254981
254983
254987
254988
254989
254991
254992
254993
254996
254997
254998
254999
255000
255001
255002
255003
255004
255005
255007
255009
255010
255011
255012
255013
255014
255017
255020
255021
255022
255024
255025
255026
255029
255030
255031
255036
255038
255039
255040
255044
255046
255047
255048
255053
255057
255058
255059
255060
255061
255063
255066
255067
255068
255069
255070
255072
255074
255075
255076
255078
255079
255080
255081
255082
255084
255085
255086
255087
255088
255089
255090
255091
255095
255097
255098
255099
255101
255102
255103
255104
255105
255111
255112
255113
255115
255116
255117
255119
255120
255122
255127
255128
255129
255130
255131
255132
255134
255135
255136
255140
255141
255142
255144
255145
255146
255147
255148
255150
255151
255152
255153
255156
255157
255158
255159
255160
255161
255163
255164
255168
255169
255170
255172
255173
255177
255179
255180
255181
255182
255183
255184
255185
255187
255189
255191
255192
255194
255195
255197
255198
255199
255205
255207
255208
255209
255210
255211
255212
255213
255214
255216
255218
255219
255220
255222
255223
255225
255226
255227
255228
255229
255231
255232
255234
255236
255237
255238
255239
255240
255241
255242
255245
255246
255248
255249
255251
255252
255255
255257
255258
255259
255260
255261
255262
255264
255265
255266
255268
255270
255271
255272
255274
255276
255277
255279
255280
255281
255282
255284
255285
255287
255288
255289
255291
255293
255294
255295
255296
255297
255298
255299
255300
255301
255302
255303
255305
255307
255308
255314
255315
255316
255318
255319
255320
255322
255325
255326
255327
255328
255329
255330
255331
255333
255334
255339
255340
255341
255342
255343
255344
255346
255347
255348
255349
255350
255351
255352
255354
255355
255357
255358
255360
255363
255366
255367
255368
255369
255372
255373
255374
255375
255376
255380
255381
255382
255383
255384
255385
255386
255387
255390
255392
255393
255394
255395
255396
255397
255398
255399
255401
255403
255406
255408
255409
255412
255413
255414
255415
255416
255417
255418
255419
255420
255424
255425
255426
255427
255428
255429
255432
255433
255434
255435
255436
255437
255438
255442
255443
255444
255445
255449
255450
255451
255452
255454
255455
255457
255458
255459
255463
255464
255466
255467
255468
255469
255471
255472
255473
255476
255477
255478
255479
255482
255483
255484
255485
255486
255487
255489
255490
255491
255492
255493
255494
255495
255496
255498
255499
255502
255503
255504
255505
255506
255507
255508
255509
255511
255514
255515
255516
255517
255518
255519
255520
255521
255522
255523
255524
255525
255526
255528
255529
255531
255532
255533
255534
255535
255536
255537
255538
255539
255540
255541
255542
255543
255544
255545
255546
255547
255548
255550
255551
255553
255554
255555
255556
255559
255560
255562
255563
255564
255565
255566
255567
255568
255569
255570
255571
255572
255573
255574
255575
255576
255577
255578
255579
255580
255581
255582
255583
255584
255585
255586
255588
255591
255595
255596
255598
255599
255601
255602
255603
255604
255605
255606
255607
255608
255609
255610
255611
255613
255614
255616
255618
255619
255621
255622
255624
255625
255628
255629
255632
255633
255634
255635
255637
255638
255639
255640
255641
255643
255644
255645
255646
255647
255649
255650
255653
255655
255660
255664
255665
255666
255668
255671
255676
255677
255678
255679
255680
255682
255683
255685
255690
255691
255693
255694
255695
255696
255697
255698
255701
255702
255703
255705
255708
255709
255711
255712
255713
255715
255717
255718
255719
255720
255721
255722
255725
255726
255727
255728
255730
255734
255735
255736
255737
255739
255740
255741
255742
255743
255744
255745
255746
255747
255749
255750
255751
255753
255754
255756
255757
255759
255761
255764
255765
255767
255768
255770
255771
255772
255774
255776
255780
255781
255782
255783
255784
255785
255786
255787
255788
255790
255791
255793
255794
255795
255796
255797
255798
255799
255801
255802
255803
255804
255806
255807
255808
255810
255814
255815
255816
255818
255819
255821
255822
255823
255824
255825
255827
255829
255831
255832
255833
255835
255836
255837
255839
255840
255841
255842
255843
255844
255845
255846
255847
255848
255850
255851
255852
255853
255854
255855
255856
255857
255859
255860
255864
255866
255867
255868
255869
255870
255871
255872
255874
255875
255876
255877
255881
255882
255884
255885
255887
255888
255889
255890
255891
255892
255893
255894
255895
255896
255897
255898
255900
255901
255903
255905
255907
255909
255910
255912
255913
255915
255916
255917
255918
255919
255920
255921
255922
255923
255924
255925
255926
255928
255929
255930
255931
255932
255933
255934
255935
255936
255937
255938
255939
255940
255941
255942
255943
255945
255946
255947
255948
255949
255950
255951
255952
255953
255954
255955
255956
255957
255958
255960
255961
255962
255963
255965
255966
255967
255968
255969
255970
255971
255972
255973
255974
255975
255976
255978
255979
255980
255981
255982
255983
255985
255987
255989
255990
255991
255992
255993
255994
255995
255996
255997
255998
255999
256000
256002
256003
256005
256006
256008
256009
256011
256012
256013
256014
256015
256016
256018
256019
256020
256021
256022
256023
256024
256025
256026
256027
256029
256030
256031
256032
256035
256037
256038
256039
256040
256041
256042
256043
256044
256045
256047
256048
256049
256050
256051
256052
256053
256054
256055
256056
256057
256058
256059
256060
256061
256062
256064
256067
256068
256069
256070
256072
256073
256077
256078
256081
256082
256083
256085
256086
256087
256088
256089
256091
256093
256095
256096
256097
256098
256099
256100
256102
256103
256107
256108
256109
256111
256112
256113
256118
256119
256121
256122
256123
256125
256127
256129
256130
256131
256132
256133
256134
256135
256136
256138
256141
256142
256143
256144
256147
256148
256152
256153
256154
256156
256157
256158
256159
256160
256162
256163
256164
256165
256167
256168
256169
256170
256171
256172
256173
256177
256178
256180
256181
256183
256184
256185
256187
256188
256189
256192
256193
256195
256196
256197
256199
256200
256201
256202
256204
256206
256207
256208
256209
256210
256211
256212
256213
256214
256215
256216
256217
256219
256220
256221
256222
256223
256224
256225
256226
256227
256230
256231
256232
256233
256234
256235
256237
256239
256240
256242
256243
256244
256246
256247
256248
256249
256250
256251
256252
256253
256254
256255
256256
256257
256258
256259
256260
256262
256263
256264
256265
256266
256269
256270
256271
256272
256273
256275
256277
256278
256279
256281
256282
256283
256284
256285
256286
256287
256289
256290
256291
256292
256293
256294
256295
256296
256297
256299
256300
256301
256302
256303
256304
256305
256306
256307
256308
256309
256310
256311
256312
256313
256314
256315
256316
256317
256318
256319
256321
256322
256323
256324
256325
256327
256328
256330
256331
256332
256333
256334
256335
256336
256337
256339
256341
256343
256344
256345
256348
256349
256350
256353
256355
256356
256357
256358
256359
256360
256362
256363
256366
256367
256368
256369
256370
256371
256373
256374
256375
256376
256378
256379
256380
256383
256384
256385
256386
256387
256389
256390
256392
256393
256395
256397
256398
256400
256401
256402
256403
256404
256405
256407
256408
256411
256413
256414
256415
256416
256418
256419
256420
256423
256424
256425
256426
256430
256431
256432
256434
256436
256437
256439
256440
256441
256442
256445
256447
256449
256450
256451
256453
256454
256456
256457
256459
256461
256462
256463
256466
256467
256469
256470
256471
256472
256473
256474
256476
256477
256479
256480
256483
256484
256485
256486
256487
256488
256490
256491
256492
256493
256494
256495
256496
256498
256499
256501
256502
256503
256506
256508
256510
256512
256513
256514
256515
256516
256517
256518
256520
256521
256522
256523
256526
256527
256528
256529
256530
256531
256534
256535
256536
256537
256538
256539
256540
256541
256542
256543
256544
256546
256549
256554
256555
256557
256558
256559
256560
256561
256562
256565
256566
256567
256568
256570
256571
256572
256573
256574
256575
256576
256577
256578
256579
256580
256581
256582
256583
256584
256585
256586
256588
256589
256592
256593
256594
256595
256596
256598
256599
256600
256601
256602
256603
256604
256605
256606
256607
256608
256609
256610
256611
256612
256613
256614
256616
256617
256618
256619
256620
256621
256622
256623
256624
256625
256626
256627
256628
256629
256630
256631
256633
256634
256635
256636
256637
256638
256639
256640
256641
256642
256643
256644
256646
256647
256649
256650
256652
256653
256654
256655
256657
256658
256659
256660
256661
256662
256663
256664
256665
256666
256667
256668
256669
256673
256674
256675
256677
256678
256679
256680
256681
256682
256683
256688
256689
256690
256691
256692
256693
256694
256695
256696
256697
256698
256699
256700
256702
256703
256704
256705
256706
256707
256710
256712
256713
256714
256716
256717
256719
256721
256722
256723
256724
256726
256727
256728
256729
256730
256731
256732
256733
256734
256736
256737
256738
256739
256740
256741
256743
256744
256745
256746
256747
256748
256750
256751
256752
256753
256755
256756
256757
256758
256759
256760
256761
256762
256763
256764
256767
256768
256770
256771
256772
256773
256775
256776
256777
256779
256781
256783
256784
256785
256786
256787
256788
256790
256791
256794
256795
256796
256797
256800
256801
256803
256804
256807
256808
256809
256810
256813
256815
256816
256817
256818
256819
256820
256822
256823
256825
256826
256830
256831
256834
256836
256838
256841
256842
256845
256846
256847
256850
256851
256853
256854
256856
256857
256858
256859
256861
256862
256864
256865
256866
256868
256871
256873
256874
256875
256876
256877
256878
256879
256882
256883
256884
256886
256887
256888
256889
256890
256891
256895
256896
256897
256898
256899
256900
256901
256903
256905
256906
256907
256908
256909
256911
256913
256914
256915
256916
256917
256918
256919
256920
256921
256925
256926
256927
256929
256933
256934
256935
256936
256937
256938
256939
256940
256941
256942
256945
256946
256947
256948
256949
256950
256951
256953
256954
256955
256956
256957
256960
256961
256963
256964
256965
256966
256967
256968
256971
256972
256973
256974
256975
256977
256979
256980
256981
256982
256983
256984
256985
256990
256992
256993
256995
256996
256997
256998
256999
257001
257002
257006
257007
257008
257009
257011
257012
257015
257016
257017
257018
257020
257022
257024
257026
257027
257028
257029
257030
257032
257033
257034
257036
257037
257038
257041
257042
257044
257045
257046
257047
257050
257051
257052
257053
257054
257056
257057
257058
257059
257061
257064
257065
257066
257067
257070
257076
257078
257079
257080
257081
257082
257083
257085
257086
257087
257088
257089
257094
257095
257096
257097
257099
257100
257101
257102
257103
257104
257105
257107
257109
257110
257112
257113
257114
257115
257116
257117
257118
257119
257120
257121
257122
257123
257124
257125
257127
257128
257129
257130
257132
257133
257134
257137
257138
257139
257141
257142
257143
257147
257148
257149
257150
257151
257152
257153
257156
257158
257159
257160
257162
257163
257167
257168
257169
257170
257171
257175
257176
257177
257178
257179
257180
257182
257184
257185
257186
257187
257188
257189
257190
257191
257192
257207
257208
257210
257211
257212
257213
257215
257216
257217
257219
257220
257221
257222
257223
257224
257225
257226
257227
257228
257229
257231
257232
257233
257234
257236
257237
257239
257240
257242
257244
257245
257246
257247
257249
257250
257251
257252
257254
257255
257256
257257
257259
257260
257261
257262
257263
257264
257265
257266
257267
257269
257271
257272
257273
257274
257275
257276
257277
257278
257279
257280
257281
257282
257283
257284
257285
257286
257287
257288
257292
257293
257294
257297
257299
257301
257302
257304
257305
257306
257307
257309
257310
257313
257314
257315
257316
257317
257318
257319
257321
257323
257324
257325
257327
257328
257329
257330
257331
257333
257334
257337
257338
257339
257340
257341
257342
257344
257345
257346
257349
257350
257351
257352
257353
257354
257355
257356
257357
257358
257360
257361
257362
257363
257364
257365
257366
257367
257368
257369
257370
257371
257374
257378
257379
257382
257391
257396
257408
257410
257414
257417
257420
257421
257424
257425
257426
257427
257428
257431
257432
257433
257434
257435
257436
257437
257438
257439
257440
257441
257442
257445
257448
257449
257450
257451
257452
257453
257454
257455
257456
257457
257459
257460
257461
257463
257464
257465
257466
257467
257468
257473
257474
257476
257478
257479
257482
257483
257485
257490
257492
257498
257500
257501
257503
257504
257506
257507
257510
257512
257515
257516
257517
257518
257520
257521
257522
257524
257525
257526
257527
257528
257529
257532
257534
257538
257539
257541
257542
257543
257544
257545
257546
257548
257549
257552
257553
257557
257558
257559
257560
257562
257563
257565
257567
257568
257570
257571
257572
257573
257574
257575
257577
257578
257579
257580
257582
257583
257584
257585
257586
257587
257588
257589
257590
257591
257592
257593
257596
257597
257598
257599
257600
257601
257602
257603
257606
257607
257608
257610
257611
257612
257614
257615
257617
257619
257620
257621
257624
257626
257627
257629
257631
257632
257633
257634
257636
257637
257638
257640
257641
257642
257643
257644
257645
257647
257648
257649
257650
257651
257654
257655
257656
257657
257658
257660
257665
257666
257667
257668
257669
257670
257671
257673
257674
257675
257678
257679
257681
257682
257684
257685
257686
257687
257688
257689
257692
257693
257694
257696
257698
257701
257702
257703
257706
257707
257708
257709
257711
257712
257713
257714
257716
257718
257721
257722
257723
257724
257725
257726
257727
257728
257730
257731
257733
257734
257735
257736
257737
257740
257741
257742
257745
257746
257747
257748
257749
257751
257752
257753
257754
257756
257757
257758
257760
257761
257762
257763
257764
257765
257766
257767
257770
257771
257772
257773
257774
257776
257777
257780
257781
257783
257785
257786
257787
257788
257789
257791
257792
257793
257795
257796
257797
257798
257799
257801
257804
257805
257806
257807
257808
257809
257810
257811
257812
257813
257814
257816
257817
257818
257819
257820
257822
257823
257824
257825
257827
257828
257829
257831
257832
257833
257834
257835
257836
257837
257839
257840
257841
257842
257843
257844
257845
257846
257849
257851
257852
257854
257857
257858
257859
257861
257862
257863
257865
257866
257867
257868
257869
257870
257871
257872
257874
257875
257876
257877
257879
257880
257881
257883
257884
257885
257886
257887
257888
257890
257891
257892
257893
257894
257895
257897
257898
257900
257901
257902
257903
257904
257905
257909
257910
257911
257912
257913
257914
257915
257916
257920
257922
257923
257926
257927
257928
257929
257930
257931
257932
257933
257934
257935
257936
257937
257938
257939
257942
257943
257944
257945
257949
257950
257951
257952
257953
257954
257955
257956
257957
257958
257960
257961
257963
257964
257966
257969
257972
257973
257975
257976
257977
257978
257980
257981
257982
257983
257984
257985
257986
257988
257989
257991
257992
257993
257994
257995
257996
257997
257998
257999
258000
258001
258002
258003
258006
258007
258008
258009
258010
258011
258012
258013
258016
258017
258020
258021
258022
258023
258024
258025
258026
258027
258028
258029
258030
258031
258033
258035
258036
258037
258038
258044
258045
258046
258048
258049
258050
258052
258053
258054
258055
258056
258057
258058
258059
258061
258062
258063
258064
258066
258068
258070
258073
258075
258076
258077
258080
258082
258083
258085
258086
258087
258088
258089
258092
258093
258097
258099
258100
258102
258103
258104
258105
258106
258107
258108
258109
258110
258112
258113
258114
258117
258118
258120
258121
258122
258124
258125
258126
258127
258128
258130
258132
258133
258134
258135
258136
258137
258139
258140
258141
258142
258143
258144
258146
258149
258150
258151
258152
258153
258155
258158
258159
258161
258162
258163
258165
258166
258167
258168
258169
258170
258171
258172
258173
258174
258175
258176
258177
258178
258179
258180
258183
258184
258185
258186
258187
258188
258189
258190
258191
258192
258193
258195
258196
258197
258198
258199
258201
258203
258205
258206
258207
258208
258209
258211
258212
258213
258214
258215
258218
258219
258220
258221
258223
258224
258229
258232
258233
258235
258236
258237
258238
258240
258242
258244
258245
258246
258249
258250
258251
258252
258253
258255
258256
258258
258260
258261
258262
258263
258264
258265
258266
258267
258268
258269
258270
258271
258272
258273
258276
258277
258279
258280
258281
258282
258283
258284
258287
258289
258290
258291
258292
258293
258294
258296
258297
258298
258299
258300
258301
258302
258303
258304
258306
258307
258308
258309
258310
258311
258313
258314
258315
258317
258318
258319
258321
258322
258324
258327
258328
258329
258330
258331
258334
258335
258336
258337
258338
258339
258340
258341
258343
258344
258345
258346
258347
258350
258351
258352
258353
258354
258355
258356
258357
258358
258359
258360
258361
258363
258364
258366
258367
258368
258369
258370
258371
258373
258374
258376
258377
258378
258379
258380
258381
258382
258383
258384
258386
258387
258388
258390
258391
258392
258393
258394
258397
258398
258399
258400
258401
258402
258403
258404
258405
258407
258408
258410
258411
258412
258413
258414
258415
258416
258417
258418
258420
258421
258422
258423
258424
258425
258426
258427
258428
258429
258431
258432
258434
258435
258436
258438
258439
258440
258441
258442
258443
258446
258447
258449
258452
258453
258454
258455
258457
258459
258461
258462
258463
258465
258466
258470
258472
258473
258475
258476
258477
258478
258479
258482
258484
258485
258487
258488
258489
258490
258491
258494
258495
258496
258497
258498
258499
258500
258501
258502
258503
258504
258505
258506
258507
258508
258509
258510
258511
258513
258515
258516
258517
258518
258519
258520
258521
258522
258524
258525
258526
258527
258528
258529
258530
258531
258532
258533
258534
258535
258536
258537
258539
258540
258541
258543
258544
258545
258546
258547
258548
258549
258550
258551
258553
258554
258556
258557
258558
258559
258561
258563
258564
258566
258568
258569
258570
258571
258572
258574
258575
258576
258577
258579
258582
258583
258584
258585
258586
258587
258588
258590
258592
258595
258596
258598
258599
258600
258601
258603
258604
258605
258607
258608
258609
258610
258611
258616
258617
258618
258619
258620
258623
258625
258626
258630
258632
258633
258634
258635
258637
258638
258639
258641
258643
258644
258645
258647
258648
258649
258650
258652
258653
258654
258655
258657
258658
258659
258661
258662
258664
258665
258667
258668
258671
258672
258673
258674
258675
258678
258679
258680
258681
258682
258687
258688
258689
258690
258691
258692
258693
258694
258696
258697
258699
258700
258701
258703
258704
258705
258706
258707
258709
258710
258712
258713
258714
258715
258716
258718
258719
258720
258722
258724
258726
258727
258728
258729
258730
258731
258732
258733
258735
258736
258737
258738
258740
258741
258742
258743
258744
258745
258746
258748
258749
258750
258751
258752
258753
258754
258756
258757
258758
258759
258761
258763
258764
258765
258766
258767
258768
258769
258771
258772
258773
258774
258775
258776
258777
258779
258780
258781
258784
258786
258790
258791
258792
258793
258794
258795
258797
258798
258799
258800
258801
258802
258803
258805
258806
258807
258810
258813
258815
258816
258817
258820
258821
258823
258824
258825
258828
258830
258832
258833
258834
258835
258837
258838
258839
258840
258841
258843
258845
258846
258848
258849
258850
258851
258852
258853
258854
258855
258856
258858
258861
258862
258863
258865
258868
258869
258870
258871
258872
258873
258874
258875
258876
258878
258880
258881
258882
258883
258886
258887
258888
258890
258891
258894
258898
258900
258901
258902
258903
258904
258906
258908
258909
258910
258911
258913
258914
258915
258918
258919
258920
258921
258922
258925
258926
258927
258928
258930
258931
258934
258935
258936
258937
258939
258940
258943
258944
258945
258946
258947
258948
258949
258950
258951
258953
258954
258957
258958
258959
258960
258961
258962
258965
258966
258968
258969
258971
258974
258975
258976
258977
258979
258980
258983
258984
258986
258988
258989
258991
258992
258995
258996
258997
259000
259001
259002
259004
259005
259006
259009
259010
259011
259012
259013
259014
259015
259016
259017
259018
259021
259022
259025
259026
259027
259028
259030
259032
259034
259035
259036
259037
259038
259039
259041
259042
259043
259044
259045
259046
259048
259049
259050
259051
259052
259054
259055
259057
259062
259064
259065
259066
259067
259070
259072
259075
259076
259077
259081
259082
259084
259085
259086
259087
259089
259092
259093
259094
259095
259096
259099
259100
259102
259103
259104
259105
259106
259107
259108
259109
259110
259111
259113
259114
259116
259119
259124
259125
259126
259127
259129
259130
259131
259133
259135
259136
259138
259140
259141
259142
259143
259144
259149
259150
259151
259152
259153
259154
259155
259156
259157
259158
259159
259160
259162
259164
259165
259166
259168
259169
259170
259171
259172
259173
259175
259177
259178
259180
259181
259182
259183
259186
259187
259188
259191
259192
259195
259196
259197
259198
259200
259201
259204
259205
259206
259207
259208
259210
259212
259213
259214
259215
259216
259217
259219
259220
259222
259224
259227
259229
259230
259231
259232
259235
259236
259237
259238
259239
259241
259242
259243
259244
259246
259247
259249
259250
259251
259252
259255
259256
259257
259258
259259
259260
259261
259262
259263
259266
259268
259269
259270
259271
259272
259273
259274
259275
259276
259277
259278
259279
259280
259281
259282
259283
259287
259289
259290
259291
259293
259294
259295
259296
259297
259298
259302
259303
259304
259305
259307
259308
259309
259310
259311
259312
259313
259314
259315
259317
259318
259319
259320
259322
259323
259324
259326
259327
259328
259329
259331
259332
259334
259335
259337
259339
259340
259341
259344
259345
259349
259351
259352
259354
259355
259358
259359
259363
259364
259365
259366
259367
259368
259369
259372
259374
259375
259376
259377
259378
259379
259380
259381
259382
259383
259384
259385
259387
259389
259390
259391
259392
259393
259398
259400
259401
259403
259404
259405
259406
259407
259408
259409
259410
259411
259412
259413
259414
259415
259417
259418
259419
259420
259421
259422
259424
259426
259428
259429
259431
259432
259433
259434
259435
259436
259437
259438
259439
259441
259442
259443
259444
259445
259446
259447
259449
259451
259452
259454
259456
259457
259458
259459
259460
259461
259462
259463
259464
259465
259466
259467
259468
259469
259470
259471
259473
259474
259476
259477
259478
259479
259480
259481
259482
259484
259485
259486
259487
259488
259489
259490
259491
259492
259493
259494
259496
259497
259501
259502
259503
259504
259505
259506
259507
259508
259509
259510
259511
259512
259513
259514
259516
259517
259518
259519
259520
259521
259522
259524
259525
259526
259527
259528
259529
259530
259531
259532
259533
259534
259535
259536
259537
259538
259539
259541
259542
259543
259544
259546
259547
259548
259549
259550
259551
259552
259553
259555
259556
259557
259558
259560
259562
259563
259564
259565
259566
259567
259568
259570
259571
259572
259573
259574
259575
259576
259578
259579
259580
259581
259582
259586
259589
259590
259592
259593
259594
259595
259596
259598
259600
259601
259603
259604
259605
259606
259607
259608
259609
259610
259611
259612
259613
259614
259615
259616
259617
259618
259619
259620
259621
259623
259624
259626
259627
259628
259629
259631
259632
259633
259635
259637
259638
259639
259640
259641
259642
259644
259645
259646
259647
259649
259650
259651
259652
259653
259654
259655
259656
259657
259658
259659
259660
259661
259662
259663
259664
259665
259666
259667
259668
259669
259671
259672
259673
259674
259676
259677
259678
259680
259681
259683
259685
259686
259687
259688
259690
259691
259692
259693
259694
259695
259696
259700
259702
259706
259708
259711
259713
259714
259715
259716
259717
259718
259719
259720
259721
259722
259723
259726
259727
259729
259730
259732
259733
259734
259735
259736
259737
259738
259739
259740
259741
259742
259743
259744
259745
259747
259748
259749
259750
259751
259755
259757
259758
259759
259760
259761
259763
259764
259767
259769
259770
259771
259772
259774
259775
259776
259777
259778
259779
259780
259781
259782
259783
259784
259785
259786
259788
259790
259792
259796
259799
259801
259806
259807
259808
259810
259812
259813
259816
259818
259820
259822
259824
259825
259826
259827
259830
259836
259837
259838
259839
259841
259842
259845
259846
259847
259848
259850
259851
259852
259854
259856
259857
259859
259860
259861
259862
259863
259865
259867
259873
259874
259875
259876
259877
259878
259879
259881
259882
259884
259885
259887
259888
259889
259890
259892
259893
259894
259895
259896
259897
259899
259901
259902
259903
259904
259906
259907
259909
259910
259914
259917
259918
259919
259921
259922
259924
259925
259926
259929
259930
259931
259932
259934
259935
259936
259937
259940
259942
259944
259945
259946
259947
259949
259951
259952
259953
259954
259955
259958
259959
259960
259961
259962
259963
259964
259966
259967
259968
259969
259973
259975
259976
259978
259979
259980
259981
259982
259983
259984
259988
259989
259990
259991
259992
259993
259994
259995
259997
259998
260000
260004
260005
260006
260009
260010
260011
260012
260013
260015
260016
260017
260018
260021
260022
260023
260024
260026
260027
260029
260030
260031
260032
260034
260036
260037
260038
260039
260040
260041
260042
260043
260044
260045
260046
260047
260048
260049
260050
260051
260053
260057
260059
260060
260061
260066
260067
260068
260069
260071
260073
260074
260075
260077
260078
260080
260081
260083
260084
260086
260088
260089
260090
260091
260092
260093
260094
260096
260097
260101
260102
260103
260104
260105
260106
260107
260108
260109
260110
260111
260112
260113
260115
260117
260119
260120
260122
260123
260124
260126
260127
260128
260129
260130
260131
260132
260134
260135
260137
260138
260139
260142
260143
260144
260145
260146
260147
260148
260149
260150
260151
260152
260153
260154
260155
260156
260157
260158
260159
260160
260161
260162
260163
260164
260165
260166
260167
260168
260169
260171
260172
260173
260174
260176
260178
260179
260180
260181
260182
260183
260184
260185
260186
260187
260189
260191
260192
260193
260194
260196
260197
260198
260199
260200
260202
260204
260205
260208
260209
260210
260213
260214
260215
260217
260218
260219
260220
260221
260222
260223
260224
260225
260227
260228
260231
260233
260234
260235
260236
260237
260238
260239
260240
260241
260242
260244
260245
260246
260248
260249
260250
260251
260252
260253
260254
260255
260256
260257
260258
260259
260261
260262
260266
260269
260271
260272
260273
260274
260278
260279
260280
260281
260282
260283
260284
260286
260287
260288
260289
260294
260295
260298
260299
260300
260303
260304
260305
260307
260314
260315
260316
260317
260319
260320
260322
260325
260327
260330
260331
260332
260333
260334
260336
260337
260338
260339
260341
260342
260343
260344
260345
260346
260348
260349
260350
260352
260353
260354
260355
260356
260359
260360
260361
260362
260363
260364
260365
260366
260367
260368
260369
260371
260373
260374
260376
260379
260380
260381
260382
260383
260384
260385
260387
260388
260389
260390
260391
260393
260394
260396
260398
260399
260400
260401
260402
260406
260408
260410
260411
260413
260414
260415
260416
260417
260418
260419
260420
260424
260427
260429
260430
260431
260434
260435
260436
260439
260440
260441
260442
260443
260445
260446
260447
260448
260449
260450
260451
260452
260453
260454
260456
260457
260459
260460
260461
260462
260463
260465
260466
260468
260469
260470
260471
260473
260475
260476
260477
260478
260479
260480
260483
260484
260486
260488
260489
260491
260493
260494
260495
260496
260497
260498
260499
260500
260501
260502
260503
260504
260505
260507
260508
260509
260510
260511
260512
260513
260514
260515
260516
260517
260518
260519
260520
260521
260522
260523
260524
260525
260526
260527
260529
260531
260532
260533
260534
260535
260536
260537
260538
260539
260540
260541
260542
260543
260546
260547
260549
260550
260553
260555
260556
260559
260560
260561
260562
260563
260564
260565
260566
260567
260569
260570
260571
260572
260573
260574
260576
260577
260578
260579
260580
260581
260582
260586
260587
260588
260589
260590
260591
260592
260593
260597
260598
260599
260600
260601
260603
260605
260606
260607
260608
260609
260610
260611
260612
260613
260615
260616
260617
260618
260619
260621
260622
260623
260624
260626
260627
260628
260629
260631
260632
260633
260635
260636
260637
260638
260639
260640
260641
260642
260643
260646
260647
260648
260649
260651
260653
260654
260655
260657
260659
260660
260662
260663
260664
260666
260667
260672
260673
260674
260675
260676
260677
260678
260679
260680
260681
260682
260683
260684
260685
260686
260687
260689
260690
260691
260693
260694
260696
260697
260700
260702
260703
260705
260707
260708
260709
260710
260711
260712
260713
260714
260715
260716
260717
260718
260719
260720
260721
260722
260723
260724
260727
260728
260729
260730
260731
260732
260733
260735
260737
260739
260740
260742
260743
260744
260749
260750
260751
260752
260753
260755
260757
260758
260759
260761
260762
260763
260764
260765
260766
260767
260768
260769
260770
260771
260772
260773
260774
260775
260776
260777
260779
260780
260781
260782
260783
260784
260785
260786
260787
260789
260790
260791
260792
260793
260794
260795
260796
260797
260798
260799
260800
260802
260804
260805
260806
260807
260809
260810
260811
260812
260813
260815
260816
260818
260819
260820
260821
260822
260823
260824
260825
260826
260828
260829
260834
260835
260836
260837
260838
260840
260841
260842
260845
260846
260847
260848
260851
260853
260854
260855
260856
260857
260858
260859
260860
260861
260862
260864
260865
260866
260867
260868
260869
260871
260872
260873
260874
260878
260879
260880
260882
260883
260884
260885
260886
260887
260889
260890
260891
260892
260894
260895
260897
260898
260899
260900
260901
260902
260903
260905
260907
260908
260909
260910
260911
260912
260913
260914
260915
260917
260918
260919
260920
260921
260922
260923
260925
260926
260928
260929
260930
260931
260933
260934
260935
260936
260937
260938
260939
260940
260941
260942
260943
260944
260947
260948
260949
260950
260951
260952
260953
260954
260955
260957
260958
260959
260960
260961
260962
260963
260964
260965
260966
260967
260968
260970
260971
260972
260976
260977
260978
260981
260982
260984
260985
260987
260990
260991
260992
260993
260995
260996
260997
260998
261000
261001
261003
261008
261009
261010
261012
261015
261016
261017
261019
261020
261024
261026
261027
261029
261030
261031
261032
261033
261035
261038
261039
261040
261041
261042
261044
261045
261046
261048
261049
261050
261051
261052
261054
261055
261057
261058
261060
261061
261062
261063
261064
261065
261066
261069
261070
261071
261072
261075
261076
261077
261079
261080
261081
261082
261083
261086
261087
261091
261092
261093
261094
261095
261096
261097
261098
261099
261100
261102
261104
261105
261107
261108
261110
261111
261112
261115
261116
261117
261118
261119
261120
261122
261123
261124
261128
261132
261133
261134
261135
261136
261137
261138
261139
261140
261141
261143
261144
261145
261146
261147
261148
261149
261150
261155
261156
261157
261158
261160
261162
261167
261168
261169
261170
261174
261176
261179
261180
261181
261182
261183
261184
261185
261186
261187
261188
261189
261190
261191
261193
261194
261195
261196
261198
261199
261200
261202
261203
261204
261206
261207
261208
261209
261211
261212
261214
261217
261219
261221
261222
261224
261225
261226
261227
261229
261231
261232
261233
261235
261236
261237
261238
261239
261240
261241
261245
261247
261248
261249
261250
261251
261252
261253
261254
261255
261256
261257
261258
261259
261260
261261
261262
261263
261264
261265
261268
261269
261270
261271
261272
261273
261274
261275
261276
261277
261278
261279
261281
261283
261284
261285
261286
261287
261289
261290
261291
261292
261293
261295
261296
261297
261298
261302
261306
261308
261310
261312
261313
261314
261315
261318
261319
261320
261321
261322
261323
261324
261325
261326
261327
261328
261329
261330
261331
261332
261333
261335
261336
261338
261339
261340
261342
261343
261344
261347
261349
261350
261351
261352
261353
261354
261355
261356
261357
261358
261362
261363
261364
261365
261366
261367
261368
261369
261370
261371
261375
261376
261377
261378
261380
261382
261383
261384
261385
261386
261387
261388
261389
261390
261391
261394
261395
261396
261398
261399
261400
261401
261402
261404
261406
261407
261410
261411
261412
261414
261415
261416
261417
261418
261419
261422
261423
261428
261429
261430
261431
261432
261433
261434
261435
261436
261437
261439
261440
261442
261443
261444
261448
261450
261451
261452
261453
261454
261455
261456
261458
261459
261460
261461
261462
261465
261467
261468
261470
261472
261473
261474
261475
261476
261477
261478
261479
261480
261481
261482
261483
261484
261485
261486
261487
261489
261490
261491
261492
261494
261495
261496
261497
261498
261499
261501
261502
261503
261504
261505
261506
261507
261508
261509
261511
261512
261513
261514
261517
261518
261519
261520
261521
261523
261524
261525
261526
261527
261528
261530
261532
261534
261535
261536
261537
261540
261541
261543
261544
261545
261546
261547
261548
261550
261553
261554
261555
261556
261557
261558
261559
261560
261563
261566
261567
261568
261569
261570
261571
261572
261573
261575
261576
261578
261581
261582
261583
261584
261585
261586
261587
261589
261590
261592
261594
261595
261596
261597
261599
261600
261601
261604
261605
261607
261608
261610
261611
261612
261613
261614
261615
261621
261622
261624
261627
261628
261629
261630
261631
261632
261634
261635
261636
261639
261640
261642
261644
261645
261646
261647
261648
261651
261652
261653
261654
261655
261656
261657
261658
261660
261661
261662
261663
261664
261667
261668
261670
261671
261672
261673
261674
261675
261676
261678
261679
261680
261681
261682
261683
261685
261686
261687
261688
261689
261690
261692
261693
261696
261697
261698
261699
261701
261702
261704
261706
261707
261708
261711
261716
261717
261720
261721
261722
261723
261724
261725
261726
261728
261729
261730
261732
261733
261734
261735
261736
261739
261741
261742
261743
261746
261747
261749
261750
261751
261752
261753
261754
261756
261757
261758
261759
261762
261765
261766
261767
261768
261769
261770
261771
261775
261776
261777
261778
261782
261783
261784
261785
261786
261790
261792
261793
261794
261795
261796
261799
261800
261801
261802
261803
261804
261805
261806
261808
261809
261810
261813
261816
261818
261820
261822
261824
261826
261827
261828
261829
261830
261831
261832
261833
261834
261835
261838
261839
261840
261841
261842
261843
261844
261845
261847
261849
261850
261851
261852
261853
261854
261855
261857
261859
261860
261861
261862
261863
261865
261866
261867
261868
261869
261870
261871
261872
261873
261874
261875
261877
261878
261880
261882
261885
261886
261887
261888
261889
261890
261891
261892
261893
261894
261895
261896
261897
261898
261899
261900
261901
261902
261903
261906
261907
261909
261910
261911
261912
261914
261915
261916
261917
261918
261919
261920
261921
261922
261923
261924
261925
261926
261927
261928
261929
261930
261931
261932
261933
261936
261937
261939
261940
261941
261942
261945
261946
261947
261948
261951
261952
261953
261954
261955
261956
261957
261959
261960
261961
261962
261963
261964
261965
261966
261967
261970
261971
261975
261976
261978
261979
261980
261981
261982
261983
261984
261986
261987
261988
261989
261990
261991
261992
261994
261996
261999
262001
262003
262005
262006
262008
262009
262010
262011
262013
262014
262015
262016
262017
262018
262019
262021
262022
262023
262024
262025
262026
262027
262028
262030
262031
262032
262034
262035
262036
262037
262038
262039
262040
262042
262043
262044
262045
262046
262048
262050
262051
262053
262054
262055
262056
262057
262058
262059
262060
262061
262063
262064
262066
262068
262069
262072
262074
262075
262076
262078
262079
262080
262081
262082
262083
262085
262087
262089
262090
262091
262092
262093
262094
262096
262097
262098
262099
262101
262104
262105
262107
262108
262109
262110
262111
262112
262113
262114
262116
262117
262118
262119
262120
262121
262122
262125
262126
262127
262128
262130
262132
262133
262134
262135
262137
262138
262139
262141
262142
262145
262146
262147
262150
262151
262152
262153
262154
262155
262157
262158
262159
262160
262161
262163
262164
262166
262167
262168
262169
262170
262171
262172
262175
262176
262177
262179
262180
262185
262186
262187
262189
262190
262191
262192
262193
262195
262196
262197
262198
262199
262200
262202
262203
262204
262206
262207
262209
262210
262211
262214
262215
262216
262217
262220
262221
262222
262223
262224
262225
262226
262227
262230
262231
262232
262233
262234
262235
262236
262237
262238
262240
262241
262242
262243
262244
262245
262246
262247
262248
262249
262251
262252
262255
262256
262257
262258
262260
262261
262262
262265
262266
262268
262269
262270
262271
262272
262274
262275
262277
262279
262280
262281
262282
262283
262285
262286
262287
262288
262289
262290
262291
262292
262293
262294
262297
262298
262300
262301
262304
262305
262306
262307
262308
262309
262310
262312
262313
262315
262316
262319
262322
262323
262325
262327
262328
262329
262331
262332
262333
262334
262335
262336
262337
262338
262339
262342
262343
262344
262345
262346
262347
262349
262350
262351
262352
262354
262355
262357
262358
262359
262360
262361
262362
262363
262364
262366
262367
262369
262370
262371
262372
262373
262374
262375
262376
262377
262380
262381
262383
262384
262385
262386
262388
262389
262391
262393
262394
262395
262396
262398
262399
262400
262401
262403
262404
262406
262407
262408
262409
262410
262411
262412
262413
262414
262415
262417
262419
262420
262423
262424
262425
262426
262427
262428
262429
262430
262431
262432
262433
262437
262440
262441
262442
262443
262445
262446
262447
262448
262450
262451
262452
262454
262456
262459
262460
262461
262462
262464
262465
262466
262467
262470
262471
262472
262473
262474
262475
262476
262477
262478
262479
262480
262481
262482
262483
262485
262486
262487
262489
262491
262492
262493
262494
262495
262497
262498
262499
262500
262502
262505
262507
262508
262509
262510
262512
262513
262514
262515
262516
262518
262519
262520
262522
262523
262524
262525
262526
262527
262528
262529
262531
262533
262534
262535
262536
262537
262538
262539
262540
262541
262544
262545
262546
262548
262550
262551
262552
262553
262556
262557
262559
262561
262562
262564
262565
262568
262569
262570
262571
262572
262574
262578
262579
262580
262581
262582
262583
262584
262585
262586
262587
262588
262591
262594
262595
262596
262597
262598
262600
262601
262603
262604
262605
262609
262610
262611
262612
262613
262617
262618
262620
262621
262622
262627
262628
262629
262630
262631
262632
262633
262634
262638
262639
262640
262641
262643
262644
262646
262647
262648
262649
262650
262651
262652
262654
262655
262656
262658
262659
262660
262661
262662
262663
262664
262665
262666
262667
262668
262669
262670
262672
262674
262676
262678
262679
262680
262681
262682
262683
262684
262685
262686
262688
262689
262690
262691
262692
262693
262694
262695
262696
262697
262699
262702
262703
262704
262706
262708
262709
262710
262711
262712
262713
262715
262717
262718
262719
262720
262721
262722
262725
262727
262728
262729
262732
262733
262734
262736
262737
262738
262739
262744
262745
262746
262747
262748
262750
262751
262752
262753
262757
262758
262760
262761
262762
262766
262767
262768
262769
262770
262771
262772
262775
262776
262777
262780
262781
262782
262783
262784
262786
262787
262788
262789
262791
262792
262793
262794
262795
262796
262797
262798
262800
262802
262803
262804
262805
262806
262807
262809
262810
262811
262812
262813
262816
262817
262819
262820
262821
262823
262825
262826
262828
262829
262830
262832
262833
262834
262836
262837
262838
262839
262840
262841
262843
262844
262845
262846
262847
262848
262849
262850
262851
262852
262853
262854
262857
262858
262859
262861
262862
262863
262864
262865
262866
262867
262868
262870
262872
262874
262875
262876
262877
262878
262879
262880
262881
262882
262884
262885
262886
262887
262888
262889
262890
262892
262893
262894
262895
262896
262897
262898
262900
262901
262905
262906
262907
262909
262910
262911
262913
262915
262916
262917
262921
262922
262923
262924
262925
262926
262928
262929
262930
262931
262933
262934
262935
262936
262938
262940
262941
262943
262944
262946
262947
262948
262950
262952
262953
262954
262955
262957
262958
262959
262960
262961
262963
262964
262966
262967
262968
262969
262970
262972
262973
262974
262975
262976
262978
262980
262981
262982
262983
262984
262985
262986
262987
262988
262990
262992
262994
262995
262996
262997
262998
262999
263001
263003
263004
263005
263006
263007
263009
263010
263011
263014
263015
263016
263017
263020
263021
263022
263023
263024
263026
263028
263030
263032
263033
263034
263035
263038
263039
263041
263042
263044
263045
263046
263047
263048
263050
263051
263052
263053
263054
263055
263056
263057
263058
263059
263060
263061
263062
263064
263065
263068
263069
263070
263071
263072
263073
263076
263079
263081
263082
263083
263084
263085
263088
263089
263090
263091
263093
263094
263095
263098
263099
263100
263101
263103
263104
263105
263106
263107
263108
263109
263110
263111
263112
263113
263116
263117
263118
263119
263120
263121
263123
263124
263125
263127
263128
263129
263131
263132
263133
263134
263135
263136
263137
263138
263139
263140
263141
263142
263143
263145
263146
263147
263149
263150
263151
263152
263154
263155
263156
263157
263159
263161
263162
263163
263165
263167
263168
263169
263170
263171
263172
263173
263174
263175
263176
263177
263178
263179
263180
263182
263183
263184
263185
263186
263189
263190
263192
263194
263195
263196
263197
263198
263200
263201
263202
263204
263205
263206
263207
263208
263210
263211
263214
263215
263216
263218
263219
263220
263222
263223
263224
263225
263227
263228
263229
263230
263231
263232
263233
263234
263235
263236
263237
263238
263239
263240
263241
263242
263243
263244
263246
263247
263248
263249
263251
263252
263253
263254
263255
263256
263258
263260
263261
263262
263263
263264
263265
263266
263267
263268
263269
263270
263271
263273
263276
263278
263279
263280
263281
263283
263284
263285
263286
263288
263289
263290
263291
263292
263294
263296
263298
263299
263300
263301
263304
263306
263309
263311
263312
263314
263315
263317
263318
263319
263321
263322
263323
263324
263325
263326
263327
263328
263329
263330
263331
263333
263334
263335
263336
263337
263339
263344
263345
263346
263347
263348
263350
263351
263352
263353
263355
263356
263357
263358
263359
263360
263362
263363
263365
263366
263367
263368
263369
263370
263373
263374
263375
263376
263377
263378
263379
263381
263384
263385
263386
263387
263388
263389
263390
263392
263393
263395
263396
263397
263398
263400
263401
263402
263403
263404
263405
263406
263407
263408
263409
263411
263412
263414
263418
263420
263421
263424
263425
263427
263428
263429
263430
263431
263434
263435
263437
263438
263439
263440
263443
263444
263445
263446
263447
263448
263450
263451
263453
263455
263456
263458
263459
263460
263463
263464
263465
263467
263468
263469
263470
263473
263474
263476
263477
263478
263480
263481
263482
263483
263484
263485
263487
263488
263489
263491
263492
263493
263494
263497
263498
263499
263500
263501
263502
263503
263504
263505
263507
263508
263509
263511
263512
263513
263515
263518
263519
263522
263523
263524
263527
263528
263529
263530
263531
263533
263534
263535
263536
263537
263538
263539
263540
263541
263542
263543
263545
263547
263548
263549
263550
263551
263552
263553
263556
263557
263558
263559
263560
263561
263563
263564
263565
263566
263567
263568
263569
263570
263571
263572
263574
263576
263578
263580
263581
263582
263583
263584
263586
263587
263588
263589
263590
263593
263594
